
0.42495197142857144
0.1843779714285714
-0.8699597428571428
1.0543377142857142
0.240574
2.730769230769231

0.1300801285714286
0.03267628571428571
-0.16628255714285714
0.19895884285714285
0.09740384285714285
3.2857142857142856

0.10610308571428571
0.03896801428571429
-0.153881
0.19284901428571427
0.06713507142857143
3.5

0.0970514
0.029845614285714285
-0.11435155714285714
0.1441971714285714
0.0672057857142857
3.5

0.1533628142857143
0.06314105714285714
-0.13129294285714285
0.194434
0.09022175714285714
3.6842105263157894

0.09749117142857143
0.0284881
-0.1130411
0.14152920000000002
0.06900307142857144
7.0

0.08789087142857142
0.025041514285714286
-0.10130252857142857
0.12634404285714287
0.06284935714285715
6.363636363636363

0.11471311428571429
0.018911471428571427
-0.09768182857142857
0.1165933
0.09580164285714285
3.5

0.05989797142857143
0.015498557142857142
-0.0831614
0.09865995714285714
0.044399414285714284
3.5

0.060959400000000004
0.01866097142857143
-0.08937818571428571
0.10803915714285715
0.04229842857142857
3.3333333333333335
