
0.3871042142857143
0.19762222857142855
-0.30822802857142856
0.5058502571428571
0.18948198571428573
2.730769230769231

0.13766689999999998
0.04766468571428571
-0.1668179
0.21448258571428572
0.0900022142857143
3.2857142857142856

0.10487507142857143
0.037739414285714284
-0.1540137
0.1917531142857143
0.06713565714285714
3.5

86.1228596
85.75323274285714
-0.12719577142857144
85.88042851428571
0.36962685714285715
5.176470588235294

1.6133390428571428
0.11457401428571429
-0.11649084285714285
0.23106485714285713
1.4987650285714285
29.5

1.981245842857143
0.1087909
-0.1320429
0.2408338
1.8724549428571429
63.0

11.082679228571427
0.10356815714285715
-0.1477396
0.25130775714285714
10.979111071428571
74.0

2.4315461857142857
0.21222111428571427
-0.3407028142857143
0.5529239285714285
2.2193250714285715
11.0

1.3200028714285714
0.054370942857142855
-0.35157745714285715
0.40594840000000004
1.2656319285714286
15.4

1.1370274714285715
0.05424427142857143
-0.4346339285714286
0.4888782
1.0827832
10.5
