
0.39884827142857143
0.221201
-0.2854372857142857
0.5066382857142857
0.17764727142857142
2.730769230769231

0.1091837857142857
0.031020114285714284
-0.1233873
0.15440741428571428
0.07816367142857143
3.2857142857142856

0.10894838571428572
0.046107942857142856
-0.13151034285714286
0.1776182857142857
0.06284044285714285
3.5

0.22010907142857142
0.037761199999999995
-0.11058711428571429
0.1483483142857143
0.18234787142857145
3.5

0.13153025714285715
0.02648397142857143
-0.14590077142857144
0.17238474285714284
0.10504628571428572
3.6842105263157894

0.09218960000000001
0.0329489
-0.100672
0.1336209
0.0592407
7.0

0.07987774285714286
0.025668285714285713
-0.0964242142857143
0.1220925
0.054209457142857145
6.363636363636363

0.07751612857142857
0.020099757142857142
-0.08836367142857142
0.10846342857142857
0.05741637142857143
3.5

0.12347037142857142
0.01747347142857143
-0.08379981428571429
0.1012732857142857
0.10599689999999999
3.5

0.08469718571428572
0.015126328571428573
-0.08206495714285714
0.09719128571428572
0.06957085714285714
3.3333333333333335
