
0.22951594285714286
0.05310387142857143
-0.5099183285714285
0.5630221999999999
0.17641207142857143
2.730769230769231

0.26998005714285717
0.050062
-0.1699547142857143
0.2200167142857143
0.21991805714285714
3.2857142857142856

0.1160382857142857
0.029969714285714287
-0.13864142857142858
0.16861114285714288
0.08606857142857144
3.5

0.10881241428571428
0.03511231428571429
-0.12686235714285715
0.16197467142857142
0.0737001
3.5

0.3053881
0.029522357142857142
-0.12871102857142858
0.15823338571428572
0.2758657428571429
3.6842105263157894

0.10928805714285714
0.0336023
-0.12184060000000001
0.1554429
0.07568575714285714
7.0

0.1066858
0.03319654285714286
-0.1309346
0.16413114285714286
0.07348925714285715
6.363636363636363

0.14959068571428571
0.021027599999999997
-0.09830960000000001
0.11933719999999999
0.1285630857142857
3.5

0.1274722
0.017271657142857146
-0.08930954285714286
0.1065812
0.11020054285714287
3.5

0.06220275714285715
0.016868528571428572
-0.08797078571428571
0.10483931428571427
0.04533422857142857
3.3333333333333335
