
0.15521017142857144
0.04304025714285715
-0.2810727
0.32411295714285715
0.11216991428571428
2.730769230769231

0.12484832857142858
0.03555024285714285
-0.15404501428571427
0.18959525714285716
0.08929808571428571
3.2857142857142856

0.19252329999999998
0.03346947142857143
-0.15808925714285715
0.19155872857142855
0.15905382857142858
3.5

0.09544257142857143
0.029717457142857142
-0.11270194285714286
0.1424194
0.06572511428571429
3.5

0.11005597142857143
0.029877228571428573
-0.11798645714285713
0.1478636857142857
0.08017874285714285
3.6842105263157894

0.09045038571428572
0.0293693
-0.11574519999999999
0.1451145
0.061081085714285714
7.0

0.0830766
0.024011442857142858
-0.10182060000000001
0.12583204285714286
0.05906515714285714
6.363636363636363

0.11255457142857143
0.022526471428571428
-0.09616091428571429
0.11868738571428572
0.0900281
3.5

0.3119616285714286
0.016878814285714284
-0.09248241428571428
0.10936122857142856
0.2950828142857143
3.5

0.058398514285714284
0.015030442857142858
-0.0829334857142857
0.09796392857142856
0.04336807142857143
3.3333333333333335
