
0.15568034285714286
0.04496397142857143
-0.3055920142857143
0.3505559857142857
0.11071637142857142
2.730769230769231

0.11694132857142857
0.03668294285714286
-0.1414743142857143
0.17815725714285716
0.08025838571428572
3.2857142857142856

115.73731165714287
114.348205
-0.14454732857142857
114.49275232857143
1.3891066571428572
8.8

1.4804122857142856
0.062474699999999994
-0.34860517142857145
0.4110798714285714
1.4179375857142857
18.666666666666668

4.709233942857143
0.09065757142857143
-0.18802065714285715
0.27867822857142854
4.6185763714285715
64.5

4.653543414285715
0.1846587
-0.6567713000000001
0.84143
4.468884714285714
77.0

4.751753171428572
0.20014812857142855
-0.21782048571428572
0.4179686142857143
4.551605042857143
NaN

5.930316
0.31224847142857143
-1.2259672142857143
1.538215685714286
5.618067528571428
9.25

1.2741489142857143
0.33588958571428573
-0.15238927142857142
0.4882788571428572
0.9382593285714286
9.428571428571429

1.0775463285714286
0.17454967142857142
-0.21825467142857144
0.39280434285714283
0.902996657142857
11.666666666666666
