
0.1727005285714286
0.05149431428571429
-0.3180202285714286
0.36951454285714286
0.12120621428571429
2.730769230769231

0.12325592857142857
0.03241851428571429
-0.14809384285714286
0.18051235714285713
0.09083741428571429
3.2857142857142856

0.09749117142857143
0.0354304
-0.1415460285714286
0.1769764285714286
0.06206077142857143
3.5

0.10706194285714286
0.047810514285714284
-0.1149284
0.16273891428571427
0.05925142857142857
3.5

0.10346207142857143
0.04418362857142857
-0.1233015
0.16748512857142855
0.05927844285714286
3.6842105263157894

0.10247878571428572
0.0347663
-0.1273018
0.1620681
0.0677124857142857
7.0

0.10915230000000001
0.02661255714285714
-0.10130857142857143
0.12792112857142857
0.08253974285714286
6.363636363636363

0.08645374285714286
0.0288489
-0.10087758571428572
0.12972648571428572
0.05760484285714286
3.5

0.12040965714285715
0.016341814285714285
-0.08998772857142857
0.10632954285714287
0.10406784285714285
3.5

0.06204657142857143
0.017009842857142857
-0.08290792857142856
0.09991777142857143
0.04503672857142857
3.3333333333333335
