
0.32166757142857144
0.1062002857142857
-0.36094578571428576
0.4671460714285714
0.21546728571428572
2.730769230769231

0.23453195714285713
0.14865885714285712
-0.16060472857142857
0.30926358571428575
0.08587310000000001
3.2857142857142856

0.22520520000000002
0.15167854285714286
-0.14857172857142856
0.3002502714285714
0.07352665714285715
3.5

0.08937747142857143
0.028705914285714288
-0.1272851142857143
0.15599102857142857
0.060671557142857144
3.5

0.10948947142857143
0.02993322857142857
-0.11198757142857144
0.14192079999999999
0.07955624285714286
3.6842105263157894

0.09639567142857143
0.030440599999999998
-0.11187
0.1423106
0.06595507142857143
7.0

0.10420688571428571
0.021117214285714288
-0.09786645714285713
0.11898367142857143
0.08308967142857143
6.363636363636363

0.11434875714285714
0.01939727142857143
-0.0983139
0.11771117142857143
0.0949514857142857
3.5

0.12501969999999998
0.017988814285714284
-0.09302935714285715
0.11101817142857143
0.10703088571428572
3.5

0.10577591428571428
0.01681417142857143
-0.09114711428571429
0.1079612857142857
0.08896174285714287
3.3333333333333335
