
0.9345662571428572
0.05391952857142857
-0.39586827142857145
0.4497878
0.8806467285714286
2.730769230769231

0.11234398571428571
0.03509965714285714
-0.14766425714285716
0.18276391428571429
0.07724432857142857
3.2857142857142856

0.10934518571428573
0.043711928571428575
-0.15691125714285714
0.2006231857142857
0.06563325714285714
3.5

0.2258915
0.040102842857142856
-0.14492477142857144
0.1850276142857143
0.18578865714285714
3.5

0.08799397142857143
0.026581628571428574
-0.11557232857142857
0.14215395714285714
0.06141234285714286
3.6842105263157894

0.08962351428571429
0.0297241
-0.10240089999999999
0.132125
0.059899414285714284
7.0

0.10798178571428571
0.024885457142857142
-0.10199287142857143
0.12687832857142858
0.08309632857142857
6.363636363636363

0.14702387142857143
0.019181857142857143
-0.09889057142857144
0.11807242857142856
0.1278420142857143
3.5

0.14200318571428572
0.017970271428571428
-0.10459377142857143
0.12256404285714287
0.1240329142857143
3.5

0.08226582857142857
0.015394799999999998
-0.08429832857142858
0.09969312857142858
0.06687102857142857
3.3333333333333335
