
0.29703897142857144
0.04913747142857143
-0.3589648714285714
0.40810234285714286
0.2479015
2.730769230769231

0.13022492857142856
0.04756641428571429
-0.16758657142857142
0.21515298571428573
0.08265851428571429
3.2857142857142856

0.10023882857142857
0.036138357142857146
-0.1484327857142857
0.18457114285714288
0.06410047142857143
3.5

0.09185552857142858
0.026792142857142858
-0.12724227142857142
0.15403441428571427
0.06506338571428572
3.5

0.11923252857142858
0.06270107142857143
-0.11850947142857143
0.18121054285714286
0.05653145714285714
3.6842105263157894

0.0831297
0.0283173
-0.1062488
0.1345661
0.054812400000000004
7.0

0.10367005714285714
0.02469257142857143
-0.09889295714285713
0.12358552857142857
0.07897748571428571
6.363636363636363

0.14364805714285714
0.023080200000000002
-0.36073002857142855
0.38381022857142855
0.12056785714285714
3.5

0.16466732857142857
0.015110214285714286
-0.0941125142857143
0.10922272857142856
0.14955711428571428
3.5

0.061493599999999995
0.014904742857142857
-0.09547284285714286
0.11037758571428571
0.04658885714285715
3.3333333333333335
