
0.3427902857142857
0.1914201
-0.3064352
0.4978553
0.1513701857142857
2.730769230769231

0.13076815714285714
0.03994361428571428
-0.16227567142857144
0.2022192857142857
0.09082454285714286
3.2857142857142856

0.11608112857142858
0.046963785714285715
-0.14590027142857143
0.19286405714285715
0.06911734285714285
3.5

0.1380021857142857
0.0737989
-0.13464758571428573
0.20844648571428573
0.06420328571428571
3.5

0.10573981428571429
0.0255563
-0.1104315
0.1359878
0.0801835142857143
3.6842105263157894

0.10794417142857142
0.0364872
-0.1105988
0.147086
0.07145697142857142
7.0

0.08735994285714285
0.023905985714285715
-0.10857977142857143
0.13248575714285715
0.06345395714285715
6.363636363636363

0.06884318571428572
0.020761885714285715
-0.10439961428571429
0.1251615
0.0480813
3.5

0.07604124285714287
0.02832077142857143
-0.09831212857142858
0.1266329
0.04772047142857143
3.5

0.06331048571428571
0.018518242857142857
-0.09045107142857144
0.10896931428571428
0.04479224285714285
3.3333333333333335
