
0.5404582428571428
0.19612244285714286
-0.4252215142857143
0.6213439571428572
0.34433579999999997
2.730769230769231

0.13913967142857142
0.03559122857142857
-0.16839334285714286
0.20398457142857143
0.10354844285714286
3.2857142857142856

0.11271762857142857
0.03419302857142857
-0.17087315714285714
0.2050661857142857
0.0785246
3.5

0.13284941428571428
0.055229071428571426
-0.1405344285714286
0.1957635
0.07762034285714285
3.5

0.08636695714285714
0.025855871428571427
-0.104632
0.13048787142857143
0.06051108571428571
3.6842105263157894

0.09827984285714285
0.03254
-0.10428839999999999
0.1368284
0.06573984285714285
7.0

0.0846412
0.024553114285714283
-0.09992558571428571
0.1244787
0.06008808571428571
6.363636363636363

0.10944885714285714
0.019335928571428573
-0.0980624
0.11739832857142857
0.09011292857142857
3.5

0.22356748571428572
0.013159742857142857
-0.09186447142857143
0.10502421428571429
0.21040774285714284
3.5

0.09007472857142856
0.02328402857142857
-0.11195515714285714
0.1352391857142857
0.0667907
3.3333333333333335
