
0.5192805857142857
0.3827261142857143
-0.43003024285714286
0.8127563571428572
0.1365544714285714
2.730769230769231

0.12117287142857143
0.03596714285714286
-0.15937377142857143
0.19534091428571426
0.08520572857142857
3.2857142857142856

0.10315444285714286
0.03583934285714286
-0.16941291428571428
0.20525225714285716
0.0673151
3.5

0.3341291142857143
0.055572585714285715
-0.12314128571428572
0.17871387142857142
0.27855652857142854
3.5

0.11151477142857143
0.057466800000000005
-0.10475731428571428
0.1622241142857143
0.05404797142857143
3.6842105263157894

0.08901154285714287
0.029082
-0.11430219999999999
0.14338420000000002
0.05992954285714286
7.0

0.09635088571428571
0.04334317142857143
-0.09723485714285715
0.1405780285714286
0.05300771428571428
6.363636363636363

0.07495901428571429
0.02311747142857143
-0.10655742857142857
0.12967489999999998
0.051841542857142854
3.5

0.06986027142857143
0.024623785714285713
-0.09736135714285714
0.12198514285714286
0.045236485714285714
3.5

0.06203142857142857
0.018169557142857142
-0.09664638571428572
0.11481594285714286
0.04386187142857143
3.3333333333333335
