
0.44630591428571426
0.11183560000000001
-0.42465722857142857
0.5364928285714285
0.3344703142857143
2.730769230769231

0.13711911428571427
0.0514301
-0.16894094285714287
0.22037104285714287
0.0856890142857143
3.2857142857142856

117.93566885714286
114.34301298571428
-0.15070762857142855
114.4937206142857
3.5926558714285717
14.0

3.6785663857142854
0.05761427142857143
-0.13282374285714285
0.19043801428571427
3.6209521142857146
NaN

1.644717742857143
0.0643972
-0.7220046142857144
0.7864018142857143
1.580320542857143
14.0

1.0419465857142858
0.15571829999999998
-0.5519329000000001
0.7076511999999999
0.8862282857142857
11.666666666666666

1.2206999285714286
0.16729284285714285
-0.6417665142857143
0.8090593571428571
1.0534070857142857
12.833333333333334

0.8887232285714286
0.09590448571428571
-0.6385057714285715
0.7344102571428572
0.7928187428571428
7.444444444444445

1.9920957
0.328274
-1.2618104142857143
1.5900844142857142
1.6638217
9.125

1.0719128714285715
0.08643932857142858
-0.28156297142857145
0.3680023
0.9854735428571428
12.6
