
0.57238925
0.17977551
-0.80833942
0.9881149300000001
0.39261374
3.7037037037037037

0.24216148999999998
0.16711044
-0.14455381
0.31166425
0.07505105000000001
3.0606060606060606

0.10670191
0.03412604
-0.13416744
0.16829348000000002
0.07257587
2.9411764705882355

0.23320433
0.10167253
-0.16330261
0.26497514
0.13153179999999998
3.4482758620689653

0.12750535000000002
0.02570001
-0.11731736
0.14301737
0.10180534
2.6052631578947367

0.09973415
0.02477794
-0.11361783
0.13839577
0.07495621000000001
2.72972972972973

0.25166262
0.01734209
-0.21259554
0.22993763
0.23432053
2.5

0.06174487
0.01615987
-0.15022804
0.16638791
0.045585
2.8285714285714287

0.09706517999999999
0.02716164
-0.11396353999999999
0.14112518
0.06990354
2.72972972972973

0.29640591
0.0815967
-0.18874795000000003
0.27034465
0.21480921
3.09375
