
6.109802950000001
5.6794809299999995
4.13683314
1.54264779
0.43032202
3.7037037037037037

4.73537016
4.65582752
3.6250457999999997
1.03078172
0.07954264
3.0606060606060606

3.47053017
3.38636083
2.6119833999999997
0.77437743
0.08416934
2.9411764705882355

3.48237883
3.35504232
2.2286961
1.12634622
0.12733650999999999
3.4482758620689653

2.7697320800000003
2.6459702000000003
2.06795038
0.57801982
0.12376188
2.5384615384615383

2.87355356
2.78845734
2.02769733
0.76076001
0.08509622
2.72972972972973

2.1490499
2.05365702
1.50749917
0.54615785
0.09539288
2.4390243902439024

3.0038637799999997
2.8942438399999997
1.69430856
1.19993528
0.10961994
2.8285714285714287

2.47074125
2.4286209700000003
1.71681797
0.711803
0.042120279999999996
2.72972972972973

2.72054569
2.6581283300000003
1.93728823
0.7208401
0.06241736
3.0
