
0.8106477
0.25428911
-0.4093581
0.6636472099999999
0.55635859
3.8461538461538463

0.230284
0.12447389
-0.22846262
0.35293651000000004
0.10581011
3.0606060606060606

0.22589293
0.13561279
-0.15340059
0.28901338
0.09028014
2.9411764705882355

0.19974538
0.0355161
-0.17483298
0.21034908
0.16422928
3.4482758620689653

0.10567125
0.03321477
-0.22175989000000002
0.25497466
0.07245647999999999
2.5384615384615383

0.20711352
0.11814088
-0.13472903
0.25286991000000003
0.08897264
2.72972972972973

0.11338836000000001
0.03822395
-0.10946359
0.14768754
0.07516441
2.4390243902439024

0.09745158999999999
0.033027690000000005
-0.10100696
0.13403465
0.0644239
2.8285714285714287

0.05188942
0.01485524
-0.07187294999999999
0.08672819
0.03703418
2.72972972972973

0.08244378999999999
0.019958220000000002
-0.27323137
0.29318959
0.06248557
3.0
