
0.49317890000000003
0.36715849
-0.78598981
1.1531483
0.12602041
3.7037037037037037

0.18276481
0.11446279
-0.16232772
0.27679051
0.06830202
3.0606060606060606

0.19560445999999998
0.06683710000000001
-0.14685562
0.21369272
0.12876736
2.9411764705882355

0.13672247
0.03372121
-0.12575511
0.15947632
0.10300126
3.4482758620689653

0.10781956
0.02240814
-0.1570518
0.17945994
0.08541142
2.5384615384615383

0.07092163
0.018360599999999998
-0.10910028
0.12746088
0.05256103
2.72972972972973

0.07044897
0.0157399
-0.07004958
0.08578948
0.05470907
2.4390243902439024

0.33140902
0.07483686
-0.09081592
0.16565278
0.25657216
2.911764705882353

0.12194472
0.020040540000000003
-0.07863417
0.09867471000000001
0.10190418
2.8055555555555554

0.06276747
0.02221337
-0.1176515
0.13986487
0.040554099999999996
3.0
