
0.24447412
0.11145456
-0.33073598
0.44219053999999997
0.13301956
3.7037037037037037

0.18473001
0.10760861000000001
-0.14683957
0.25444817999999997
0.07712139999999999
3.0606060606060606

0.11319661
0.03228009
-0.12350676
0.15578685
0.08091652
2.9411764705882355

0.13814858
0.03150881
-0.12255019
0.154059
0.10663977000000001
3.4482758620689653

0.08157060000000001
0.024815959999999998
-0.13353264
0.1583486
0.05675464
2.5384615384615383

0.19509242999999998
0.07703162
-0.10313277
0.18016439
0.11806081
2.72972972972973

0.08365849
0.013060200000000001
-0.06783481
0.08089500999999999
0.07059829
2.4390243902439024

0.06341846
0.01585626
-0.07125569999999999
0.08711196
0.0475622
2.8285714285714287

0.054943660000000005
0.01929698
-0.08167989
0.10097687
0.03564668
2.72972972972973

0.09194966
0.01649513
-0.10588501
0.12238014
0.07545453
3.0
