
0.36776485999999997
0.14827706
-0.33757939000000003
0.48585645
0.21948779999999998
3.7037037037037037

0.19756964000000002
0.12400964
-0.35693505999999997
0.4809447
0.07356
3.0606060606060606

0.11048873
0.026015049999999998
-0.14210573
0.16812078
0.08447368
2.9411764705882355

0.1298482
0.026026599999999997
-0.11775164
0.14377824
0.1038216
3.4482758620689653

0.10072154
0.02246408
-0.1454115
0.16787558
0.07825746
2.5384615384615383

0.10758609
0.021535290000000002
-0.17815814000000002
0.19969343
0.0860508
2.72972972972973

0.06272021
0.01498624
-0.08423666
0.09922289999999999
0.04773397
2.4390243902439024

0.058065069999999996
0.015936969999999998
-0.0810374
0.09697436999999999
0.0421281
2.8285714285714287

0.07575884
0.015061799999999998
-0.07080853
0.08587033000000001
0.06069704
2.72972972972973

0.15403567
0.01522346
-0.40123025
0.41645371000000003
0.13881221
3.0
