
0.20230734
0.07224119
-0.69504072
0.76728191
0.13006615
3.7037037037037037

0.14853706
0.03600922
-0.16133270000000002
0.19734192
0.11252783999999999
3.0606060606060606

0.14909218
0.027771650000000002
-0.14565725
0.1734289
0.12132053
2.9411764705882355

0.10863188
0.04731578
-0.14549387
0.19280965
0.0613161
3.4482758620689653

0.08642997999999999
0.02207461
-0.09875373
0.12082833999999999
0.06435537000000001
2.5384615384615383

0.1070138
0.02611782
-0.09409804
0.12021586
0.08089597999999999
2.72972972972973

0.14954645000000003
0.02149044
-0.09001808
0.11150852
0.12805601
2.4390243902439024

0.11380766
0.01471559
-0.08936041
0.104076
0.09909207
2.8285714285714287

0.10426845
0.01434986
-0.07098547
0.08533533
0.08991858999999999
2.72972972972973

0.09943835000000001
0.015306549999999999
-0.10942172
0.12472827
0.0841318
3.0
