
8.44632628
7.91515696
4.60743526
3.3077217
0.53116932
3.225806451612903

4.815763400000001
4.6146213
2.83058378
1.78403752
0.20114210000000002
3.2580645161290325

3.67805057
3.57003082
2.33752139
1.23250943
0.10801975
3.090909090909091

4.46700972
4.255165150000001
2.78985863
1.46530652
0.21184457
3.4642857142857144

4.46585694
4.39136912
3.1489287999999998
1.24244032
0.07448782000000001
2.942857142857143

3.07830525
2.9941410299999998
1.81155675
1.18258428
0.08416422
2.6486486486486487

3.66579295
3.56849746
1.9244431899999999
1.64405427
0.09729549
2.6315789473684212

5.145634769999999
4.97528944
2.72314211
2.25214733
0.17034533
3.2903225806451615

4.03012173
3.9619437200000003
2.23621967
1.72572405
0.06817801
3.3793103448275863

3.26762832
3.21127339
2.1220648300000002
1.08920856
0.05635493
2.675675675675676
