
0.49517281
0.07425613
-0.69221551
0.76647164
0.42091668
3.225806451612903

0.17282032
0.07600802000000001
-0.2320199
0.30802792
0.0968123
3.2580645161290325

0.19431095
0.06622442999999999
-0.21358083
0.27980526
0.12808652
3.090909090909091

0.20152398000000002
0.09058471000000001
-0.18004143
0.27062614
0.11093927
3.4642857142857144

0.16875479999999998
0.03583747
-0.17218648
0.20802395
0.13291733
3.0294117647058822

0.18554394
0.10058958999999999
-0.14126251
0.24185210000000001
0.08495435000000001
2.6486486486486487

0.08675267
0.023254069999999998
-0.12619416
0.14944823000000002
0.0634986
2.6315789473684212

0.12245388
0.03243982
-0.12428639999999999
0.15672622
0.09001405999999999
3.2903225806451615

0.18636781
0.03283986
-0.12984403
0.16268389000000003
0.15352795000000002
3.3793103448275863

0.2162333
0.03077131
-0.15742054
0.18819185
0.18546199
2.675675675675676
