
0.47023697
0.16344943
-0.7140809100000001
0.87753034
0.30678753999999997
3.225806451612903

0.22619681
0.06953235
-0.29106137
0.36059371999999995
0.15666446
3.2580645161290325

0.23994892
0.07250535000000001
-0.25057495
0.3230803
0.16744357
3.090909090909091

0.24904619
0.09640162
-0.6513783599999999
0.74777998
0.15264457
3.4642857142857144

0.09858332
0.034143440000000004
-0.15682121
0.19096464999999999
0.06443987999999999
2.942857142857143

0.18824506
0.018878310000000002
-0.12440184
0.14328015
0.16936675
2.6486486486486487

0.10538655000000001
0.03900554
-0.15026357
0.18926911
0.06638100999999999
2.6315789473684212

0.21479271
0.08224155999999999
-0.13359197
0.21583353
0.13255115
3.2903225806451615

0.20399519
0.026936509999999997
-0.14197943
0.16891594000000001
0.17705868
3.3793103448275863

0.1253678
0.06281016
-0.1346211
0.19743126
0.06255764
2.675675675675676
