
0.27319949
0.15426878
-0.66909661
0.82336539
0.11893071000000001
3.225806451612903

0.14110456
0.07147084
-0.20621256
0.2776834
0.06963372
3.2580645161290325

80.4179929
80.07410786
-0.18943648000000002
80.26354434000001
0.34388504
3.925925925925926

1.95576092
0.17372385
-0.60967327
0.78339712
1.7820370700000001
8.454545454545455

1.0117098100000002
0.28126272999999996
-0.35603204
0.63729477
0.7304470799999999
5.0476190476190474

1.4743594199999999
0.08441796
-0.36162804
0.446046
1.38994146
6.0625

0.99372686
0.07186477000000001
-0.54034291
0.61220768
0.92186209
5.555555555555555

1.3897922
0.07869066000000001
-0.55655336
0.63524402
1.3111015400000001
8.333333333333334

1.50062765
0.0735067
-0.53347951
0.60698621
1.42712095
6.733333333333333

1.0461325799999999
0.034591699999999996
-0.45109590000000005
0.4856876
1.01154088
6.4
