
0.84699206
0.38726285
-0.56528448
0.9525473299999999
0.45972921
3.3333333333333335

0.25369628
0.17237675
-0.30508996
0.47746671
0.08131953
3.2580645161290325

0.13854576000000002
0.04323625
-0.17100778
0.21424403
0.09530951
3.090909090909091

0.18576442999999998
0.0292617
-0.14511267
0.17437437
0.15650273
3.4642857142857144

0.07489926
0.02360506
-0.1318737
0.15547876000000002
0.0512942
2.942857142857143

0.21195404999999998
0.01807908
-0.16930297
0.18738205
0.19387497
2.6486486486486487

0.06835553
0.015560639999999999
-0.11661519000000001
0.13217583
0.05279489
2.6315789473684212

0.15104723
0.02417033
-0.11457292999999999
0.13874326
0.1268769
3.2903225806451615

0.06859867
0.01622916
-0.11028228999999999
0.12651145
0.05236951
3.3793103448275863

0.08063418
0.02849029
-0.13294107
0.16143136
0.05214389
2.675675675675676
