
0.30538287
0.13420044
-0.34221365000000004
0.47641409
0.17118243
3.225806451612903

0.16657779
0.03553978
-0.18093398000000002
0.21647376000000002
0.13103800999999998
3.2580645161290325

0.19403406
0.06914429
-0.16987955999999999
0.23902385
0.12488977
3.090909090909091

0.16915604
0.026350290000000002
-0.14750019
0.17385048
0.14280575
3.4642857142857144

0.14179697
0.02316559
-0.13356501
0.1567306
0.11863138000000001
2.942857142857143

0.16147438
0.02238947
-0.17112069
0.19351016000000001
0.13908491
2.6486486486486487

0.07166233999999999
0.01743593
-0.12051664999999999
0.13795258
0.05422641
2.6315789473684212

0.13890575
0.01476329
-0.11465444999999999
0.12941774
0.12414246000000001
3.2903225806451615

0.07602994
0.019732549999999998
-0.12126155000000001
0.1409941
0.05629739
3.3793103448275863

0.05834025
0.01626673
-0.27829887
0.2945656
0.042073519999999996
2.675675675675676
