
0.39298147
0.18560953
-0.43890764
0.6245171700000001
0.20737194
3.225806451612903

0.13867991000000002
0.05189146
-0.24485976
0.29675122
0.08678845
3.2580645161290325

0.16204697
0.051038889999999996
-0.31346827
0.36450716
0.11100808
3.090909090909091

0.21873042
0.08686814
-0.21373567000000002
0.30060380999999997
0.13186228
3.4642857142857144

0.07469463
0.020820099999999998
-0.13566867999999999
0.15648878
0.05387453
2.942857142857143

0.12400941
0.05048814
-0.18043037
0.23091851000000002
0.07352127
2.6486486486486487

0.1168527
0.02446539
-0.13071093
0.15517632
0.09238731
2.6315789473684212

0.11104947999999999
0.020429060000000002
-0.15769551999999998
0.17812457999999998
0.09062042
3.2903225806451615

0.075959
0.02258068
-0.13197267999999998
0.15455335999999997
0.05337832
3.3793103448275863

0.12610944
0.01623192
-0.23618839000000003
0.25242031
0.10987752
2.675675675675676
