
0.6525655899999999
0.25404985
-0.50098016
0.75503001
0.39851574
3.225806451612903

0.19359901999999998
0.08192691
-0.25645899
0.3383859
0.11167211
3.2580645161290325

0.18224173999999999
0.05175076
-0.21648328
0.26823403999999995
0.13049098
3.090909090909091

0.18061446
0.07336378
-0.18147299
0.25483677
0.10725067999999999
3.4642857142857144

0.17031667
0.050973300000000006
-0.17258459
0.22355789
0.11934336999999999
3.0294117647058822

0.1028473
0.02417491
-0.19493409
0.219109
0.07867239
2.6486486486486487

0.07687174000000001
0.018800110000000002
-0.13413922
0.15293932999999998
0.05807163
2.6315789473684212

0.21616382
0.06232045
-0.16982651
0.23214695999999999
0.15384337
3.2903225806451615

0.13194903
0.02104667
-0.21535611
0.23640278
0.11090236
3.3793103448275863

0.13671126
0.07710204
-0.14174506
0.21884710000000002
0.059609220000000004
2.675675675675676
