
0.29883148
0.17064189999999999
-0.49106108000000004
0.6617029799999999
0.12818958
3.225806451612903

0.23903948
0.17042892
-0.27085652000000005
0.44128544000000003
0.06861056
3.2580645161290325

0.23421813
0.04213827
-0.17463651000000002
0.21677478
0.19207986
3.090909090909091

0.15712078
0.035244519999999994
-0.15280064000000002
0.18804516000000002
0.12187626
3.4642857142857144

0.10731802
0.04486642
-0.13019116
0.17505758
0.062451599999999996
2.942857142857143

0.09448605
0.02507193
-0.15955845999999999
0.18463039
0.06941412
2.6486486486486487

0.09045529
0.01888401
-0.13000763
0.14889164000000002
0.07157128
2.6315789473684212

0.21476651000000002
0.01651873
-0.11459275999999999
0.13111149
0.19824778
3.2903225806451615

0.10368078
0.04966333
-0.11245164
0.16211497
0.054017449999999995
3.3793103448275863

0.06675276
0.01538658
-0.13631688
0.15170345999999998
0.05136618
2.675675675675676
