
0.37983236
0.25382315
-0.68362155
0.9374446999999999
0.12600921
3.225806451612903

0.13890485
0.04119242
-0.1815714
0.22276382
0.09771242999999999
3.2580645161290325

0.13429702
0.03424403
-0.15746438000000001
0.19170841
0.10005299000000001
3.090909090909091

0.12559355
0.03549394
-0.14820245
0.18369639000000001
0.09009961
3.4642857142857144

0.143366
0.039976300000000006
-0.15766396
0.19764026
0.1033897
2.942857142857143

0.17543477
0.0205437
-0.23636327
0.25690697
0.15489107000000002
2.6486486486486487

0.06883742999999999
0.017914029999999997
-0.10753884
0.12545287
0.0509234
2.6315789473684212

0.21475076999999998
0.10759357000000001
-0.11797705
0.22557062
0.1071572
3.2903225806451615

0.10092645
0.04509587
-0.12204275
0.16713862
0.055830580000000005
3.3793103448275863

0.23224371
0.027013580000000002
-0.14497426000000002
0.17198784
0.20523013
2.675675675675676
