
0.6882531999999999
0.30270157000000003
-0.42508504999999996
0.72778662
0.38555163
3.225806451612903

0.26997027
0.19444862
-0.19640252
0.39085114000000004
0.07552165
3.2580645161290325

0.11077969
0.03639049
-0.20549219
0.24188268
0.0743892
3.090909090909091

0.12739847
0.04567643
-0.17853974
0.22421617000000002
0.08172204
3.4642857142857144

0.12578764
0.03283826
-0.13290515
0.16574341
0.09294938
2.942857142857143

0.09326108
0.020955650000000003
-0.13105936
0.15201501
0.07230542999999999
2.6486486486486487

0.07572203999999999
0.01854159
-0.21255892999999998
0.23110051999999998
0.057180449999999994
2.6315789473684212

0.16680635
0.0175757
-0.11849768
0.13607338
0.14923065
3.2903225806451615

0.13304862
0.01635163
-0.10811675999999999
0.12446839
0.11669699
3.3793103448275863

0.07202677
0.023849659999999998
-0.14635369
0.17020335
0.04817711
2.675675675675676
