
0.32074781
0.10388378
-0.40886353000000003
0.51274731
0.21686402999999999
3.225806451612903

0.17944468
0.10990733
-0.18405798999999998
0.29396532000000003
0.06953735000000001
3.2580645161290325

0.12044917999999999
0.04743554
-0.16734267000000003
0.21477821
0.07301364
3.090909090909091

0.20867385
0.11405678999999999
-0.40693927
0.52099606
0.09461706
3.4642857142857144

0.077601
0.02213414
-0.13834348000000002
0.16047762
0.05546686
2.942857142857143

0.16105884
0.09248282000000001
-0.12425403
0.21673685
0.06857602
2.6486486486486487

0.08406121000000001
0.01803095
-0.15742243
0.17545338
0.06603026
2.6315789473684212

0.14674654
0.03180021
-0.14668925
0.17848946
0.11494633
3.2903225806451615

0.06688148
0.01522273
-0.10932286
0.12454559
0.05165875
3.3793103448275863

0.06955734
0.013973069999999999
-0.13608838
0.15006145
0.05558427
2.675675675675676
