
0.1621065
0.04160886666666667
-0.37725906666666664
0.41886793333333333
0.12049763333333333
1.5

0.2594359
0.10047536666666666
-0.20787503333333332
0.3083504
0.15896053333333332
1.5

0.20933723333333334
0.12220436666666668
-1.0436901666666667
1.1658945333333335
0.08713286666666667
1.4285714285714286

0.11877833333333333
0.04991506666666667
-0.2206168
0.2705318666666666
0.06886326666666666
1.5

0.15353416666666667
0.030566299999999998
-0.19673123333333334
0.22729753333333333
0.12296786666666668
1.5

0.19344486666666666
0.05342053333333333
-0.13592146666666668
0.189342
0.14002433333333333
1.5

0.0643195
0.019013533333333332
-0.12752163333333333
0.14653516666666666
0.04530596666666667
1.5

0.0824285
0.017489033333333334
-0.11754253333333334
0.13503156666666669
0.06493946666666667
1.5

0.06903893333333333
0.0227453
-0.3117342
0.3344795
0.046293633333333334
1.5

0.06996936666666667
0.016540266666666668
-0.121365
0.13790526666666666
0.0534291
1.5
