
0.3006629333333333
0.07908146666666666
-0.7133901
0.7924715666666666
0.22158146666666667
1.5

0.4345520666666666
0.36775220000000003
-0.2291917
0.5969439
0.06679986666666667
1.5

0.20759256666666667
0.12643436666666666
-0.3325431
0.45897746666666667
0.0811582
1.4285714285714286

0.30775956666666665
0.16842463333333332
-0.3356923
0.5041169333333333
0.13933493333333333
1.5

0.1776907
0.108646
-0.1887334
0.2973794
0.0690447
1.5

0.08343963333333333
0.0313621
-0.16573703333333334
0.19709913333333334
0.052077533333333335
1.5

0.0762127
0.024305466666666668
-0.15917293333333332
0.18347839999999999
0.05190723333333333
1.5

0.06358453333333333
0.0178328
-0.14070666666666665
0.15853946666666668
0.04575173333333333
1.5

0.099947
0.028320766666666667
-0.15072276666666667
0.17904353333333334
0.07162623333333333
1.5

0.08911743333333333
0.019964433333333333
-0.1474844
0.16744883333333335
0.069153
1.5
