
0.18485906666666668
0.047303366666666666
-0.5453876999999999
0.5926910666666666
0.1375557
1.5

0.2665599
0.20169773333333335
-0.25343523333333334
0.4551329666666667
0.06486216666666667
1.5

0.1396451
0.054716633333333334
-0.3776963666666666
0.432413
0.08492846666666666
1.4285714285714286

0.24389036666666666
0.028963799999999998
-0.20817133333333335
0.23713513333333333
0.21492656666666668
1.5

0.08822936666666667
0.023258733333333333
-0.16148133333333334
0.18474006666666667
0.06497063333333333
1.5

0.0756293
0.021420900000000003
-0.14808583333333333
0.16950673333333333
0.054208400000000004
1.5

0.0772848
0.025777099999999997
-0.1374525666666667
0.16322966666666666
0.0515077
1.5

0.21642236666666667
0.019129066666666666
-0.14611433333333335
0.16524339999999998
0.19729329999999998
1.5

0.0702122
0.021803566666666666
-0.13205303333333332
0.1538566
0.04840863333333333
1.5

0.2108477
0.018732466666666666
-0.12947436666666667
0.14820683333333334
0.19211523333333333
1.5
