
0.16979523333333335
0.03312273333333333
-0.3634601666666667
0.3965829
0.1366725
1.5

0.10533206666666667
0.0409261
-0.20616216666666665
0.24708826666666667
0.06440596666666666
1.5

0.18721663333333333
0.11515576666666666
-0.7133212333333333
0.828477
0.07206086666666667
1.4285714285714286

0.1255787
0.03527146666666667
-0.16211896666666667
0.1973904333333333
0.09030723333333333
1.5

0.3974779666666667
0.0219316
-0.15771956666666667
0.17965116666666667
0.37554636666666663
1.5

0.14672929999999998
0.059745599999999996
-0.14397796666666668
0.2037235666666667
0.0869837
1.5

0.1052228
0.060238
-0.12827313333333334
0.18851113333333333
0.044984800000000005
1.5

0.058045033333333336
0.01809003333333333
-0.12250013333333333
0.14059016666666665
0.039955
1.5

0.17468820000000002
0.018434799999999998
-0.12024636666666667
0.13868116666666666
0.1562534
1.5

0.08545073333333333
0.016640400000000003
-0.12316936666666667
0.13980976666666667
0.06881033333333333
1.5
