
0.17277220000000001
0.04780373333333333
-0.5256035666666666
0.5734073000000001
0.12496846666666667
1.5

0.1727595
0.09593473333333334
-0.2221496
0.3180843333333333
0.07682476666666667
1.5

0.1538400666666667
0.077688
-0.26084763333333333
0.33853563333333336
0.07615206666666667
1.4285714285714286

0.1067057
0.043907699999999994
-0.18418403333333333
0.22809173333333332
0.062798
1.5

0.08662866666666667
0.029156766666666667
-0.15013493333333333
0.1792917
0.0574719
1.5

0.06747813333333333
0.020999633333333333
-0.13138066666666665
0.1523803
0.0464785
1.5

0.07424439999999999
0.022719766666666665
-0.14006683333333333
0.1627866
0.05152463333333333
1.5

0.06968916666666668
0.025514333333333333
-0.11987593333333334
0.14539026666666666
0.04417483333333334
1.5

0.22905333333333333
0.021882633333333335
-0.1241903
0.14607293333333332
0.2071707
1.5

0.226679
0.016917066666666664
-0.1256245
0.14254156666666667
0.20976193333333332
1.5
