
0.16183926666666668
0.04866276666666667
-0.6691437
0.7178064666666667
0.1131765
1.5

0.08739873333333334
0.027515866666666666
-0.18496663333333332
0.2124825
0.059882866666666666
1.5

0.0883227
0.030918
-0.4159288666666666
0.4468468666666666
0.057404699999999996
1.4285714285714286

0.06948946666666667
0.023192866666666666
-0.13801143333333332
0.1612043
0.0462966
1.5

0.09937439999999999
0.039184666666666666
-0.15043496666666667
0.18961963333333334
0.06018973333333333
1.5

0.2180860666666667
0.04170163333333333
-0.13830753333333332
0.18000916666666666
0.1763844333333333
1.5

0.06812583333333333
0.02179016666666667
-0.13678389999999999
0.15857406666666668
0.046335666666666664
1.5

0.12547053333333333
0.037070933333333334
-0.12014826666666666
0.1572192
0.08839960000000001
1.5

0.09054243333333334
0.017773
-0.5217763666666666
0.5395493666666668
0.07276943333333333
1.5

0.05845676666666667
0.016260033333333333
-0.12433486666666667
0.1405949
0.04219673333333333
1.5
