
0.15132046666666668
0.036285333333333336
-0.7733189666666667
0.8096043
0.11503513333333333
1.5

0.167163
0.11071133333333333
-0.183531
0.29424233333333333
0.056451666666666664
1.5

0.15882123333333334
0.038274800000000005
-0.25204
0.2903148
0.12054643333333333
1.4285714285714286

0.09585353333333334
0.03383446666666667
-0.16917283333333336
0.2030073
0.062019066666666664
1.5

0.2049453
0.024701733333333333
-0.15207273333333335
0.17677446666666669
0.1802435666666667
1.5

0.0626719
0.018972233333333335
-0.13031506666666667
0.14928729999999998
0.043699666666666664
1.5

0.10515503333333334
0.057385900000000004
-0.12726969999999999
0.1846556
0.04776913333333333
1.5

0.16095103333333333
0.0172108
-0.118041
0.13525179999999998
0.14374023333333333
1.5

0.08519906666666667
0.020131433333333334
-0.11878003333333334
0.13891146666666668
0.06506763333333333
1.5

0.07081166666666668
0.0160974
-0.1259375
0.1420349
0.05471426666666667
1.5
