
0.5154283333333333
0.3844776
-0.6152152666666667
0.9996928666666667
0.13095073333333335
1.5

0.26739779999999996
0.20230176666666666
-0.23337076666666667
0.43567253333333333
0.06509603333333333
1.5

0.12542843333333334
0.0318468
-0.23361486666666667
0.2654616666666667
0.09358163333333333
1.4285714285714286

0.3780112666666667
0.11188619999999999
-0.22637353333333332
0.3382597333333333
0.26612506666666663
1.5

0.18118783333333335
0.025356966666666668
-0.20369173333333335
0.22904870000000002
0.15583086666666668
1.5

0.36541986666666665
0.06085563333333333
-0.14985296666666667
0.2107086
0.3045642333333333
1.5

0.0684976
0.019384433333333333
-0.151337
0.1707214333333333
0.049113166666666666
1.5

0.0669567
0.016665733333333335
-0.1192193
0.13588503333333332
0.050290966666666666
1.5

0.13619606666666667
0.0232539
-0.1775146
0.2007685
0.11294216666666668
1.5

0.07120396666666666
0.016629733333333334
-0.1376255
0.15425523333333332
0.05457423333333333
1.5
