
0.23797533333333334
0.04248363333333333
-0.46217806666666666
0.5046617
0.19549170000000002
1.5

0.1726292
0.08864923333333334
-0.20106603333333334
0.28971526666666664
0.08397996666666666
1.5

0.09413986666666667
0.0312505
-0.24568926666666666
0.27693976666666664
0.06288936666666667
1.4285714285714286

0.17916316666666665
0.1297226
-0.17628013333333334
0.30600273333333333
0.049440566666666665
1.5

0.1263163
0.0291721
-0.16881596666666668
0.19798806666666668
0.0971442
1.5

0.16462023333333334
0.04302996666666667
-0.1505753
0.19360526666666666
0.12159026666666667
1.5

0.0672153
0.01977896666666667
-0.13874039999999999
0.15851936666666666
0.04743633333333334
1.5

0.06105463333333333
0.017677233333333334
-0.12237306666666667
0.1400503
0.0433774
1.5

0.27123159999999996
0.020333966666666668
-0.12592993333333333
0.1462639
0.2508976333333333
1.5

0.06939656666666666
0.016603366666666664
-0.12622260000000002
0.14282596666666666
0.0527932
1.5
