
0.24940623333333334
0.04821706666666666
-0.4192206666666667
0.4674377333333333
0.20118916666666667
1.5

0.23455426666666665
0.15567703333333333
-0.2907996666666667
0.4464767
0.07887723333333334
1.5

0.16242276666666666
0.0743893
-0.27484326666666664
0.34923256666666663
0.08803346666666666
1.4285714285714286

0.09013763333333333
0.0279719
-0.16526686666666668
0.19323876666666667
0.06216573333333333
1.5

0.22528493333333333
0.0231692
-0.15231
0.1754792
0.20211573333333333
1.5

0.15443083333333335
0.03617513333333333
-0.16101626666666666
0.1971914
0.11825569999999999
1.5

0.070698
0.020703433333333333
-0.14680253333333332
0.16750596666666667
0.049994566666666664
1.5

0.08412583333333333
0.017804966666666668
-0.12263943333333334
0.1404444
0.06632086666666667
1.5

0.12789926666666665
0.021939433333333334
-0.1298524
0.15179183333333335
0.10595983333333332
1.5

0.08451543333333333
0.0200322
-0.5232763
0.5433085
0.06448323333333333
1.5
