
0.15578603333333332
0.038352699999999997
-0.39079026666666666
0.4291429666666667
0.11743333333333333
1.5

0.10084889999999999
0.029399066666666664
-0.19979556666666667
0.22919463333333334
0.07144983333333332
1.5

0.10444823333333333
0.027307966666666666
-0.1792706
0.20657856666666669
0.07714026666666667
1.4285714285714286

0.23306823333333335
0.024330333333333332
-0.15416613333333334
0.1784964666666667
0.2087379
1.5

0.08418523333333333
0.022510433333333333
-0.15508526666666667
0.17759570000000002
0.0616748
1.5

0.07812036666666666
0.017040866666666665
-0.5530455666666666
0.5700864333333333
0.0610795
1.5

0.06488026666666667
0.0189344
-0.13474160000000002
0.153676
0.04594586666666667
1.5

0.06532193333333333
0.017070933333333333
-0.12089213333333333
0.1379630666666667
0.048251
1.5

0.1326944333333333
0.0197123
-0.12692230000000002
0.1466346
0.11298213333333333
1.5

0.22183353333333333
0.0167223
-0.1217585
0.1384808
0.20511123333333334
1.5
