
0.19903053333333331
0.03298106666666666
-0.4257051333333334
0.4586862
0.16604946666666667
1.5

0.2863023333333333
0.2151275
-0.23054863333333334
0.44567613333333334
0.07117483333333333
1.5

0.1367853
0.03639183333333334
-0.2725477333333333
0.30893956666666667
0.10039346666666665
1.4285714285714286

0.07015936666666667
0.02268133333333333
-0.14854846666666668
0.1712298
0.047478033333333336
1.5

0.0961398
0.02275253333333333
-0.1459861
0.16873863333333333
0.07338726666666666
1.5

0.0661215
0.019907166666666667
-0.1409774
0.16088456666666667
0.046214333333333336
1.5

0.06587823333333334
0.019785633333333334
-0.13120176666666666
0.1509874
0.0460926
1.5

0.06021356666666666
0.017150966666666666
-0.11974933333333333
0.13690029999999997
0.0430626
1.5

0.20442366666666667
0.016989833333333332
-0.1197233
0.13671313333333332
0.18743383333333336
1.5

0.06774983333333333
0.016736833333333333
-0.1237104
0.14044723333333334
0.051013
1.5
