
0.21485970000000001
0.032836199999999996
-0.7825054
0.8153416
0.1820235
1.5

0.17321243333333333
0.08862260000000001
-0.19498963333333333
0.28361223333333335
0.08458983333333332
1.5

0.12212926666666667
0.05577526666666667
-0.233901
0.2896762666666667
0.066354
1.4285714285714286

0.07929946666666667
0.0225634
-0.16640886666666665
0.18897226666666667
0.05673606666666667
1.5

0.21879743333333332
0.022517933333333334
-0.14488583333333335
0.16740376666666668
0.1962795
1.5

0.1546939
0.030867066666666665
-0.23740133333333335
0.2682684
0.12382683333333333
1.5

0.0833451
0.021067166666666668
-0.13316823333333333
0.1542354
0.062277933333333334
1.5

0.07967673333333333
0.02245266666666667
-0.12260226666666667
0.14505493333333333
0.05722406666666666
1.5

0.0780902
0.02224016666666667
-0.13121016666666666
0.15345033333333336
0.055850033333333333
1.5

0.1226699
0.04456583333333333
-0.15844673333333334
0.20301256666666667
0.07810406666666667
1.5
