
0.2746638
0.040604433333333335
-0.6165166
0.6571210333333333
0.23405936666666666
1.5

0.18587513333333333
0.03304233333333333
-0.29644123333333333
0.32948356666666667
0.1528328
1.5

0.1878576
0.045859300000000006
-0.7773401333333333
0.8231994333333333
0.1419983
1.4285714285714286

0.15858376666666665
0.04398063333333333
-0.17740286666666666
0.2213835
0.11460313333333333
1.5

0.08277853333333333
0.026961033333333332
-0.14719483333333333
0.17415586666666666
0.0558175
1.5

0.13484756666666667
0.03713706666666666
-0.14731360000000002
0.18445066666666665
0.0977105
1.5

0.09725573333333334
0.022121266666666667
-0.14168513333333332
0.1638064
0.07513446666666666
1.5

0.13102056666666667
0.017746066666666664
-0.1218387
0.13958476666666667
0.1132745
1.5

0.22592803333333333
0.0219413
-0.12510713333333334
0.1470484333333333
0.20398673333333334
1.5

0.0752042
0.016225733333333332
-0.12602863333333333
0.14225436666666666
0.05897846666666667
1.5
