
0.1515368
0.03725023333333333
-0.6727771666666666
0.7100274
0.11428656666666667
1.5

0.15430663333333333
0.09265096666666665
-0.1911309
0.28378186666666666
0.061655666666666664
1.5

0.15224976666666667
0.08454226666666666
-0.25393566666666667
0.33847793333333337
0.0677075
1.4285714285714286

0.17387106666666668
0.023356266666666667
-0.172552
0.19590826666666666
0.15051479999999998
1.5

0.10397136666666666
0.024621233333333332
-0.40427640000000004
0.42889763333333336
0.07935013333333334
1.5

0.07332193333333334
0.018341233333333335
-0.13458273333333334
0.15292396666666666
0.0549807
1.5

0.08810956666666667
0.0181353
-0.12534126666666667
0.1434765666666667
0.06997426666666666
1.5

0.10455426666666666
0.017490266666666667
-0.1203598
0.1378500666666667
0.087064
1.5

0.12015916666666668
0.019613099999999998
-0.1347091
0.15432220000000002
0.10054606666666667
1.5

0.18202076666666667
0.016994733333333335
-0.1239062
0.1409009333333333
0.16502603333333332
1.5
