
0.20019533333333334
0.05897246666666667
-0.4643562666666667
0.5233287333333333
0.14122286666666667
1.5

0.2893115
0.18999646666666667
-0.2449936
0.4349900666666667
0.09931503333333334
1.5

0.18610023333333334
0.10484156666666666
-0.2314098
0.33625136666666666
0.08125866666666667
1.4285714285714286

0.11579503333333334
0.0381473
-0.19820093333333333
0.23634823333333332
0.07764773333333334
1.5

0.33259093333333334
0.25674626666666667
-0.1733698
0.43011606666666663
0.07584466666666667
1.5

0.13850633333333334
0.0244118
-0.16870220000000002
0.193114
0.11409453333333335
1.5

0.15708143333333333
0.07738916666666668
-0.5565758333333334
0.633965
0.07969226666666666
1.5

0.10418856666666666
0.020816866666666666
-0.14093643333333333
0.1617533
0.08337169999999999
1.5

0.1289534
0.025284
-0.15431170000000002
0.17959570000000002
0.1036694
1.5

0.10115610000000001
0.022232366666666666
-0.15361816666666667
0.17585053333333334
0.07892373333333334
1.5
