
0.1802134
0.0732982
-0.4089972
0.48229540000000004
0.1069152
1.5

0.2582995666666667
0.19100866666666666
-0.25956243333333334
0.4505711
0.0672909
1.5

0.16926063333333333
0.03154333333333333
-0.1803706
0.21191393333333333
0.1377173
1.4285714285714286

0.08411143333333333
0.026475666666666668
-0.162784
0.18925966666666666
0.05763576666666667
1.5

0.07961896666666667
0.025317266666666668
-0.14868746666666668
0.17400473333333333
0.054301699999999994
1.5

0.10407563333333333
0.0215475
-0.14923003333333332
0.17077753333333331
0.08252813333333334
1.5

0.11884589999999999
0.035196366666666666
-0.13463683333333334
0.16983320000000002
0.08364953333333335
1.5

0.0710947
0.022980599999999997
-0.4993041
0.5222847
0.0481141
1.5

0.210078
0.028615966666666666
-0.13095089999999998
0.15956686666666667
0.18146203333333333
1.5

0.07163433333333333
0.017056933333333333
-0.12640556666666666
0.1434625
0.0545774
1.5
