
0.17306829999999998
0.035782633333333334
-0.4108599
0.4466425333333333
0.13728566666666667
1.5

0.3197038666666666
0.2543087
-0.2600480666666667
0.5143567666666666
0.06539516666666667
1.5

0.13764876666666667
0.07458086666666666
-0.21564339999999999
0.2902242666666667
0.0630679
1.4285714285714286

0.07369819999999999
0.027660599999999997
-0.14845696666666666
0.17611756666666667
0.0460376
1.5

0.18425323333333335
0.0223998
-0.2164939
0.23889370000000001
0.16185343333333332
1.5

0.06726706666666667
0.018960433333333335
-0.1550305
0.17399093333333332
0.048306633333333335
1.5

0.06623986666666667
0.018193266666666666
-0.13240543333333332
0.1505987
0.0480466
1.5

0.21658929999999998
0.017471233333333332
-0.12411576666666667
0.141587
0.19911806666666668
1.5

0.0693227
0.017755133333333336
-0.1224739
0.14022903333333334
0.05156756666666667
1.5

0.0707168
0.017817066666666666
-0.12744253333333333
0.14525960000000002
0.05289973333333333
1.5
