
0.16385306666666669
0.03949113333333333
-0.4736384666666667
0.5131296
0.12436193333333334
1.5

0.17695616666666666
0.11182313333333334
-0.28979763333333336
0.4016207666666667
0.06513303333333333
1.5

0.13500820000000002
0.06693673333333333
-0.2696735333333333
0.33661026666666666
0.06807146666666666
1.4285714285714286

0.09133503333333334
0.023138799999999998
-0.20988583333333335
0.23302463333333334
0.06819623333333334
1.5

0.0856571
0.028121466666666668
-0.21389036666666666
0.24201183333333334
0.05753563333333333
1.5

0.11279810000000001
0.048752566666666663
-0.1953014
0.24405396666666668
0.06404553333333333
1.5

0.09948660000000001
0.042535300000000005
-0.1739427
0.216478
0.0569513
1.5

0.10796156666666666
0.016793766666666668
-0.1352365
0.15203026666666666
0.09116780000000001
1.5

0.09076206666666667
0.020273466666666667
-0.14771653333333332
0.16799
0.07048860000000001
1.5

0.09572203333333335
0.017845200000000002
-0.14218496666666666
0.16003016666666667
0.07787683333333333
1.5
