
0.2497606
0.045089033333333334
-0.4347169
0.4798059333333333
0.2046715666666667
1.5

0.2648761666666667
0.19300546666666668
-0.22729303333333334
0.4202985
0.0718707
1.5

0.2713681
0.05618683333333334
-0.26741086666666664
0.3235977
0.21518126666666668
1.4285714285714286

0.074344
0.024005
-0.18553526666666667
0.20954026666666667
0.050339
1.5

0.14869666666666664
0.025313566666666665
-0.44104509999999997
0.4663586666666667
0.12338310000000001
1.5

0.25618773333333333
0.021871866666666667
-0.1404300666666667
0.16230193333333331
0.23431586666666668
1.5

0.1341032
0.020219666666666667
-0.1356245
0.15584416666666664
0.11388353333333334
1.5

0.15553820000000002
0.017558900000000002
-0.1216387
0.1391976
0.1379793
1.5

0.0948863
0.02537633333333333
-0.12217416666666667
0.1475505
0.06950996666666666
1.5

0.07834953333333335
0.01659666666666667
-0.12487013333333333
0.14146679999999998
0.06175286666666667
1.5
