
0.2976848333333333
0.08294753333333334
-0.4705936666666667
0.5535412
0.2147373
1.5

0.35759603333333334
0.243646
-0.2803854
0.5240314
0.11395003333333334
1.5

0.18127343333333332
0.08198286666666667
-0.2545654333333333
0.33654829999999997
0.09929056666666666
1.4285714285714286

0.11284176666666666
0.025802566666666665
-0.15243876666666667
0.17824133333333333
0.0870392
1.5

0.08667836666666667
0.026401566666666664
-0.18657923333333334
0.2129808
0.060276800000000005
1.5

0.0726038
0.0234176
-0.1487222
0.17213979999999998
0.0491862
1.5

0.07212489999999999
0.022076266666666667
-0.13863626666666667
0.16071253333333332
0.05004863333333333
1.5

0.18191323333333334
0.0272647
-0.1440049333333333
0.17126963333333334
0.15464853333333334
1.5

0.10841033333333333
0.020928966666666667
-0.1324517
0.15338066666666667
0.08748136666666667
1.5

0.08215810000000001
0.019660599999999997
-0.13330243333333333
0.15296303333333333
0.0624975
1.5
