
0.43869226666666666
0.06362816666666667
-0.5389335666666667
0.6025617333333333
0.37506409999999996
1.5

0.17364743333333332
0.0467231
-0.27340226666666667
0.32012536666666663
0.12692433333333333
1.5

0.13010923333333332
0.030127433333333335
-0.6820617
0.7121891333333333
0.09998180000000001
1.4285714285714286

0.12033723333333333
0.0367689
-0.23474806666666667
0.2715169666666667
0.08356833333333333
1.5

0.4326970333333333
0.202637
-0.21134836666666668
0.41398536666666663
0.23006003333333333
1.5

0.18042746666666667
0.10023693333333333
-0.20432146666666667
0.3045584
0.08019053333333334
1.5

0.10380536666666666
0.035589699999999995
-0.174523
0.2101127
0.06821566666666667
1.5

0.08017093333333333
0.023617700000000002
-0.18521016666666665
0.20882786666666667
0.05655323333333333
1.5

0.17580003333333333
0.02552266666666667
-0.1507954
0.1763180666666667
0.15027736666666666
1.5

0.10496656666666666
0.020378766666666666
-0.15181013333333332
0.1721889
0.0845878
1.5
