
0.1655571
0.04049226666666667
-0.4789919
0.5194841666666666
0.12506483333333332
1.5

0.27066143333333337
0.20089196666666667
-0.24075663333333333
0.4416486
0.06976946666666665
1.5

0.22385526666666666
0.049692099999999996
-0.30733
0.35702209999999995
0.17416316666666665
1.4285714285714286

0.09491506666666667
0.0300326
-0.1670103
0.1970429
0.06488246666666667
1.5

0.1407731
0.03568026666666667
-0.19436153333333334
0.2300418
0.10509283333333333
1.5

0.09153643333333333
0.0258982
-0.1587256
0.18462379999999998
0.06563823333333334
1.5

0.08938496666666666
0.0309131
-0.145748
0.17666110000000002
0.05847186666666667
1.5

0.06752723333333334
0.019137133333333334
-0.1342719666666667
0.1534091
0.0483901
1.5

0.5467461
0.030351466666666667
-0.14055716666666665
0.17090863333333334
0.5163946333333334
1.5

0.07790353333333334
0.018102666666666666
-0.1302498
0.14835246666666668
0.05980086666666667
1.5
