
0.3013945
0.06806910000000001
-0.5109085333333333
0.5789776333333333
0.2333254
1.5

0.08454543333333334
0.028034200000000002
-0.2170167
0.2450509
0.05651123333333333
1.5

0.2927203
0.04529066666666667
-0.6409805333333334
0.6862712
0.24742963333333334
1.4285714285714286

0.08526823333333333
0.0328641
-0.16254970000000002
0.1954138
0.05240413333333333
1.5

0.07738793333333334
0.0239153
-0.1628094
0.18672470000000002
0.05347263333333333
1.5

0.22226393333333333
0.061056533333333336
-0.15413193333333333
0.21518846666666666
0.1612074
1.5

0.062748
0.018821833333333333
-0.12891173333333333
0.14773356666666668
0.04392616666666666
1.5

0.125232
0.0179278
-0.12130416666666667
0.13923196666666668
0.1073042
1.5

0.35874629999999996
0.0239123
-0.1240596
0.1479719
0.334834
1.5

0.12907876666666665
0.0179192
-0.1231441
0.14106329999999997
0.11115956666666667
1.5
