
0.254201
0.05647406666666666
-0.4091549666666667
0.46562903333333333
0.19772693333333333
1.5

0.08557563333333333
0.0271988
-0.24402406666666668
0.2712228666666666
0.058376833333333336
1.5

0.14359456666666667
0.028427366666666665
-0.41660613333333335
0.4450335
0.1151672
1.4285714285714286

0.0803768
0.0252505
-0.16737120000000003
0.1926217
0.0551263
1.5

0.5528030333333334
0.027046666666666667
-0.21517673333333334
0.2422234
0.5257563666666667
1.5

0.16375063333333334
0.09616456666666666
-0.18591146666666666
0.2820760333333333
0.06758606666666667
1.5

0.0738438
0.021012700000000002
-0.15774676666666665
0.17875946666666667
0.0528311
1.5

0.11019186666666667
0.026132166666666668
-0.128169
0.15430116666666666
0.0840597
1.5

0.12611586666666666
0.021297066666666666
-0.5787840666666666
0.6000811333333333
0.1048188
1.5

0.05656153333333333
0.016409633333333336
-0.12924196666666665
0.1456516
0.040151900000000004
1.5
