
0.21205403333333334
0.10561326666666666
-0.4390407
0.5446539666666667
0.10644076666666666
1.5

0.276665
0.2153672
-0.2400918
0.455459
0.0612978
1.5

0.15331879999999998
0.07487673333333333
-0.2340856
0.30896233333333334
0.07844206666666667
1.4285714285714286

0.23013446666666668
0.0271857
-0.1629296
0.1901153
0.20294876666666667
1.5

0.07441076666666667
0.0225383
-0.14364079999999999
0.1661791
0.051872466666666665
1.5

0.15327083333333336
0.04869433333333333
-0.14401853333333334
0.19271286666666668
0.1045765
1.5

0.07381813333333333
0.023503966666666667
-0.1512019
0.17470586666666668
0.05031416666666667
1.5

0.06251466666666666
0.018366599999999997
-0.12834883333333333
0.1467154333333333
0.044148066666666666
1.5

0.1885189
0.022929400000000003
-0.13218983333333334
0.15511923333333333
0.1655895
1.5

0.13852003333333332
0.01808783333333333
-0.1244328
0.14252063333333334
0.1204322
1.5
