
0.16543860000000002
0.0333733
-0.4371846
0.47055790000000003
0.1320653
1.5

0.2611370333333333
0.19667976666666667
-0.2524308
0.44911056666666666
0.06445726666666667
1.5

0.1610685
0.09138206666666666
-0.4386578
0.5300398666666667
0.06968643333333334
1.4285714285714286

0.14595746666666667
0.0973655
-0.14210363333333334
0.23946913333333333
0.04859196666666667
1.5

0.08005996666666666
0.027817599999999998
-0.15787289999999998
0.1856905
0.05224236666666667
1.5

0.06997106666666666
0.023371866666666664
-0.1442945
0.16766636666666668
0.0465992
1.5

0.06874126666666666
0.0208389
-0.13477793333333332
0.15561683333333334
0.04790236666666667
1.5

0.15534710000000002
0.023045733333333332
-0.12943686666666668
0.1524826
0.13230136666666667
1.5

0.17147496666666667
0.016733866666666666
-0.12066123333333334
0.1373951
0.1547411
1.5

0.07114283333333332
0.017082633333333336
-0.1249591
0.14204173333333334
0.054060199999999996
1.5
