
0.24752966666666665
0.07845286666666666
-0.4844677666666667
0.5629206333333333
0.1690768
1.5

0.15800093333333332
0.026486799999999998
-0.22691503333333332
0.2534018333333333
0.13151413333333334
1.5

0.10889610000000001
0.026956033333333334
-0.22126023333333333
0.24821626666666666
0.08194006666666667
1.4285714285714286

0.12327496666666667
0.07217806666666667
-0.15693926666666666
0.22911733333333334
0.0510969
1.5

0.07296936666666667
0.022050066666666666
-0.14277779999999998
0.16482786666666666
0.0509193
1.5

0.10984683333333332
0.020222133333333336
-0.1470019333333333
0.16722406666666667
0.0896247
1.5

0.07215796666666666
0.027068400000000003
-0.13017623333333334
0.15724463333333333
0.045089566666666664
1.5

0.21948826666666665
0.1425951
-0.12015110000000001
0.2627462
0.07689316666666667
1.5

0.11627473333333334
0.018062466666666666
-0.5292101
0.5472725666666667
0.09821226666666666
1.5

0.058404033333333334
0.0170989
-0.12567913333333333
0.14277803333333333
0.041305133333333334
1.5
