
0.25281516666666665
0.03609233333333334
-0.4962431
0.5323354333333333
0.21672283333333334
1.5

0.26933386666666664
0.21311916666666667
-0.21440156666666668
0.42752073333333335
0.0562147
1.5

0.0844786
0.0236287
-0.435607
0.4592357
0.0608499
1.4285714285714286

0.07205563333333333
0.022430933333333333
-0.15089836666666667
0.1733293
0.049624699999999994
1.5

0.06936053333333334
0.020728533333333334
-0.14054239999999998
0.1612709333333333
0.048632
1.5

0.12120506666666667
0.021714533333333334
-0.14126136666666667
0.1629759
0.09949053333333334
1.5

0.07460003333333334
0.025820866666666664
-0.13271086666666668
0.15853173333333334
0.048779166666666665
1.5

0.2178827
0.047842166666666665
-0.12295036666666667
0.17079253333333333
0.17004053333333333
1.5

0.10376883333333332
0.0200628
-0.12645393333333332
0.14651673333333334
0.08370603333333335
1.5

0.0722514
0.016982733333333333
-0.12566696666666666
0.14264970000000002
0.05526866666666667
1.5
