
0.3325131333333334
0.03694276666666667
-0.5138234
0.5507661666666667
0.29557036666666664
1.5

0.1008373
0.04190643333333333
-0.2142570666666667
0.2561635
0.05893086666666667
1.5

0.17913353333333332
0.08033363333333333
-0.6508394333333334
0.7311730666666667
0.0987999
1.4285714285714286

0.15594263333333333
0.024487333333333333
-0.154956
0.17944333333333334
0.1314553
1.5

0.08484103333333334
0.0316237
-0.15455373333333333
0.1861774333333333
0.05321733333333334
1.5

0.06622423333333334
0.0200635
-0.139608
0.1596715
0.04616073333333333
1.5

0.07844380000000001
0.029429
-0.13538346666666667
0.16481246666666668
0.049014800000000004
1.5

0.18296733333333334
0.023287933333333333
-0.12675533333333333
0.15004326666666667
0.1596794
1.5

0.15885323333333334
0.026438200000000002
-0.12928133333333333
0.15571953333333333
0.13241503333333332
1.5

0.179297
0.017244466666666666
-0.12331873333333333
0.1405632
0.16205253333333333
1.5
