
0.3326081666666667
0.0389769
-0.44696373333333334
0.48594063333333337
0.29363126666666667
1.5

0.10423966666666667
0.028220099999999998
-0.2223767
0.2505968
0.07601956666666666
1.5

0.12581810000000002
0.05802163333333333
-0.4778482666666667
0.5358699
0.06779646666666667
1.4285714285714286

0.0831782
0.024730166666666668
-0.159564
0.18429416666666665
0.05844803333333333
1.5

0.1420597
0.03248966666666667
-0.18762646666666669
0.22011613333333332
0.10957003333333334
1.5

0.0888244
0.03985673333333333
-0.14863616666666665
0.1884929
0.048967666666666666
1.5

0.07295086666666667
0.027442933333333336
-0.1301047
0.15754763333333333
0.045507933333333334
1.5

0.06982013333333333
0.020498766666666668
-0.13495263333333332
0.1554514
0.04932136666666667
1.5

0.08031303333333334
0.0191834
-0.1349545
0.1541379
0.06112963333333333
1.5

0.05814913333333333
0.0167068
-0.1250645
0.1417713
0.04144233333333334
1.5
