
20.149571681
15.825784256999999
4.234628694
0.08915872999999999
0.446677327
10.204573391
5.174533539
4.859223300970874

19.130447340999996
15.529286424
3.518082333
0.083078584
0.16284607199999998
10.247041585000002
5.119398767
4.980099502487562

19.105528437
15.476293955000001
3.5681373560000003
0.061097125999999995
0.127052422
10.256691139
5.092550394000001
4.995

19.091054519
15.490183726
3.550033986
0.050836807
0.140489916
10.227976554
5.121717256
4.985074626865671

18.993034306000002
15.414265539
3.4800001600000003
0.09876860700000001
0.10418119899999999
10.21987686
5.09020748
5.0

19.198358072999998
15.423444745
3.710594142
0.064319186
0.097453281
10.207426152
5.118565312
4.99

19.118912857999998
15.413910916999999
3.6535693769999997
0.051432564
0.101969731
10.194273800000001
5.117667386
4.990049751243781

18.960398622000003
15.397382293
3.5023929559999996
0.060623373
0.110998547
10.195348112
5.091035634
5.0

19.030854446
15.391506514
3.547988009
0.091359923
0.10717146000000001
10.174082867000001
5.1102521869999995
5.0

19.107370416000002
15.386954596999999
3.633364182
0.087051637
0.091166002
10.187044154999999
5.108744440000001
4.955223880597015
