
10.5709599
10.520478632
0.0
0.128379199
0.165193426
5.082129393
5.273155813
4.859223300970874

10.371986995999999
10.349050184000001
0.0
0.061730906
0.135515201
5.065615295
5.147919688
4.980099502487562

10.324201768
10.30667874
0.0
0.046411359
0.095443416
5.072932004
5.13830332
4.995

10.327357622
10.306425288
0.0
0.054548247
0.054273777
5.139030358
5.113121153
4.985074626865671

10.293668249
10.273612021
0.0
0.048793763
0.049217648
5.0723489740000005
5.152045399
5.0

10.290495751
10.275098939
0.0
0.041102322999999996
0.044046231
5.099073837000001
5.131978871
4.99

10.295500618
10.286367753
0.0
0.039015085
0.047344494
5.1082107070000005
5.130812552
4.990049751243781

10.278714484
10.266273564999999
0.0
0.043663483999999995
0.046581241999999995
5.065727552
5.153964771
5.0

10.264756244
10.254012469000001
0.0
0.038390512
0.042442593
5.098437222
5.113132654
5.0

10.269209329
10.258153715
0.0
0.035352317
0.036725522
5.103347679
5.118080514000001
4.955223880597015
