
39.390164417
30.811683353
8.477304378000001
0.101176686
0.34384693
20.298712104
10.169124319
4.975124378109452

39.223407725
30.557300238000003
8.586383548
0.079723939
0.182403444
20.29200335
10.082893444
5.0

39.156246229999994
30.494564254
8.584897766000001
0.07678421
0.179473828
20.201067568
10.114022857999998
5.0

39.170241012000005
30.486793504
8.609857618000001
0.07358989
0.121121458
20.281478442
10.084193604000001
5.0

38.986675094999995
30.461346792
8.459872896
0.065455407
0.127160366
20.205228579999996
10.128957846
5.0

39.061045156999995
30.45692999
8.54995491
0.054160256999999996
0.117080146
20.212103690000003
10.127746153999999
5.0

39.083366329
30.438283188
8.591774864
0.053308277
0.107505276
20.206937644
10.123840267999999
5.0

39.066010756
30.417755996
8.593625818
0.054628942
0.10561799000000001
20.195080190000002
10.117057815999999
5.0

39.122019967
30.41750823
8.617076304
0.087435433
0.110906398
20.190563724
10.116038108
5.0

39.064805737
30.418148421999998
8.555274466
0.091382849
0.115305751
20.194677175000002
10.108165496
4.975124378109452
