
20.541803506
20.531873692
0.0
0.07126317
0.096898313
10.250090958000001
10.184884421
4.975124378109452

20.355160625
20.35407589
0.0
0.046689129
0.06511659
10.151815864
10.137143436
5.0

20.332597333
20.32322753
0.0
0.034447997
0.042021064
10.133321866000001
10.1478846
5.0

20.332648721
20.320658043999998
0.0
0.036637047
0.041556762000000004
10.138743626
10.140357655999999
5.0

20.313480191
20.304689932
0.0
0.031904681
0.036643028
10.134247934000001
10.13379897
5.0

20.316960861000002
20.309365762
0.0
0.030871491
0.036112894
10.141448494
10.131804374
5.0

20.305570210000003
20.305192374
0.0
0.026525224
0.039581542000000004
10.131390124
10.134220708
5.0

20.293804302
20.291437482
0.0
0.024322924
0.034158816
10.133028267999999
10.124250398000001
5.0

20.300254517000003
20.295755232
0.0
0.026770315
0.035219158
10.138066519999999
10.122469554
5.0

20.281572171
20.277123899
0.0
0.026234777999999997
0.038763737
10.111521837
10.126838325
4.975124378109452
