
20.570072813
20.553816585
0.0
0.09267419
0.144458316
10.153222817
10.256135451999999
4.975124378109452

20.437217914
20.353338096
0.0
0.124850872
0.064763268
10.100789702
10.187785126
5.0

20.338113547
20.322385084
0.0
0.049829428999999995
0.052484108
10.117921619999999
10.151979356
5.0

20.330847068999997
20.311071414
0.0
0.051150131
0.04808957
10.118176711999999
10.144805132
5.0

20.312535177
20.294718962
0.0
0.048474603000000005
0.046633604
10.113920936000001
10.134164422
5.0

20.312044006
20.29481372
0.0
0.049206988
0.047399652
10.107882814
10.139531254000001
5.0

20.302150090999998
20.293394458
0.0
0.041046720999999994
0.047214928
10.122703968
10.123475562000001
5.0

20.288118744
20.279226473999998
0.0
0.04033754
0.046074694000000006
10.10784962
10.12530216
5.0

20.27721457
20.268524428
0.0
0.03969325
0.046000564
10.098377758
10.124146106000001
5.0

20.295102603
20.282540092999998
0.0
0.04028834
0.041583746
10.113229739
10.127726608
4.975124378109452
