
0.250574405
0.125700782
-0.167566421
0.293267203
0.124873623
9.247706422018348

0.21482021599999998
0.06796126499999999
-0.13155303
0.199514295
0.146858951
9.40566037735849

0.067415921
0.018220591
-0.11750670299999999
0.135727294
0.04919533
9.155963302752294

0.15253967300000001
0.079892121
-0.07841325199999999
0.158305373
0.07264755199999999
9.891089108910892

0.062300174
0.016368568
-0.081088732
0.0974573
0.045931606
10.0

0.085693346
0.014819508
-0.065449373
0.080268881
0.07087383800000001
9.900990099009901

0.077599584
0.012524994000000001
-0.056965053999999994
0.069490048
0.06507459
10.0

0.053209675000000005
0.010425111999999999
-0.05520038
0.065625492
0.042784563000000005
9.98

0.046571421
0.017903147
-0.052284555999999996
0.07018770299999999
0.028668274
9.18348623853211

0.036701281
0.013638762
-0.05106825
0.06470701200000001
0.023062519
9.25
