
0.253656434
0.125953838
-0.234651224
0.360605062
0.127702596
9.247706422018348

0.16724339000000002
0.035373146
-0.23142131700000002
0.266794463
0.131870244
9.495238095238095

0.148818303
0.038537423
-0.077057791
0.115595214
0.11028088
9.155963302752294

0.127243447
0.061876226
-0.126923916
0.188800142
0.065367221
9.891089108910892

0.066673626
0.020502098000000003
-0.076373758
0.096875856
0.046171527999999996
10.0

0.104717244
0.030143452
-0.194869356
0.22501280799999998
0.074573792
9.900990099009901

0.055966775
0.015702424
-0.079486458
0.095188882
0.040264351000000004
10.0

0.048779319
0.012801456000000001
-0.061772946
0.074574402
0.035977863
9.98

0.051038124000000004
0.012105857
-0.06971757099999999
0.081823428
0.038932267
9.18348623853211

0.074058868
0.012879751
-0.068488797
0.081368548
0.061179117
9.336448598130842
