
4.431811983
4.417573534
0.0
0.129150219
0.262508345
0.622502518
3.532562671
4.830917874396135

3.462207884
3.447506654
0.0
0.100640093
0.131325058
0.277468356
3.0387132400000003
4.926470588235294

3.09803548
3.084461495
0.0
0.072201322
0.101466404
0.207538929
2.7754561620000002
4.995

3.149024247
3.010615207
0.0
0.189769825
0.09339899
0.210882644
2.7063335729999998
5.0201005025125625

2.9135719759999996
2.837524712
0.0
0.147669404
0.11927423200000001
0.198765877
2.519484603
4.985

2.788876352
2.7940687769999997
0.0
0.044319276
0.084634285
0.194071572
2.51536292
4.985148514851486

2.806274533
2.8159375090000003
0.0
0.064855368
0.12962854
0.183434289
2.50287468
4.925742574257426

2.731336079
2.7562184849999998
0.0
0.09115561800000001
0.14784998900000001
0.057867365
2.550501131
4.882926829268293

2.632977871
2.6082014190000002
0.0
0.079361515
0.108665069
0.06891873
2.43061762
4.716981132075472

2.4798061970000003
2.460834801
0.0
0.078313565
0.098288848
0.11381851
2.248727443
4.490990990990991
