
4.595865251
4.561483902
0.0
0.12628902
0.190429546
0.6500062839999999
3.7210480720000003
4.830917874396135

3.580155573
3.51314746
0.0
0.138213418
0.15199603
0.283604927
3.077546503
4.926470588235294

3.103011607
3.0521437540000003
0.0
0.108338298
0.107389572
0.21437302900000002
2.7303811529999997
4.995

3.032585066
3.007116889
0.0
0.073507209
0.096839164
0.26931347600000005
2.640964249
4.945544554455446

2.770133237
2.73468155
0.0
0.071940391
0.067316522
0.225692997
2.441672031
4.960199004975125

2.819747988
2.816991303
0.0
0.039394482
0.061293084000000005
0.261921246
2.493776973
4.985148514851486

2.779666438
2.75788062
0.0
0.054165292999999996
0.04981910899999999
0.270392788
2.4376687230000003
4.925742574257426

2.6527558300000003
2.639283625
0.0
0.043170406
0.045876005
0.202584163
2.3908234569999998
4.882926829268293

2.490347528
2.444351006
0.0
0.077450244
0.056323695
0.204256977
2.1837703339999996
4.739336492890995

2.354923487
2.342059333
0.0
0.043836761
0.053632407
0.17578685800000002
2.112640068
4.4708520179372195
