
4.459632091
4.472890847
0.0
0.1516642
0.321273038
0.41905428299999997
3.732563526
4.830917874396135

3.4860327620000002
3.485291031
0.0
0.085938402
0.143064317
0.36509785600000005
2.977128858
4.926470588235294

3.042370439
3.024415145
0.0
0.063702033
0.08442672500000001
0.292971662
2.647016758
4.995

2.930043699
2.943318629
0.0
0.069208302
0.127124065
0.219005764
2.5971887999999996
4.970149253731344

2.8416305669999997
2.8254158
0.0
0.070558601
0.08005524400000001
0.151216649
2.5941439070000003
4.935643564356436

2.825718898
2.8206394109999997
0.0
0.044952883
0.058268968
0.240934002
2.521436441
4.985148514851486

2.83076491
2.824326874
0.0
0.066187525
0.08483004300000001
0.16158333900000002
2.577913492
4.925742574257426

2.744372568
2.731804401
0.0
0.064616783
0.081795169
0.157816304
2.4921929279999997
4.882926829268293

2.5065597719999997
2.516419682
0.0
0.043014014
0.069500969
0.199253541
2.2476651719999996
4.716981132075472

2.369125137
2.368303252
0.0
0.039812953
0.059542064
0.161891429
2.146869759
4.4708520179372195
