
0.15362783333333335
0.06738126666666666
-0.3038770333333333
0.3712583
0.08624656666666666
1.4285714285714286

0.44374113333333337
0.27695386666666666
-0.7109741666666666
0.9879280333333333
0.16678726666666666
1.6666666666666667

0.3538958
0.22613223333333335
-0.29330259999999997
0.5194348333333333
0.12776356666666666
2.8181818181818183

0.13940213333333334
0.044213466666666666
-0.26179246666666667
0.30600593333333337
0.09518866666666667
3.0

0.2448494333333333
0.14972886666666668
-0.2490207
0.39874956666666667
0.09512056666666667
2.9

0.0886202
0.029418200000000002
-0.15488616666666666
0.18430436666666666
0.059202
2.8181818181818183

0.29494753333333334
0.22706883333333333
-0.1556382
0.38270703333333334
0.0678787
2.4166666666666665

0.10187693333333334
0.0541755
-0.13223786666666668
0.18641336666666666
0.047701433333333335
2.3846153846153846

0.10336963333333334
0.04041576666666667
-0.13744996666666667
0.17786573333333333
0.06295386666666666
3.0

0.08803286666666667
0.023474
-0.13787936666666667
0.16135336666666666
0.06455886666666667
2.9
