
0.1527574
0.04599106666666666
-0.4125007
0.4584917666666667
0.10676633333333332
1.4285714285714286

0.3707161666666667
0.3047608333333333
-0.2140996
0.5188604333333333
0.06595533333333332
1.6666666666666667

0.18231536666666667
0.10659433333333333
-0.24971606666666668
0.3563104
0.07572103333333334
2.8181818181818183

0.11974163333333333
0.032280633333333336
-0.22229863333333333
0.25457926666666664
0.087461
3.0

0.29896913333333336
0.2021016
-0.2340456
0.4361472
0.09686753333333334
2.9

0.13457546666666667
0.026672900000000003
-0.16341570000000002
0.1900886
0.10790256666666667
2.8181818181818183

0.2291771
0.025996133333333334
-0.22204566666666667
0.24804179999999998
0.20318096666666668
2.4166666666666665

0.07707026666666666
0.028171566666666665
-0.1356052
0.16377676666666666
0.048898699999999996
2.3846153846153846

0.08609923333333333
0.025215433333333336
-0.13374670000000002
0.15896213333333334
0.0608838
3.0

0.10189396666666665
0.0291957
-0.16376433333333335
0.19296003333333334
0.07269826666666666
2.9
