
0.29953053333333335
0.0504464
-0.7144488666666667
0.7648952666666667
0.24908413333333332
1.4285714285714286

1.3084921666666667
1.043035
-0.27121236666666665
1.3142473666666667
0.2654571666666667
1.7647058823529411

0.14099853333333331
0.0536734
-0.2772249
0.3308983
0.08732513333333333
2.8181818181818183

0.15603863333333334
0.0552119
-0.28163713333333334
0.3368490333333333
0.10082673333333333
3.0

0.24045023333333335
0.1430061
-0.27290020000000004
0.4159063
0.09744413333333334
2.9

0.09353206666666666
0.03245953333333333
-0.17353566666666664
0.20599520000000002
0.06107253333333333
2.8181818181818183

0.10887743333333333
0.03631773333333333
-0.18226393333333332
0.21858166666666665
0.07255969999999999
2.4166666666666665

0.1169288
0.0641179
-0.1526174
0.2167353
0.0528109
2.3846153846153846

0.09944339999999999
0.0310505
-0.15126876666666667
0.18231926666666667
0.06839289999999999
3.0

0.11839686666666667
0.03177406666666666
-0.19494903333333333
0.2267231
0.0866228
2.9
