
0.11828176666666666
0.031031566666666666
-0.3493796666666667
0.3804112333333333
0.0872502
1.4285714285714286

0.3306024
0.26290353333333333
-0.1867866
0.44969013333333335
0.06769886666666666
1.6666666666666667

0.2770432666666667
0.036592033333333336
-1.2151314333333334
1.2517234666666666
0.24045123333333335
2.8181818181818183

0.1353889
0.0375708
-0.33780743333333335
0.3753782333333333
0.0978181
3.0

0.2388086
0.1483660333333333
-0.26220296666666665
0.410569
0.09044256666666667
2.9

0.0915338
0.027627066666666665
-0.18182120000000002
0.20944826666666666
0.06390673333333333
2.8181818181818183

0.10378723333333334
0.025747033333333332
-0.16463383333333334
0.19038086666666668
0.0780402
2.4166666666666665

0.07046963333333334
0.0227081
-0.13003926666666665
0.15274736666666666
0.047761533333333335
2.3846153846153846

0.0886367
0.025010766666666667
-0.13024566666666668
0.15525643333333333
0.06362593333333333
3.0

0.08709689999999999
0.023422566666666665
-0.14198863333333334
0.1654112
0.06367433333333333
2.9
