
0.1999215666666667
0.0954098
-0.3825081666666667
0.4779179666666667
0.10451176666666666
1.4285714285714286

0.3988182
0.3212999
-0.25930016666666666
0.5806000666666666
0.0775183
1.6666666666666667

0.22358726666666667
0.033088400000000004
-0.2139759333333333
0.24706433333333333
0.19049886666666666
2.8181818181818183

0.11772236666666668
0.0316354
-0.20573460000000002
0.23737
0.08608696666666665
3.0

0.15515986666666667
0.03536523333333333
-0.22485186666666668
0.2602171
0.11979463333333333
2.9

0.13611853333333332
0.0296482
-0.23077186666666666
0.26042006666666667
0.10647033333333333
2.8181818181818183

0.23726083333333334
0.07088866666666667
-0.24411123333333334
0.3149999
0.16637216666666665
2.4166666666666665

0.1157155
0.0608009
-1.0281653
1.0889662
0.0549146
2.3846153846153846

0.11065026666666666
0.03942866666666667
-0.1576068
0.1970354666666667
0.07122160000000001
3.0

0.09332496666666666
0.0249874
-0.1553586
0.180346
0.06833756666666667
2.9
