
0.39993576666666664
0.2609745
-0.37685583333333333
0.6378303333333334
0.13896126666666667
1.4285714285714286

0.43941773333333334
0.3675946
-0.22757133333333335
0.5951659333333333
0.07182313333333333
1.6666666666666667

0.16316203333333332
0.051775800000000004
-1.0778687
1.1296445
0.11138623333333333
2.8181818181818183

0.146655
0.04780423333333333
-0.2021154666666667
0.24991970000000002
0.09885076666666666
3.0

0.12301266666666667
0.035617699999999995
-0.17749653333333332
0.21311423333333335
0.08739496666666666
2.9

0.0896015
0.024646666666666667
-0.20560983333333335
0.2302565
0.06495483333333334
2.8181818181818183

0.3710559666666667
0.29409396666666665
-0.1981779
0.4922718666666666
0.076962
2.4166666666666665

0.13474893333333332
0.0774948
-0.13766233333333333
0.21515713333333333
0.05725413333333333
2.3846153846153846

0.08704869999999999
0.0237585
-0.13417
0.1579285
0.06329019999999999
3.0

0.08434889999999999
0.021899099999999998
-0.14114933333333335
0.16304843333333333
0.0624498
2.9
