
0.6758390666666666
0.2323024
-0.47271726666666664
0.7050196666666666
0.4435366666666667
1.4285714285714286

0.48554563333333334
0.3261965
-0.24441856666666667
0.5706150666666666
0.15934913333333334
1.6666666666666667

0.12975513333333333
0.035239599999999996
-0.23375533333333334
0.26899493333333335
0.09451553333333335
2.8181818181818183

0.116609
0.026804
-0.23264616666666665
0.25945016666666665
0.089805
3.0

0.2340699333333333
0.1447025
-0.22260496666666668
0.3673074666666667
0.08936743333333333
2.9

0.1307805
0.04411893333333333
-0.18605966666666665
0.2301786
0.08666156666666666
2.8181818181818183

0.09525416666666667
0.025376466666666667
-0.1521768
0.17755326666666665
0.0698777
2.4166666666666665

0.0990063
0.052788966666666666
-0.1335866
0.1863755666666667
0.04621733333333333
2.3846153846153846

0.09346646666666666
0.028026466666666666
-0.1410741
0.16910056666666667
0.06544
3.0

0.08679946666666666
0.023451366666666664
-0.15096056666666668
0.17441193333333332
0.0633481
2.9
