
0.15167953333333334
0.06467913333333333
-0.5381267333333333
0.6028058666666667
0.08700039999999999
1.4285714285714286

0.3595436666666667
0.2949731666666667
-0.22693803333333332
0.5219112
0.0645705
1.6666666666666667

0.11507310000000001
0.04052956666666666
-0.24790203333333333
0.28843159999999995
0.07454353333333334
2.8181818181818183

0.27491493333333333
0.037480099999999995
-0.24912436666666668
0.28660446666666667
0.23743483333333334
3.0

0.24163233333333334
0.15858453333333333
-0.21076956666666669
0.36935409999999996
0.0830478
2.9

0.09012036666666667
0.029558900000000003
-0.16349770000000002
0.1930566
0.06056146666666667
2.8181818181818183

0.09376419999999999
0.0252214
-0.1523862
0.1776076
0.0685428
2.4166666666666665

0.10301560000000001
0.05502826666666667
-0.1338269
0.18885516666666666
0.04798733333333333
2.3846153846153846

0.13546576666666665
0.07195893333333334
-0.1377102
0.20966913333333334
0.06350683333333333
3.0

0.1018428
0.03812576666666667
-0.1508264
0.18895216666666664
0.06371703333333334
2.9
