
0.24095876666666666
0.13849946666666668
-0.3816879
0.5201873666666667
0.1024593
1.4285714285714286

0.33729146666666665
0.2695750333333333
-0.21724113333333334
0.48681616666666666
0.06771643333333334
1.6666666666666667

0.11853246666666666
0.03604053333333333
-0.2440089
0.2800494333333334
0.08249193333333334
2.8181818181818183

0.6919012666666667
0.4951565333333333
-0.2602180333333333
0.7553745666666667
0.19674473333333334
3.0

0.2638948333333333
0.16638803333333332
-0.2996297333333333
0.46601776666666667
0.0975068
2.9

0.1463161
0.03918976666666667
-0.2456762
0.2848659666666667
0.10712633333333332
2.8181818181818183

0.11753886666666667
0.0356934
-0.21842423333333333
0.2541176333333333
0.08184546666666666
2.4166666666666665

0.11951633333333332
0.022428666666666666
-0.15115510000000001
0.17358376666666667
0.09708766666666667
2.3846153846153846

0.09558026666666666
0.027028033333333333
-0.14584766666666665
0.17287570000000002
0.06855223333333334
3.0

0.0922847
0.023818466666666666
-0.14796316666666665
0.17178163333333332
0.06846623333333333
2.9
