
0.18695803333333333
0.08705560000000001
-0.41135073333333333
0.49840633333333334
0.09990243333333333
1.4285714285714286

0.5158930333333334
0.4400168333333333
-0.30929676666666667
0.7493136
0.07587619999999999
1.6666666666666667

0.1588945
0.07799213333333334
-0.2951773333333333
0.37316946666666667
0.08090236666666667
2.8181818181818183

0.27933093333333336
0.1278407
-0.2666091666666667
0.39444986666666665
0.15149023333333334
3.0

0.29496456666666665
0.1704549333333333
-0.2361884333333333
0.4066433666666666
0.12450963333333333
2.9

0.1290468
0.0286664
-0.20681366666666665
0.23548006666666668
0.1003804
2.8181818181818183

0.09797623333333334
0.024599633333333336
-0.20768436666666668
0.232284
0.0733766
2.4166666666666665

0.10445643333333333
0.0547585
-0.13663813333333333
0.19139663333333334
0.04969793333333333
2.3846153846153846

0.094442
0.028645633333333333
-0.1420826
0.17072823333333334
0.06579636666666668
3.0

0.14376546666666667
0.021907266666666668
-0.13775916666666665
0.15966643333333333
0.1218582
2.9
