
0.23357476666666666
0.10994269999999999
-0.38659859999999996
0.49654129999999996
0.12363206666666667
1.4285714285714286

0.3961573333333333
0.32073013333333333
-0.24848086666666666
0.569211
0.0754272
1.6666666666666667

0.3173594
0.21933746666666668
-0.2750586
0.49439606666666663
0.09802193333333334
2.8181818181818183

0.2768888
0.1790902
-0.31713963333333334
0.4962298333333333
0.0977986
3.0

0.2112229333333333
0.1144517
-0.2925222
0.4069739
0.09677123333333333
2.9

0.1476956
0.03333506666666666
-0.2113049
0.24463996666666668
0.11436053333333333
2.8181818181818183

0.24965286666666667
0.16181579999999998
-0.21752483333333333
0.37934063333333334
0.08783706666666667
2.4166666666666665

0.11013816666666668
0.0281096
-0.17113216666666667
0.19924176666666665
0.08202856666666666
2.3846153846153846

0.1964266
0.031948333333333336
-0.16936286666666667
0.20131120000000002
0.16447826666666665
3.0

0.15721536666666666
0.0348271
-0.16937246666666667
0.2041995666666667
0.12238826666666666
2.9
