
0.1590235
0.05942073333333333
-0.36085086666666666
0.42027159999999997
0.09960276666666666
1.4285714285714286

0.38771723333333336
0.30195693333333334
-0.20228333333333334
0.5042402666666667
0.0857603
1.6666666666666667

0.44136063333333336
0.31870683333333333
-0.26303393333333336
0.5817407666666667
0.12265380000000001
2.8181818181818183

0.4412587
0.24740706666666668
-0.23723370000000002
0.48464076666666667
0.19385163333333333
3.0

0.2914496
0.19483346666666668
-0.25266513333333335
0.44749859999999997
0.09661613333333333
2.9

0.11732466666666667
0.03185776666666667
-0.16207020000000003
0.19392796666666667
0.0854669
2.8181818181818183

0.105456
0.029304233333333332
-0.23370106666666668
0.2630053
0.07615176666666666
2.4166666666666665

0.11643606666666667
0.06669003333333334
-0.1747889333333333
0.24147896666666668
0.049746033333333335
2.3846153846153846

0.09525226666666667
0.0266435
-0.15474063333333332
0.18138413333333334
0.06860876666666667
3.0

0.101207
0.023503700000000002
-0.13554170000000001
0.1590454
0.0777033
2.9
