
0.19571763333333334
0.06067566666666666
-0.38367009999999996
0.44434576666666664
0.13504196666666668
1.4285714285714286

0.3553013666666666
0.2788039666666667
-0.28531426666666665
0.5641182333333333
0.0764974
1.6666666666666667

0.3755772666666667
0.0601812
-0.30040986666666664
0.3605910666666666
0.31539606666666664
2.8181818181818183

0.19997626666666665
0.10746753333333334
-0.25303383333333335
0.36050136666666666
0.09250873333333334
3.0

0.2347294
0.044246933333333335
-0.227682
0.27192893333333334
0.19048246666666668
2.9

0.11017023333333334
0.043780099999999995
-0.21642246666666667
0.2602025666666667
0.06639013333333334
2.8181818181818183

0.11770873333333334
0.025489766666666667
-0.1331839333333333
0.1586737
0.09221896666666667
2.4166666666666665

0.0731026
0.022287099999999997
-0.16276829999999998
0.18505539999999998
0.0508155
2.3846153846153846

0.0896105
0.027910633333333334
-0.1383999
0.16631053333333332
0.061699866666666665
3.0

0.09077316666666667
0.024060833333333333
-0.14782816666666665
0.171889
0.06671233333333333
2.9
