
0.29320986666666665
0.19107046666666666
-0.4487564
0.6398268666666667
0.10213939999999999
1.4285714285714286

0.36268209999999995
0.2948308
-0.2627331
0.5575639
0.0678513
1.6666666666666667

0.34587236666666665
0.2496761
-0.27161979999999997
0.5212959
0.09619626666666667
2.8181818181818183

0.21306129999999998
0.10372306666666667
-0.26698483333333334
0.37070790000000003
0.10933823333333334
3.0

0.26302843333333337
0.15064106666666668
-0.26766806666666665
0.41830913333333336
0.11238736666666667
2.9

0.14812886666666666
0.029773866666666666
-0.25010923333333335
0.2798831
0.118355
2.8181818181818183

0.18528986666666666
0.040924
-0.22415136666666666
0.26507536666666665
0.14436586666666668
2.4166666666666665

0.11291486666666667
0.029102633333333336
-0.16349046666666667
0.19259310000000002
0.08381223333333333
2.3846153846153846

0.13223866666666664
0.04647376666666667
-0.18671966666666664
0.2331934333333333
0.08576489999999999
3.0

0.11536066666666667
0.025472900000000003
-0.1702555
0.1957284
0.08988776666666666
2.9
