
0.1489015
0.050133533333333334
-0.3531878333333333
0.4033213666666666
0.09876796666666667
1.4285714285714286

0.6409332666666667
0.5058657
-0.22360773333333334
0.7294734333333334
0.1350675666666667
1.6666666666666667

0.24998313333333333
0.0309836
-0.24081733333333336
0.2718009333333333
0.21899953333333333
2.8181818181818183

0.20303326666666666
0.1111535
-0.2485175
0.359671
0.09187976666666667
3.0

0.28518893333333334
0.18367176666666665
-0.27208013333333336
0.45575190000000004
0.10151716666666667
2.9

0.2681847
0.03143113333333333
-0.6950479333333334
0.7264790666666666
0.2367535666666667
2.8181818181818183

0.1286922
0.0420919
-0.22417833333333334
0.26627023333333333
0.0866003
2.4166666666666665

0.12463830000000001
0.07051263333333334
-0.174334
0.24484663333333334
0.05412566666666666
2.3846153846153846

0.10014316666666667
0.02386466666666667
-0.16886410000000002
0.19272876666666666
0.0762785
3.0

0.0978295
0.029756666666666667
-0.1431164
0.17287306666666669
0.06807283333333333
2.9
