
0.12218313333333333
0.04046896666666667
-0.32278846666666666
0.3632574333333333
0.08171416666666667
1.4285714285714286

0.4193578333333333
0.3500919
-0.284721
0.6348129
0.06926593333333333
1.6666666666666667

0.1448615
0.07367953333333334
-0.24004633333333333
0.31372586666666663
0.07118196666666667
2.8181818181818183

0.13060076666666667
0.03942573333333333
-0.22753583333333335
0.26696156666666665
0.09117503333333334
3.0

0.2372862
0.0322465
-0.19489646666666668
0.22714296666666667
0.20503970000000002
2.9

0.0897634
0.0294609
-0.18016853333333332
0.2096294333333333
0.0603025
2.8181818181818183

0.09715876666666666
0.0257436
-0.1794375666666667
0.20518116666666666
0.07141516666666667
2.4166666666666665

0.1830753
0.06260423333333333
-0.18536653333333333
0.24797076666666668
0.12047106666666667
2.3846153846153846

0.1114887
0.03292576666666667
-0.1533295
0.18625526666666667
0.07856293333333333
3.0

0.0880128
0.021749233333333333
-0.1415999
0.16334913333333334
0.06626356666666666
2.9
