
0.13815553333333333
0.04656326666666667
-0.4057442
0.45230746666666666
0.09159226666666666
1.4285714285714286

0.3783043
0.3029556666666667
-0.3083394666666667
0.6112951333333333
0.07534863333333333
1.6666666666666667

0.21772423333333335
0.029146599999999998
-0.25462413333333334
0.28377073333333336
0.18857763333333333
2.8181818181818183

0.11484946666666666
0.03211066666666667
-0.21616196666666668
0.24827263333333333
0.0827388
3.0

0.10319913333333333
0.027906
-0.17579776666666666
0.20370376666666667
0.07529313333333333
2.9

0.1511043
0.032683533333333334
-0.18287726666666665
0.2155608
0.11842076666666666
2.8181818181818183

0.11756493333333333
0.026908033333333334
-0.15721576666666667
0.18412379999999998
0.0906569
2.4166666666666665

0.07532246666666666
0.021436966666666668
-0.13572779999999998
0.15716476666666665
0.0538855
2.3846153846153846

0.0824986
0.021434566666666665
-0.13633436666666668
0.15776893333333333
0.06106403333333333
3.0

0.0937899
0.024872099999999998
-0.14918866666666666
0.17406076666666667
0.0689178
2.9
