
0.16962613333333332
0.07079496666666665
-0.5118172666666667
0.5826122333333332
0.09883116666666668
1.4285714285714286

0.3924752
0.31635493333333337
-0.2924141333333334
0.6087690666666666
0.07612026666666666
1.6666666666666667

0.276915
0.18237889999999998
-0.3247923
0.5071712
0.09453610000000001
2.8181818181818183

0.12228639999999999
0.027662466666666666
-0.2643527333333333
0.29201520000000003
0.09462393333333334
3.0

0.3426860333333333
0.2430473
-0.26269463333333337
0.5057419333333334
0.09963873333333334
2.9

0.30587106666666664
0.07000010000000001
-0.7669389
0.836939
0.23587096666666668
2.8181818181818183

0.26516576666666664
0.028835066666666666
-0.2291102
0.2579452666666667
0.2363307
2.4166666666666665

0.15000829999999998
0.022470599999999997
-0.15715553333333332
0.17962613333333333
0.1275377
2.3846153846153846

0.1476567
0.07660153333333335
-0.14675370000000001
0.22335523333333335
0.07105516666666667
3.0

0.09506916666666668
0.028858233333333334
-0.2537736333333333
0.2826318666666666
0.06621093333333333
2.9
