
0.21534416666666667
0.0685751
-0.3651658
0.43374090000000004
0.14676906666666667
1.4285714285714286

0.3980822
0.33029986666666666
-0.2742271666666667
0.6045270333333334
0.06778233333333333
1.6666666666666667

0.12911003333333335
0.06070776666666667
-0.23734646666666667
0.29805423333333336
0.06840226666666667
2.8181818181818183

0.1076208
0.029807200000000002
-0.17028243333333332
0.20008963333333332
0.07781360000000001
3.0

0.1153747
0.0292407
-0.1830404333333333
0.21228113333333334
0.086134
2.9

0.11678056666666667
0.048972166666666664
-0.19200806666666667
0.24098023333333335
0.06780839999999999
2.8181818181818183

0.09612046666666665
0.026124166666666667
-0.14271053333333333
0.1688347
0.0699963
2.4166666666666665

0.20438406666666667
0.05423036666666667
-0.1522873
0.20651766666666665
0.1501537
2.3846153846153846

0.1990399333333333
0.1348114
-0.17087753333333333
0.30568893333333336
0.06422853333333334
3.0

0.08544583333333333
0.022269466666666668
-0.13425913333333334
0.15652860000000002
0.06317636666666666
2.9
