
0.17197433333333334
0.08049303333333334
-0.3920809333333333
0.4725739666666667
0.0914813
1.4285714285714286

0.46568196666666667
0.39805033333333334
-0.2970416333333334
0.6950919666666667
0.06763163333333333
1.6666666666666667

0.11722303333333334
0.03593163333333333
-0.30772593333333337
0.34365756666666664
0.0812914
2.8181818181818183

0.2080784
0.11551283333333333
-0.2529609333333333
0.36847376666666665
0.09256556666666667
3.0

0.11909883333333333
0.03437433333333333
-0.22515020000000002
0.2595245333333333
0.0847245
2.9

0.09619443333333333
0.029105133333333335
-0.20577289999999998
0.23487803333333332
0.0670893
2.8181818181818183

0.1170351
0.030395666666666668
-0.24704573333333335
0.2774414
0.08663943333333333
2.4166666666666665

0.10568306666666667
0.024923333333333332
-0.22089163333333334
0.24581496666666666
0.08075973333333333
2.3846153846153846

0.10098276666666667
0.026955733333333332
-0.15782293333333333
0.18477866666666665
0.07402703333333334
3.0

0.0924484
0.022666933333333333
-0.16539296666666667
0.1880599
0.06978146666666667
2.9
