
0.19887443333333332
0.09807963333333333
-0.5047988333333333
0.6028784666666667
0.1007948
1.4285714285714286

0.401647
0.30693063333333337
-0.24158083333333336
0.5485114666666667
0.09471636666666666
1.6666666666666667

0.10061110000000001
0.0344473
-0.19033046666666667
0.22477776666666666
0.06616380000000001
2.8181818181818183

0.14293243333333333
0.032800333333333334
-0.1843524
0.21715273333333335
0.11013210000000001
3.0

0.1203588
0.0289078
-0.15119886666666668
0.18010666666666666
0.091451
2.9

0.08437716666666667
0.025818533333333334
-0.15706346666666668
0.182882
0.05855863333333333
2.8181818181818183

0.09269886666666667
0.025240766666666668
-0.1568818
0.18212256666666668
0.06745810000000001
2.4166666666666665

0.1199919
0.0519743
-0.13473043333333332
0.18670473333333334
0.06801760000000001
2.3846153846153846

0.0858416
0.024944333333333332
-0.12867683333333332
0.15362116666666667
0.06089726666666667
3.0

0.09477513333333333
0.024646866666666666
-0.1726346
0.19728146666666668
0.07012826666666666
2.9
