
0.11386316666666667
0.0295102
-0.3951482333333333
0.42465843333333336
0.08435296666666665
1.4285714285714286

0.19914779999999999
0.028779033333333332
-0.2641666
0.29294563333333334
0.17036876666666667
1.6666666666666667

0.09639163333333334
0.028991066666666666
-0.23535333333333333
0.26434440000000003
0.06740056666666666
2.8181818181818183

0.108844
0.027991166666666668
-0.23451933333333333
0.2625105
0.08085283333333333
3.0

0.10720866666666667
0.030796833333333332
-0.18812743333333332
0.21892426666666667
0.07641183333333333
2.9

0.14301373333333334
0.025878
-0.20866416666666665
0.23454216666666666
0.11713573333333334
2.8181818181818183

0.2589679
0.18086696666666668
-0.22229273333333333
0.4031597
0.07810093333333333
2.4166666666666665

0.0738993
0.021475133333333334
-0.18715803333333333
0.20863316666666665
0.05242416666666667
2.3846153846153846

0.08732936666666667
0.023396033333333333
-0.17070706666666668
0.1941031
0.06393333333333334
3.0

0.3484653333333333
0.2521832
-0.1540886
0.40627179999999996
0.09628213333333333
2.9
