
0.11304896666666665
0.030882
-0.3226597666666667
0.35354176666666665
0.08216696666666666
1.4285714285714286

0.36545846666666665
0.3019173
-0.26922476666666667
0.5711420666666667
0.06354116666666666
1.6666666666666667

0.1001162
0.029625333333333333
-0.26700076666666667
0.2966261
0.07049086666666667
2.8181818181818183

0.11273380000000001
0.029160066666666665
-0.21897796666666666
0.2481380333333333
0.08357373333333333
3.0

0.11474026666666666
0.029139633333333335
-0.2242083
0.25334793333333333
0.08560063333333333
2.9

0.0892136
0.028686033333333333
-0.18748406666666667
0.2161701
0.060527566666666664
2.8181818181818183

0.12998433333333334
0.024510133333333337
-0.18818943333333332
0.21269956666666667
0.10547419999999999
2.4166666666666665

0.2654806333333334
0.06301486666666667
-0.1537044333333333
0.21671929999999998
0.20246576666666666
2.3846153846153846

0.12890536666666666
0.027830333333333332
-0.14123746666666667
0.1690678
0.10107503333333334
3.0

0.09239666666666667
0.025245833333333332
-0.16758893333333333
0.19283476666666666
0.06715083333333333
2.9
