
0.18846253333333332
0.09752713333333334
-0.3791119
0.47663903333333335
0.0909354
1.4285714285714286

0.45137143333333335
0.37288163333333335
-0.2914707
0.6643523333333333
0.0784898
1.6666666666666667

0.1167705
0.037102833333333335
-0.26234609999999997
0.29944893333333333
0.07966766666666668
2.8181818181818183

0.1344299
0.03774573333333333
-0.25650829999999997
0.29425403333333333
0.09668416666666667
3.0

0.12456539999999999
0.03388156666666667
-0.20123243333333332
0.235114
0.09068383333333332
2.9

0.10501636666666667
0.028782766666666668
-0.1945985
0.22338126666666666
0.07623360000000001
2.8181818181818183

0.10811416666666668
0.025996533333333332
-0.19390870000000002
0.21990523333333334
0.08211763333333333
2.4166666666666665

0.11231146666666667
0.028161400000000003
-0.17545003333333334
0.2036114333333333
0.08415006666666666
2.3846153846153846

0.13866613333333333
0.029602766666666665
-0.9807000333333333
1.0103028
0.10906336666666668
3.0

0.0963063
0.029441866666666663
-0.15952129999999998
0.18896316666666665
0.06686443333333333
2.9
