
0.17134203333333334
0.04422243333333333
-0.4185542
0.46277663333333335
0.1271196
1.4285714285714286

0.3596744
0.2967698333333333
-0.2519094333333333
0.5486792666666668
0.06290456666666666
1.6666666666666667

0.1383955666666667
0.043049033333333334
-0.22257406666666668
0.2656231
0.09534653333333334
2.8181818181818183

0.12695073333333334
0.0381626
-0.22159410000000002
0.2597567
0.08878813333333332
3.0

0.11049986666666667
0.0311641
-0.17041810000000002
0.20158220000000002
0.07933576666666667
2.9

0.0864215
0.029893799999999998
-0.1456961
0.1755899
0.0565277
2.8181818181818183

0.16527883333333335
0.10013910000000001
-0.16422213333333333
0.26436123333333333
0.06513973333333332
2.4166666666666665

0.09141160000000001
0.040256
-0.1666634
0.2069194
0.051155599999999996
2.3846153846153846

0.14089416666666665
0.0760464
-0.15497233333333335
0.23101873333333334
0.06484776666666667
3.0

0.11293186666666667
0.03894773333333333
-0.18242666666666665
0.2213744
0.07398413333333333
2.9
