
0.14252546666666668
0.04044966666666666
-0.40168376666666666
0.4421334333333333
0.10207580000000001
1.4285714285714286

0.6164366333333333
0.4515967
-0.6304226666666666
1.0820193666666666
0.16483993333333333
1.6666666666666667

0.48067636666666663
0.255402
-1.2957091666666667
1.5511111666666668
0.22527436666666667
2.8181818181818183

0.16405366666666665
0.04328933333333333
-0.27671606666666665
0.32000540000000005
0.12076433333333333
3.0

0.14540263333333334
0.03497946666666667
-0.1950716
0.2300510666666667
0.11042316666666667
2.9

0.1208012
0.0362835
-0.16931426666666666
0.20559776666666665
0.0845177
2.8181818181818183

0.13524613333333332
0.03611586666666667
-0.24435593333333333
0.2804718
0.09913026666666666
2.4166666666666665

0.1019939
0.029743533333333332
-0.18759526666666665
0.2173388
0.07225036666666666
2.3846153846153846

0.13757303333333332
0.034581466666666665
-0.18573913333333333
0.2203206
0.10299156666666666
3.0

0.13698133333333334
0.03546403333333333
-0.22540416666666666
0.2608682
0.1015173
2.9
