
0.1492278
0.04505783333333334
-0.4072188
0.45227663333333334
0.10416996666666666
1.4285714285714286

0.3709751666666667
0.3057766333333334
-0.2502078
0.5559844333333334
0.06519853333333334
1.6666666666666667

0.1745645
0.101501
-0.25418976666666665
0.35569076666666666
0.0730635
2.8181818181818183

0.1415784333333333
0.050242
-0.24889976666666666
0.29914176666666664
0.09133643333333333
3.0

0.18899766666666665
0.09952586666666667
-0.22890556666666667
0.32843143333333336
0.0894718
2.9

0.09051676666666666
0.0263277
-0.19582106666666668
0.22214876666666666
0.06418906666666667
2.8181818181818183

0.09535310000000001
0.027733766666666666
-0.1498392
0.17757296666666667
0.06761933333333332
2.4166666666666665

0.11423683333333333
0.024872966666666666
-0.17240366666666665
0.19727663333333334
0.08936386666666667
2.3846153846153846

0.19297996666666667
0.11112266666666668
-0.1993027
0.31042536666666665
0.08185730000000001
3.0

0.11178139999999999
0.026433266666666667
-0.16442796666666668
0.19086123333333332
0.08534813333333333
2.9
