
0.1323565
0.0461797
-0.4201204666666667
0.4663001666666667
0.0861768
1.4285714285714286

0.4529298
0.394086
-0.2310887
0.6251747
0.0588438
1.6666666666666667

0.14187663333333334
0.0399396
-0.6696668
0.7096064
0.10193703333333334
2.8181818181818183

0.165889
0.0305709
-0.21371536666666666
0.24428626666666667
0.1353181
3.0

0.19547793333333333
0.11623943333333334
-0.19826020000000003
0.31449963333333336
0.0792385
2.9

0.09620213333333333
0.027811966666666667
-0.20997443333333332
0.23778639999999998
0.06839016666666667
2.8181818181818183

0.10266236666666667
0.025413233333333334
-0.21403933333333333
0.23945256666666667
0.07724913333333333
2.4166666666666665

0.09654339999999999
0.0345326
-0.20184013333333334
0.23637273333333333
0.062010800000000005
2.3846153846153846

0.19953206666666667
0.0294815
-0.22148396666666667
0.2509654666666667
0.17005056666666668
3.0

0.1227307
0.0219881
-0.1359315
0.1579196
0.1007426
2.9
