
0.23338233333333333
0.10427710000000001
-0.3970264
0.5013035
0.12910523333333335
1.4285714285714286

0.453403
0.38694713333333336
-0.24390926666666665
0.6308564
0.06645586666666667
1.6666666666666667

0.1752122
0.03713606666666667
-0.2640382333333333
0.3011743
0.13807613333333332
2.8181818181818183

0.15585293333333333
0.044757066666666664
-0.28027383333333333
0.3250309
0.11109586666666667
3.0

0.14645813333333332
0.03684163333333333
-0.2566595333333333
0.2935011666666667
0.1096165
2.9

0.12475433333333333
0.0298239
-0.2115444
0.24136829999999998
0.09493043333333333
2.8181818181818183

0.1259939
0.032526066666666666
-0.2020573
0.23458336666666668
0.09346783333333333
2.4166666666666665

0.1655521
0.049128533333333335
-0.21456160000000002
0.26369013333333335
0.11642356666666667
2.3846153846153846

0.1805861
0.08743566666666668
-0.23038336666666667
0.31781903333333333
0.09315043333333334
3.0

0.15195683333333335
0.06125223333333333
-0.2138751
0.27512733333333333
0.09070460000000001
2.9
