
0.12059563333333333
0.032924666666666665
-0.41542853333333335
0.4483532
0.08767096666666666
1.4285714285714286

0.34378346666666665
0.28113313333333334
-0.2401314
0.5212645333333333
0.06265033333333334
1.6666666666666667

0.14115893333333332
0.035822966666666664
-0.8344683666666667
0.8702913333333334
0.10533596666666666
2.8181818181818183

0.11414763333333333
0.026802866666666664
-0.23853083333333333
0.2653337
0.08734476666666666
3.0

0.17499813333333333
0.08957266666666668
-0.3018246666666667
0.3913973333333333
0.08542546666666666
2.9

0.09989996666666666
0.0311232
-0.19739023333333333
0.22851343333333332
0.06877676666666667
2.8181818181818183

0.31330336666666664
0.2288969
-0.2138559
0.4427528
0.08440646666666667
2.4166666666666665

0.15437746666666669
0.09157866666666667
-0.20664423333333334
0.2982229
0.0627988
2.3846153846153846

0.16670073333333335
0.089626
-0.16171323333333334
0.25133923333333336
0.07707473333333334
3.0

0.0981598
0.021755266666666665
-0.1388603
0.16061556666666668
0.07640453333333334
2.9
