
0.21767483333333335
0.038285099999999996
-0.3785799
0.416865
0.17938973333333333
1.4285714285714286

0.5502862
0.32016859999999997
-0.2618583666666667
0.5820269666666666
0.2301176
1.6666666666666667

0.15679933333333335
0.07804736666666667
-0.8721381666666667
0.9501855333333333
0.07875196666666666
2.8181818181818183

0.13143246666666666
0.030717966666666666
-0.25141366666666665
0.28213163333333335
0.1007145
3.0

0.5851502666666667
0.3302315333333333
-0.24820976666666666
0.5784413
0.2549187333333333
2.9

0.11010743333333334
0.04390083333333333
-0.1742546
0.21815543333333332
0.0662066
2.8181818181818183

0.11632946666666666
0.0308126
-0.2017555666666667
0.23256816666666666
0.08551686666666666
2.4166666666666665

0.13102556666666668
0.03360166666666666
-0.15753789999999998
0.19113956666666668
0.0974239
2.3846153846153846

0.09456969999999999
0.029068666666666666
-0.1326569333333333
0.1617256
0.06550103333333333
3.0

0.11769986666666667
0.04573926666666667
-0.17016126666666667
0.21590053333333334
0.0719606
2.9
