
0.12655826666666667
0.03929536666666667
-0.44583140000000004
0.48512676666666665
0.08726289999999999
1.4285714285714286

0.3248475333333333
0.2670459666666667
-0.23741220000000002
0.5044581666666667
0.057801566666666665
1.6666666666666667

0.13388986666666666
0.04587176666666667
-0.2863385666666666
0.33221033333333333
0.0880181
2.8181818181818183

0.13330056666666668
0.04949386666666667
-0.22704683333333334
0.27654070000000003
0.0838067
3.0

0.10792143333333333
0.0276831
-0.15424516666666666
0.18192826666666667
0.08023833333333333
2.9

0.0914797
0.0294963
-0.15895389999999998
0.1884502
0.0619834
2.8181818181818183

0.11339153333333334
0.032955066666666664
-0.1996852
0.23264026666666665
0.08043646666666666
2.4166666666666665

0.0760697
0.0250632
-0.1411316
0.16619479999999998
0.0510065
2.3846153846153846

0.10475323333333333
0.0274621
-0.1579005
0.18536260000000002
0.07729113333333333
3.0

0.0895015
0.024146133333333333
-0.14956433333333335
0.17371046666666667
0.06535536666666666
2.9
