
0.1371782
0.0415117
-0.43301259999999997
0.4745243
0.0956665
1.4285714285714286

0.5309446
0.3605430333333333
-0.24324233333333334
0.6037853666666667
0.17040156666666667
1.6666666666666667

0.14295843333333333
0.0370054
-0.2934641333333334
0.33046953333333334
0.10595303333333334
2.8181818181818183

0.251283
0.14096776666666666
-0.27802566666666667
0.41899343333333333
0.11031523333333333
3.0

0.16354686666666668
0.0534696
-0.23870170000000002
0.29217129999999997
0.11007726666666666
2.9

0.10788610000000001
0.0277827
-0.1937222
0.2215049
0.08010339999999999
2.8181818181818183

0.11694596666666666
0.026781733333333335
-0.1937614666666667
0.22054320000000002
0.09016423333333334
2.4166666666666665

0.09678926666666667
0.037744
-0.17668196666666666
0.21442596666666666
0.05904526666666667
2.3846153846153846

0.1072768
0.03395493333333333
-0.16879306666666669
0.202748
0.07332186666666667
3.0

0.12615956666666667
0.0287893
-0.1752421
0.2040314
0.09737026666666666
2.9
