
0.20410620000000002
0.046639599999999996
-0.5834363
0.6300759
0.1574666
1.7647058823529411

0.3372079333333334
0.2713921666666667
-0.21368576666666667
0.4850779333333333
0.06581576666666666
1.5

0.12092036666666667
0.0376354
-0.2617174
0.2993528
0.08328496666666665
1.5

0.06975496666666665
0.0222404
-0.14342853333333333
0.16566893333333332
0.04751456666666667
1.5

0.07177746666666666
0.01978946666666667
-0.14158820000000003
0.16137766666666667
0.051988
1.5

0.18577773333333333
0.017854599999999998
-0.1328232
0.1506778
0.16792313333333334
1.5

0.1543019
0.0437829
-0.13400879999999998
0.17779170000000002
0.110519
1.5

0.13558083333333334
0.0401016
-0.12031663333333333
0.16041823333333333
0.09547923333333334
1.5

0.07901166666666667
0.019997866666666666
-0.11946476666666667
0.13946263333333334
0.059013800000000005
1.5

0.28555736666666665
0.016656833333333333
-0.12681616666666667
0.143473
0.2689005333333333
1.5
