
18.892605066666665
18.493086066666667
12.298476033333333
6.194610033333333
0.399519
1.7647058823529411

17.7737545
17.369142
13.490053166666666
3.8790888333333333
0.4046125
1.5

21.063043233333335
20.5987634
15.740183933333334
4.858579466666667
0.46427983333333334
1.5

19.5625417
19.248470033333334
15.633634966666667
3.614835066666667
0.3140716666666667
1.5

18.316702866666667
18.223375933333333
14.3243536
3.8990223333333334
0.09332693333333333
1.5

18.299150366666666
18.175108633333334
14.325918966666666
3.8491896666666667
0.12404173333333333
1.5

18.476701066666667
18.244573133333333
14.470775199999999
3.773797933333333
0.23212793333333331
1.5

17.566826033333335
17.377377966666664
13.729527333333333
3.6478506333333334
0.1894480666666667
1.5

18.6333398
18.439034233333334
14.204259966666667
4.234774266666666
0.19430556666666668
1.5

18.711040566666668
18.351192366666666
14.188033
4.163159366666667
0.3598482
1.5
