
0.19076379999999998
0.0472369
-0.7111135333333334
0.7583504333333333
0.14352689999999999
1.7647058823529411

0.3184448333333333
0.19722446666666668
-0.20231103333333333
0.3995355
0.12122036666666666
1.5

0.13007746666666667
0.057188699999999995
-0.7348366
0.7920253
0.07288876666666666
1.5

0.06946863333333334
0.021346133333333336
-0.13612733333333335
0.15747346666666667
0.0481225
1.5

0.22369096666666669
0.020997
-0.14284653333333333
0.16384353333333332
0.20269396666666667
1.5

0.20872683333333333
0.019296066666666667
-0.13298223333333334
0.15227829999999998
0.18943076666666667
1.5

0.06908306666666666
0.02177753333333333
-0.13201866666666665
0.15379620000000002
0.04730553333333333
1.5

0.060662466666666665
0.017307299999999998
-0.1178278
0.1351351
0.04335516666666667
1.5

0.10260889999999999
0.021142766666666667
-0.5264005333333334
0.5475433000000001
0.08146613333333333
1.5

0.09366313333333333
0.016906866666666666
-0.12842953333333335
0.1453364
0.07675626666666666
1.5
