
0.1907218
0.05096026666666667
-0.5165203
0.5674805666666667
0.13976153333333333
1.7647058823529411

0.3073694
0.19875806666666668
-0.20162496666666668
0.4003830333333333
0.10861133333333332
1.5

0.16218283333333333
0.09261263333333333
-0.23204636666666667
0.324659
0.0695702
1.5

0.06824419999999999
0.021412900000000002
-0.14435886666666667
0.16577176666666665
0.046831300000000006
1.5

0.2873305666666667
0.03726603333333333
-0.15177023333333334
0.18903626666666667
0.25006453333333334
1.5

0.12580243333333332
0.0193902
-0.13957553333333333
0.15896573333333333
0.10641223333333334
1.5

0.07084113333333333
0.023023133333333334
-0.12500813333333333
0.14803126666666666
0.047818
1.5

0.09379086666666667
0.018479266666666667
-0.12413676666666666
0.14261603333333334
0.0753116
1.5

0.08893166666666667
0.018192266666666665
-0.3166491666666667
0.3348414333333333
0.0707394
1.5

0.06113303333333333
0.017719433333333333
-0.12280453333333334
0.14052396666666667
0.0434136
1.5
