
0.34937440000000003
0.0495426
-0.7320924666666667
0.7816350666666666
0.2998318
1.7647058823529411

0.42057273333333334
0.34062016666666667
-0.23815926666666667
0.5787794333333334
0.07995256666666667
1.5

0.19044223333333335
0.043158
-0.3372692
0.3804272
0.14728423333333335
1.5

0.0988353
0.0282672
-0.17892596666666669
0.20719316666666665
0.07056810000000001
1.5

0.2566000666666667
0.025962933333333334
-0.17557496666666667
0.2015379
0.23063713333333333
1.5

0.22756016666666665
0.022071
-0.16468153333333332
0.18675253333333333
0.20548916666666667
1.5

0.09542766666666667
0.025264833333333334
-0.1552508
0.18051563333333334
0.07016283333333333
1.5

0.07977066666666667
0.022849433333333335
-0.14162183333333334
0.16447126666666667
0.05692123333333333
1.5

0.252147
0.025601033333333332
-0.5481871333333334
0.5737881666666667
0.22654596666666668
1.5

0.15548273333333335
0.021012533333333333
-0.1516188
0.17263133333333333
0.1344702
1.5
