
0.19550483333333335
0.0503655
-0.5106165333333333
0.5609820333333333
0.14513933333333334
1.7647058823529411

0.3786943666666666
0.27060243333333334
-0.2190790333333333
0.4896814666666667
0.10809193333333333
1.5

0.25548896666666665
0.12013596666666666
-0.25924196666666666
0.37937793333333336
0.135353
1.5

0.09368976666666666
0.028270299999999998
-0.1712941
0.1995644
0.06541946666666666
1.5

0.23144816666666665
0.022973233333333332
-0.15938256666666667
0.18235579999999998
0.2084749333333333
1.5

0.14891656666666667
0.050352966666666665
-0.13446229999999998
0.18481526666666667
0.0985636
1.5

0.08798623333333334
0.02040866666666667
-0.16886936666666666
0.18927803333333332
0.06757756666666667
1.5

0.10685263333333334
0.027977833333333334
-0.12929506666666665
0.1572729
0.07887480000000001
1.5

0.40333440000000004
0.0295903
-0.5666829333333333
0.5962732333333333
0.37374409999999997
1.5

0.13056606666666667
0.020914933333333333
-0.13742366666666667
0.1583386
0.10965113333333333
1.5
