
0.27203793333333337
0.0626283
-0.6127674333333334
0.6753957333333332
0.20940963333333334
1.7647058823529411

0.4084102666666667
0.2939373
-0.22468826666666666
0.5186255666666667
0.11447296666666666
1.5

0.24157786666666667
0.14475796666666668
-0.2524108666666667
0.3971688333333333
0.0968199
1.5

0.08961736666666667
0.029159933333333336
-0.18618553333333332
0.21534546666666668
0.06045743333333333
1.5

0.10744073333333334
0.024470933333333333
-0.16673263333333332
0.19120356666666669
0.0829698
1.5

0.07414946666666666
0.020349799999999998
-0.1501408
0.1704906
0.05379966666666666
1.5

0.12692083333333332
0.023983466666666668
-0.16232106666666668
0.18630453333333333
0.10293736666666667
1.5

0.11969756666666667
0.0232577
-0.1456792
0.1689369
0.09643986666666667
1.5

0.13166933333333333
0.0253763
-0.14880846666666667
0.17418476666666666
0.10629303333333334
1.5

0.2376712
0.01955746666666667
-0.15417463333333334
0.1737321
0.21811373333333334
1.5
