
0.5243373333333333
0.38732106666666666
-0.47425120000000004
0.8615722666666668
0.13701626666666666
1.7647058823529411

0.37874506666666663
0.2717736333333334
-0.2232460666666667
0.4950197
0.10697143333333334
1.5

0.1829701
0.0680557
-0.26325286666666664
0.33130856666666664
0.1149144
1.5

0.0725682
0.021580666666666668
-0.3697933333333333
0.391374
0.050987533333333335
1.5

0.23279956666666668
0.021354166666666667
-0.1440968
0.16545096666666667
0.2114454
1.5

0.2534572666666667
0.05296666666666666
-0.1341939
0.18716056666666667
0.20049060000000002
1.5

0.06523026666666668
0.019331333333333332
-0.1380230666666667
0.1573544
0.045898933333333336
1.5

0.13697003333333332
0.016977
-0.12159836666666667
0.13857536666666667
0.11999303333333335
1.5

0.2181194333333333
0.026738633333333334
-0.1189644
0.14570303333333331
0.1913808
1.5

0.0910279
0.015586766666666666
-0.12543003333333333
0.1410168
0.07544113333333333
1.5
