
0.20575586666666668
0.049496
-0.9053828333333334
0.9548788333333333
0.15625986666666666
1.7647058823529411

0.35423790000000005
0.27135156666666665
-0.21272726666666666
0.4840788333333333
0.08288633333333333
1.5

0.22474029999999998
0.038269033333333334
-0.5916911666666667
0.6299602
0.18647126666666666
1.5

0.08957343333333334
0.0218408
-0.14370373333333333
0.16554453333333333
0.06773263333333333
1.5

0.07310016666666667
0.020389033333333334
-0.14457823333333333
0.16496726666666667
0.05271113333333333
1.5

0.1544896
0.0165162
-0.13019303333333335
0.14670923333333333
0.1379734
1.5

0.07874456666666667
0.017700366666666665
-0.13645026666666665
0.15415063333333334
0.0610442
1.5

0.06466266666666666
0.01870933333333333
-0.122205
0.14091433333333334
0.04595333333333334
1.5

0.09963480000000001
0.023414599999999997
-0.12831236666666668
0.15172696666666668
0.0762202
1.5

0.2338905666666667
0.017144299999999998
-0.13127586666666666
0.14842016666666666
0.21674626666666666
1.5
