
0.23569186666666667
0.05928666666666666
-0.8994208333333333
0.9587075
0.1764052
1.7647058823529411

0.3735178333333333
0.26925793333333337
-0.2315905666666667
0.5008485
0.10425989999999999
1.5

0.330837
0.22280603333333332
-0.2867462333333333
0.5095522666666666
0.10803096666666666
1.5

0.1558987
0.0513806
-0.4139659
0.4653465
0.1045181
1.5

0.22301836666666666
0.037048866666666666
-0.19902563333333334
0.2360745
0.1859695
1.5

0.2758175666666666
0.025922233333333333
-0.17342333333333335
0.19934556666666667
0.24989533333333333
1.5

0.10682613333333334
0.028077633333333334
-0.16873026666666666
0.1968079
0.0787485
1.5

0.13375389999999998
0.0254747
-0.15903593333333332
0.18451063333333334
0.10827919999999999
1.5

0.11133616666666667
0.03243703333333333
-0.1584781
0.19091513333333332
0.07889913333333333
1.5

0.09492563333333333
0.022614733333333335
-0.5317627333333332
0.5543774666666667
0.0723109
1.5
