
0.34105993333333334
0.04846026666666667
-0.47354493333333336
0.5220052000000001
0.2925996666666667
1.7647058823529411

0.23306446666666666
0.17507779999999998
-0.1951219
0.3701997
0.057986666666666666
1.5

0.103567
0.0347649
-0.4253924333333334
0.4601573333333333
0.0688021
1.5

0.08991966666666668
0.022148333333333332
-0.1369359
0.15908423333333332
0.06777133333333332
1.5

0.07023126666666667
0.0203631
-0.14056263333333333
0.16092573333333335
0.049868166666666665
1.5

0.2491564
0.019922033333333332
-0.1448170666666667
0.1647391
0.22923436666666666
1.5

0.06544636666666667
0.021110933333333335
-0.126098
0.14720893333333332
0.044335433333333334
1.5

0.13076176666666667
0.08365353333333334
-0.12891576666666665
0.2125693
0.04710823333333333
1.5

0.08448539999999999
0.019498833333333333
-0.48812703333333335
0.5076258666666666
0.06498656666666666
1.5

0.05799543333333333
0.016657166666666667
-0.1203409
0.13699806666666667
0.04133826666666667
1.5
