
0.1674135
0.042585366666666666
-1.0368691333333333
1.0794545
0.12482813333333333
1.7647058823529411

0.3464323333333333
0.2765534666666667
-0.223706
0.5002594666666667
0.06987886666666666
1.5

0.11677080000000001
0.0507791
-0.2533412666666667
0.30412036666666664
0.0659917
1.5

0.0908183
0.02354653333333333
-0.5788420666666666
0.6023885999999999
0.06727176666666666
1.5

0.10370876666666666
0.021195166666666668
-0.14731256666666667
0.16850773333333333
0.0825136
1.5

0.11933123333333334
0.019136566666666667
-0.14455073333333335
0.16368729999999998
0.10019466666666667
1.5

0.06962516666666667
0.023372933333333335
-0.12789993333333333
0.15127286666666667
0.04625223333333333
1.5

0.06278896666666667
0.018464166666666667
-0.1212405
0.13970466666666664
0.044324800000000004
1.5

0.20936896666666668
0.0196521
-0.11900043333333334
0.13865253333333333
0.18971686666666668
1.5

0.20332060000000002
0.016256266666666665
-0.12842963333333332
0.1446859
0.18706433333333333
1.5
