
0.1837375333333333
0.0434521
-0.583747
0.6271991
0.14028543333333332
1.7647058823529411

0.12679333333333334
0.03613756666666666
-0.2151804333333333
0.251318
0.09065576666666667
1.5

0.1064989
0.03571043333333333
-0.22683063333333334
0.26254106666666666
0.07078846666666666
1.5

0.08397446666666666
0.0229791
-0.1431624333333333
0.1661415333333333
0.06099536666666667
1.5

0.09931966666666667
0.02242483333333333
-0.14877423333333334
0.17119906666666668
0.07689483333333333
1.5

0.13358706666666667
0.0474868
-0.12843656666666667
0.17592336666666666
0.08610026666666666
1.5

0.06874673333333334
0.021685433333333334
-0.1387430666666667
0.1604285
0.0470613
1.5

0.09146956666666667
0.047756066666666666
-0.11778623333333334
0.16554229999999998
0.0437135
1.5

0.06969589999999999
0.025443466666666668
-0.11997519999999999
0.14541866666666667
0.044252433333333334
1.5

0.1360709
0.016838633333333335
-0.12069653333333334
0.13753516666666665
0.11923226666666666
1.5
