
0.19552143333333333
0.04742376666666667
-0.4811553
0.5285790666666667
0.14809766666666666
1.7647058823529411

0.1152861
0.025140700000000002
-0.17881703333333332
0.20395773333333334
0.0901454
1.5

0.19310793333333331
0.11749273333333334
-0.2569033333333333
0.37439606666666664
0.0756152
1.5

0.07381456666666666
0.024040333333333334
-0.15442186666666666
0.17846220000000002
0.04977423333333333
1.5

0.2550691666666667
0.0261531
-0.1486027
0.1747558
0.22891606666666667
1.5

0.21477323333333334
0.0172602
-0.1355699333333333
0.15283013333333334
0.19751303333333334
1.5

0.2624961666666667
0.0197627
-0.1478702
0.1676329
0.24273346666666668
1.5

0.10375433333333332
0.024889900000000003
-0.122836
0.1477259
0.07886443333333333
1.5

0.07494873333333334
0.021649933333333333
-0.12119506666666667
0.142845
0.0532988
1.5

0.18656523333333333
0.016381633333333333
-0.12604286666666667
0.1424245
0.17018360000000002
1.5
