
0.19266039999999998
0.049287066666666664
-0.7626466666666666
0.8119337333333333
0.14337333333333335
1.7647058823529411

0.3460317
0.2689873
-0.18559753333333331
0.4545848333333333
0.0770444
1.5

0.21970923333333334
0.09622036666666667
-0.24297366666666664
0.3391940333333333
0.12348886666666667
1.5

0.08571003333333334
0.0240535
-0.14608603333333334
0.17013953333333331
0.06165653333333333
1.5

0.14455410000000002
0.019603333333333334
-0.1478813
0.16748463333333333
0.12495076666666666
1.5

0.06663073333333333
0.019736833333333332
-0.14441063333333334
0.16414746666666669
0.0468939
1.5

0.06745369999999999
0.020026633333333335
-0.13529636666666667
0.155323
0.04742706666666666
1.5

0.09559063333333333
0.03734
-0.11574053333333334
0.15308053333333332
0.05825063333333333
1.5

0.1527165666666667
0.021088766666666665
-0.11716096666666666
0.13824973333333335
0.1316278
1.5

0.18481836666666668
0.015945566666666668
-0.12559763333333332
0.1415432
0.1688728
1.5
