
0.6329196
0.26982563333333337
-0.6518226333333333
0.9216482666666668
0.36309396666666666
1.7647058823529411

0.10102116666666668
0.0321738
-0.18785016666666665
0.22002396666666668
0.06884736666666667
1.5

0.21886326666666667
0.1355647
-0.2592253666666667
0.39479006666666666
0.08329856666666667
1.5

0.10810376666666666
0.0359533
-0.16553086666666667
0.20148416666666666
0.07215046666666666
1.5

0.15607416666666665
0.0249492
-0.36751476666666666
0.39246396666666666
0.13112496666666668
1.5

0.12374036666666667
0.02006046666666667
-0.13699986666666666
0.15706033333333333
0.10367989999999999
1.5

0.08213523333333334
0.023908333333333334
-0.15236136666666666
0.1762697
0.0582269
1.5

0.0635233
0.018448266666666668
-0.1246271
0.14307536666666668
0.045075033333333334
1.5

0.075019
0.024292766666666667
-0.12352506666666667
0.14781783333333334
0.05072623333333333
1.5

0.06336363333333334
0.018495766666666667
-0.14918503333333333
0.1676808
0.044867866666666666
1.5
