
0.2700879666666667
0.14268913333333333
-0.4662891666666667
0.6089783000000001
0.12739883333333332
1.7647058823529411

0.1383198
0.059401
-0.6441663000000001
0.7035673
0.0789188
1.5

0.08834906666666667
0.0274826
-0.18148393333333332
0.20896653333333332
0.06086646666666667
1.5

0.16047966666666666
0.02515433333333333
-0.16818896666666666
0.1933433
0.13532533333333335
1.5

0.1602383
0.024555566666666667
-0.13437173333333333
0.1589273
0.13568273333333333
1.5

0.15046620000000002
0.0183908
-0.14593523333333333
0.16432603333333332
0.13207539999999998
1.5

0.0841779
0.01888096666666667
-0.14095046666666666
0.15983143333333333
0.06529693333333333
1.5

0.15005716666666666
0.01873683333333333
-0.12868723333333335
0.1474240666666667
0.13132033333333334
1.5

0.10240503333333334
0.024848166666666668
-0.12476456666666666
0.14961273333333333
0.07755686666666667
1.5

0.05864693333333333
0.0167116
-0.12313356666666667
0.13984516666666666
0.04193533333333334
1.5
