
0.20460403333333332
0.06446713333333333
-0.5222488
0.5867159333333334
0.14013689999999998
1.7647058823529411

0.31420686666666664
0.24633283333333333
-0.2013615
0.4476943333333333
0.06787403333333333
1.5

0.25065160000000003
0.027003033333333332
-0.18767196666666666
0.214675
0.2236485666666667
1.5

0.07149273333333334
0.021583833333333333
-0.1486678
0.17025163333333332
0.0499089
1.5

0.2161196
0.02195916666666667
-0.14465823333333333
0.1666174
0.19416043333333333
1.5

0.27388813333333334
0.022336833333333334
-0.13891833333333334
0.16125516666666664
0.2515513
1.5

0.072382
0.0248589
-0.14357463333333334
0.16843353333333333
0.0475231
1.5

0.17565076666666665
0.018328333333333332
-0.12129866666666667
0.139627
0.15732243333333332
1.5

0.06554019999999999
0.020230900000000003
-0.1343602
0.1545911
0.045309300000000004
1.5

0.06062533333333334
0.017281400000000002
-0.12325486666666667
0.14053626666666666
0.043343933333333334
1.5
