
0.20541133333333333
0.062093300000000004
-0.9081146999999999
0.970208
0.14331803333333332
1.7647058823529411

0.26233270000000003
0.18238696666666668
-0.22019143333333333
0.4025784
0.07994573333333334
1.5

0.23252136666666667
0.09750410000000001
-0.20983273333333333
0.30733683333333334
0.13501726666666666
1.5

0.07158003333333333
0.022390733333333333
-0.14343193333333332
0.16582266666666665
0.049189300000000005
1.5

0.17546903333333333
0.0216627
-0.1438365666666667
0.16549926666666667
0.15380633333333335
1.5

0.08033693333333333
0.0166642
-0.13537136666666666
0.15203556666666668
0.06367273333333333
1.5

0.06485830000000001
0.017777333333333332
-0.13158243333333333
0.14935976666666667
0.04708096666666667
1.5

0.060735166666666666
0.017479666666666668
-0.13587353333333332
0.15335320000000002
0.0432555
1.5

0.3473236333333334
0.017381366666666665
-0.11899716666666667
0.13637853333333333
0.32994226666666665
1.5

0.23970116666666666
0.016570099999999997
-0.12519773333333334
0.14176783333333334
0.22313106666666668
1.5
