
0.37546213333333334
0.17875583333333334
-0.6034323
0.7821881333333333
0.1967063
1.7647058823529411

0.32802956666666666
0.2480295
-0.22891506666666667
0.4769445666666666
0.08000006666666666
1.5

0.4760954
0.03780736666666667
-0.23130146666666668
0.2691088333333333
0.4382880333333333
1.5

0.1019152
0.030199266666666665
-0.21197296666666668
0.24217223333333335
0.07171593333333333
1.5

0.5831063000000001
0.026510266666666667
-0.16909836666666667
0.19560863333333334
0.5565960333333333
1.5

0.0820209
0.021188
-0.15508746666666667
0.17627546666666669
0.0608329
1.5

0.1299445
0.022483233333333335
-0.13559106666666668
0.1580743
0.10746126666666667
1.5

0.10918743333333333
0.020801633333333337
-0.12622166666666668
0.1470233
0.0883858
1.5

0.09229466666666668
0.026081766666666666
-0.15026863333333332
0.1763504
0.06621289999999999
1.5

0.15595406666666667
0.018071933333333335
-0.15261170000000002
0.17068363333333333
0.13788213333333332
1.5
