
0.18923979999999999
0.0459395
-0.5673892333333332
0.6133287333333333
0.1433003
1.7647058823529411

0.10597426666666666
0.04150243333333333
-0.26050829999999997
0.30201073333333334
0.06447183333333334
1.5

0.22683683333333335
0.0298514
-0.23454713333333332
0.26439853333333335
0.19698543333333332
1.5

0.08430453333333333
0.0261387
-0.24681723333333333
0.27295593333333334
0.05816583333333333
1.5

0.09041493333333334
0.0344245
-0.16844206666666667
0.2028665666666667
0.05599043333333333
1.5

0.22191783333333334
0.020727166666666668
-0.16281376666666666
0.18354093333333332
0.20119066666666666
1.5

0.07014923333333334
0.019449233333333333
-0.15092846666666668
0.17037770000000002
0.0507
1.5

0.16714786666666667
0.028980966666666667
-0.13666789999999998
0.16564886666666667
0.13816689999999998
1.5

0.0944318
0.023156533333333333
-0.13964403333333333
0.16280056666666667
0.07127526666666666
1.5

0.061268300000000005
0.017520366666666665
-0.1425287
0.16004906666666668
0.043747933333333336
1.5
