
0.20760776666666667
0.05486933333333333
-0.4546653333333333
0.5095346666666667
0.1527384333333333
1.7647058823529411

0.1449414
0.07787363333333333
-0.2207007
0.29857433333333333
0.06706776666666667
1.5

0.12449546666666667
0.06253496666666666
-0.20366779999999998
0.26620276666666665
0.0619605
1.5

0.08436136666666667
0.022889433333333334
-0.1425206
0.16541003333333332
0.06147193333333333
1.5

0.07255426666666666
0.021474633333333337
-0.15017429999999998
0.1716489333333333
0.05107963333333333
1.5

0.1693979333333333
0.03409333333333334
-0.13424329999999998
0.16833663333333332
0.1353046
1.5

0.0712819
0.0231442
-0.3327428333333333
0.3558870333333333
0.0481377
1.5

0.07734719999999999
0.0164212
-0.12269730000000001
0.1391185
0.060926
1.5

0.06107183333333334
0.018225233333333334
-0.1231877
0.14141293333333332
0.0428466
1.5

0.06068303333333333
0.01849016666666667
-0.12196396666666666
0.14045413333333334
0.04219286666666667
1.5
