
0.2581621
0.06278133333333334
-0.6021273666666667
0.6649086999999999
0.19538076666666665
1.7647058823529411

0.11362
0.036675566666666666
-0.2658939
0.3025694666666667
0.07694443333333334
1.5

0.11632676666666666
0.0332244
-0.26840579999999997
0.3016302
0.08310236666666666
1.5

0.08419166666666666
0.026716233333333332
-0.16582023333333334
0.19253646666666668
0.05747543333333333
1.5

0.11666676666666666
0.030355
-0.18641216666666666
0.21676716666666665
0.08631176666666666
1.5

0.17968546666666668
0.025248700000000002
-0.16284936666666666
0.18809806666666667
0.15443676666666667
1.5

0.13992273333333333
0.027022766666666666
-0.17597043333333331
0.2029932
0.11289996666666666
1.5

0.19867623333333334
0.025575666666666667
-0.1606895
0.18626516666666665
0.17310056666666668
1.5

0.12053
0.024738299999999998
-0.3520184
0.3767567
0.0957917
1.5

0.07615083333333333
0.019574766666666667
-0.14082213333333332
0.16039689999999998
0.05657606666666667
1.5
