
0.3275657
0.05184163333333333
-0.44729993333333334
0.49914156666666665
0.27572406666666666
1.7647058823529411

0.16826886666666666
0.10614026666666666
-0.45989420000000003
0.5660344666666667
0.0621286
1.5

0.09037483333333333
0.029226266666666667
-0.1925261
0.22175236666666667
0.06114856666666667
1.5

0.06888369999999999
0.020692400000000003
-0.14349026666666667
0.16418266666666664
0.048191300000000006
1.5

0.07020743333333333
0.0211694
-0.1370249
0.15819429999999998
0.049038033333333335
1.5

0.28209870000000004
0.0183083
-0.14270476666666665
0.16101306666666668
0.26379040000000004
1.5

0.06528336666666666
0.017461066666666667
-0.13179646666666667
0.14925753333333333
0.047822300000000005
1.5

0.08755976666666666
0.0179307
-0.5177677666666667
0.5356984666666667
0.06962906666666667
1.5

0.16325563333333334
0.0232356
-0.12802596666666666
0.15126156666666668
0.14002003333333332
1.5

0.20755483333333336
0.018759766666666667
-0.1241796
0.14293936666666668
0.18879506666666668
1.5
