
0.1671080666666667
0.044578
-0.4526696333333334
0.4972476333333334
0.12253006666666666
1.7647058823529411

0.11262123333333333
0.04032993333333333
-0.2573507
0.29768063333333333
0.0722913
1.5

0.3497918
0.13228983333333336
-0.23715239999999999
0.3694422333333333
0.21750196666666669
1.5

0.1304526
0.033175833333333335
-0.20437796666666666
0.23755379999999998
0.09727676666666667
1.5

0.14790923333333333
0.028905666666666666
-0.2267094
0.25561506666666667
0.11900356666666667
1.5

0.1960228
0.03678423333333333
-0.15523283333333335
0.19201706666666668
0.1592385666666667
1.5

0.1059315
0.023712766666666666
-0.14621936666666666
0.16993213333333332
0.08221873333333334
1.5

0.09414226666666667
0.019957233333333334
-0.3186542
0.3386114333333333
0.07418503333333334
1.5

0.17347406666666668
0.025826566666666665
-0.12839323333333333
0.1542198
0.1476475
1.5

0.1802309
0.018392333333333333
-0.136663
0.15505533333333335
0.16183856666666668
1.5
