
0.24738373333333333
0.1242285
-0.5606736
0.6849021
0.12315523333333334
1.7647058823529411

0.09859403333333334
0.039336666666666666
-0.2221022
0.26143886666666666
0.05925736666666667
1.5

0.08529706666666667
0.027334066666666667
-0.22324793333333331
0.250582
0.057963
1.5

0.23275713333333334
0.0591994
-0.16498496666666668
0.22418436666666666
0.17355773333333332
1.5

0.12972276666666666
0.028144233333333334
-0.16303166666666666
0.19117589999999998
0.10157853333333335
1.5

0.1089991
0.025563799999999998
-0.13927566666666666
0.16483946666666668
0.0834353
1.5

0.06365706666666666
0.0185871
-0.13185066666666664
0.15043776666666667
0.04506996666666667
1.5

0.11207936666666667
0.017884599999999997
-0.1236091
0.1414937
0.09419476666666667
1.5

0.16880663333333334
0.017274599999999998
-0.12564666666666668
0.14292126666666666
0.15153203333333332
1.5

0.0870543
0.0181867
-0.12614333333333333
0.14433003333333333
0.0688676
1.5
