
0.40630483333333334
0.055550800000000004
-0.6683868666666667
0.7239376666666666
0.3507540333333333
1.7647058823529411

0.13500196666666667
0.0512271
-0.25529203333333333
0.30651913333333336
0.08377486666666667
1.5

0.12903689999999998
0.03592703333333333
-0.2651519
0.30107893333333335
0.09310986666666667
1.5

0.10445656666666667
0.02910453333333333
-0.18496063333333332
0.21406516666666667
0.07535203333333335
1.5

0.18375303333333332
0.07446406666666666
-0.1832186
0.25768266666666667
0.10928896666666665
1.5

0.19222726666666667
0.0290385
-0.17577079999999998
0.2048093
0.16318876666666665
1.5

0.12583343333333333
0.030342233333333333
-0.16900103333333333
0.19934326666666666
0.0954912
1.5

0.10190623333333333
0.024024
-0.147546
0.17157
0.07788223333333334
1.5

0.14349163333333334
0.02822
-0.15208883333333334
0.18030883333333333
0.11527163333333333
1.5

0.15905066666666665
0.0197678
-0.15337426666666668
0.17314206666666668
0.13928286666666667
1.5
