
0.39301759999999997
0.04799543333333334
-0.5632246
0.6112200333333333
0.3450221666666667
1.7647058823529411

0.2555652
0.04940173333333333
-0.2165325
0.2659342333333333
0.20616346666666668
1.5

0.15409756666666669
0.025748866666666665
-0.666495
0.6922438666666667
0.1283487
1.5

0.07035236666666667
0.0224718
-0.14896223333333333
0.17143403333333332
0.047880566666666666
1.5

0.23577073333333334
0.04636276666666667
-0.16092013333333333
0.2072829
0.18940796666666668
1.5

0.06670926666666667
0.018813733333333332
-0.14121973333333335
0.16003346666666668
0.04789553333333333
1.5

0.0643522
0.017808566666666664
-0.1355549
0.15336346666666667
0.046543633333333334
1.5

0.47801746666666667
0.016104666666666666
-0.12111516666666668
0.13721983333333335
0.4619128
1.5

0.0722248
0.021049166666666667
-0.12557123333333334
0.14662039999999998
0.05117563333333333
1.5

0.21964823333333333
0.0287105
-0.12776316666666668
0.15647366666666665
0.19093773333333333
1.5
