
0.19452713333333332
0.04979056666666667
-0.5418477333333332
0.5916383000000001
0.14473656666666668
1.7647058823529411

0.17161616666666665
0.0307089
-0.2334187
0.26412759999999996
0.14090726666666667
1.5

0.1693489
0.09122256666666667
-0.22259013333333333
0.3138127
0.07812633333333333
1.5

0.07131213333333333
0.022736266666666668
-0.1471325
0.16986876666666667
0.04857586666666667
1.5

0.0818724
0.021264733333333334
-0.16727713333333333
0.18854186666666667
0.060607666666666664
1.5

0.071143
0.020722933333333336
-0.1482747
0.16899763333333334
0.050420066666666666
1.5

0.07024406666666666
0.023268566666666667
-0.13252006666666669
0.15578863333333334
0.0469755
1.5

0.094744
0.0178883
-0.12090186666666666
0.13879016666666666
0.0768557
1.5

0.10064083333333333
0.018975233333333334
-0.15565726666666665
0.1746325
0.0816656
1.5

0.22329093333333333
0.017619533333333333
-0.13093683333333334
0.14855636666666666
0.2056714
1.5
