
0.26906240000000003
0.04007963333333333
-0.5599297
0.6000093333333334
0.22898276666666667
1.7647058823529411

0.18143573333333335
0.12272793333333333
-0.21476953333333332
0.3374974666666667
0.058707800000000004
1.5

0.10654856666666666
0.030419599999999998
-0.2463846
0.2768042
0.07612896666666666
1.5

0.07585856666666667
0.021567233333333335
-0.16429303333333334
0.18586026666666666
0.05429133333333334
1.5

0.0744158
0.022118866666666664
-0.1554389333333333
0.1775578
0.05229693333333334
1.5

0.07006760000000001
0.021305900000000003
-0.14439436666666666
0.16570026666666665
0.0487617
1.5

0.14290339999999999
0.020936233333333335
-0.13085023333333334
0.15178646666666668
0.12196716666666667
1.5

0.09100253333333334
0.017226666666666668
-0.128444
0.14567066666666667
0.07377586666666666
1.5

0.20489010000000002
0.027390599999999998
-0.1261975
0.1535881
0.1774995
1.5

0.05913376666666667
0.017158200000000002
-0.12357346666666666
0.14073166666666664
0.041975566666666665
1.5
