
0.27521076666666666
0.1515319
-0.5552235333333333
0.7067554333333333
0.12367886666666666
1.7647058823529411

0.24843706666666668
0.04167983333333333
-0.22975
0.2714298333333333
0.20675723333333335
1.5

0.09531546666666665
0.0286567
-0.44577426666666664
0.4744309666666667
0.06665876666666666
1.5

0.08094906666666667
0.0242745
-0.1625698
0.1868443
0.05667456666666667
1.5

0.0777325
0.022410066666666666
-0.15900273333333334
0.18141279999999999
0.05532243333333334
1.5

0.13063166666666667
0.019379933333333335
-0.13567976666666667
0.15505970000000002
0.11125173333333334
1.5

0.06954343333333333
0.0212111
-0.1532664333333333
0.17447753333333332
0.04833233333333334
1.5

0.06722723333333333
0.01723816666666667
-0.13113533333333335
0.1483735
0.049989066666666665
1.5

0.09770606666666666
0.018707166666666667
-0.12675316666666667
0.14546033333333333
0.0789989
1.5

0.07742310000000001
0.01719153333333333
-0.1276867
0.14487823333333333
0.06023156666666667
1.5
