
0.2864986
0.040033400000000004
-0.5601099333333334
0.6001433333333334
0.24646520000000002
1.7647058823529411

0.13494476666666666
0.027776366666666667
-0.21178033333333335
0.2395567
0.1071684
1.5

0.20379783333333334
0.044612533333333336
-0.26004896666666666
0.3046615
0.1591853
1.5

0.07196266666666667
0.023361299999999998
-0.15307283333333335
0.17643413333333333
0.048601366666666666
1.5

0.07448713333333333
0.020756466666666668
-0.18724823333333335
0.20800470000000001
0.05373066666666666
1.5

0.0931838
0.04543846666666667
-0.1343169
0.17975536666666667
0.047745333333333334
1.5

0.06566336666666667
0.0186077
-0.1355149333333333
0.15412263333333334
0.04705566666666666
1.5

0.1779899
0.018107366666666666
-0.12013806666666667
0.1382454333333333
0.15988253333333333
1.5

0.24206913333333333
0.020590433333333335
-0.3144324
0.3350228333333333
0.2214787
1.5

0.17853683333333334
0.10877523333333333
-0.1237067
0.2324819333333333
0.0697616
1.5
