
0.25649923333333335
0.07434966666666668
-0.8164491333333334
0.8907988
0.18214956666666668
1.7647058823529411

0.12385410000000001
0.03847966666666666
-0.2661148
0.3045944666666667
0.08537443333333333
1.5

0.31989893333333336
0.09788776666666667
-0.2546996
0.3525873666666666
0.22201116666666665
1.5

0.08667756666666666
0.026085866666666666
-0.17977476666666667
0.20586063333333332
0.0605917
1.5

0.08744353333333334
0.027065
-0.1926204
0.2196854
0.06037853333333333
1.5

0.07539083333333332
0.022833033333333332
-0.1502425666666667
0.1730756
0.0525578
1.5

0.07869736666666667
0.024308299999999998
-0.14734783333333334
0.17165613333333332
0.054389066666666666
1.5

0.24995046666666668
0.0221356
-0.14771503333333333
0.16985063333333333
0.22781486666666667
1.5

0.41235363333333336
0.024532933333333333
-0.17833633333333335
0.20286926666666666
0.3878207
1.5

0.146827
0.019131166666666668
-0.14597143333333332
0.16510260000000002
0.12769583333333334
1.5
