
0.17202816666666665
0.04329813333333333
-0.6058774666666666
0.6491756
0.12873003333333333
1.7647058823529411

0.2352775666666667
0.13431543333333332
-0.20487753333333333
0.33919296666666665
0.10096213333333333
1.5

0.19763023333333335
0.036299333333333336
-0.44370903333333334
0.48000836666666663
0.1613309
1.5

0.07290143333333333
0.022827366666666665
-0.15927746666666667
0.18210483333333335
0.05007406666666667
1.5

0.080715
0.026756266666666667
-0.15122256666666667
0.17797883333333334
0.05395873333333333
1.5

0.19006479999999998
0.02037766666666667
-0.14278926666666666
0.16316693333333332
0.16968713333333332
1.5

0.06980266666666667
0.0211488
-0.12652733333333332
0.14767613333333332
0.04865386666666667
1.5

0.07017306666666667
0.016861433333333335
-0.12145063333333334
0.13831206666666668
0.05331163333333333
1.5

0.2500093666666667
0.026803233333333332
-0.4913193
0.5181225333333334
0.22320613333333333
1.5

0.2344985
0.016563400000000002
-0.12123893333333334
0.13780233333333333
0.2179351
1.5
