
0.2892860666666667
0.04550933333333334
-0.6229307666666667
0.6684401
0.24377673333333333
1.7647058823529411

0.079681
0.024892333333333332
-0.2141715
0.23906383333333334
0.054788666666666666
1.5

0.2924739666666667
0.029649633333333335
-0.45169133333333333
0.48134096666666665
0.2628243333333333
1.5

0.07088856666666667
0.021428233333333335
-0.15402526666666666
0.1754535
0.049460333333333335
1.5

0.08438293333333334
0.022743733333333335
-0.16829183333333333
0.19103556666666668
0.0616392
1.5

0.10812003333333334
0.018372733333333332
-0.15047813333333332
0.16885086666666668
0.0897473
1.5

0.08875926666666667
0.0230221
-0.13437770000000002
0.15739979999999998
0.06573716666666667
1.5

0.10404776666666667
0.0181457
-0.1243731
0.1425188
0.08590206666666667
1.5

0.0729712
0.018808366666666666
-0.12586043333333333
0.1446688
0.054162833333333334
1.5

0.21476866666666666
0.0162691
-0.13055033333333332
0.14681943333333333
0.19849956666666668
1.5
