
0.32102437142857143
0.19464487142857143
-0.29441532857142855
0.4890602
0.1263795
1.7073170731707317

0.3551035142857143
0.22073804285714285
-0.40405991428571425
0.6247979571428571
0.13436547142857141
1.972972972972973

0.21352137142857144
0.11228048571428571
-0.19151774285714285
0.3037982285714286
0.10124088571428572
2.161290322580645

0.17514145714285714
0.054135328571428575
-0.22880775714285714
0.2829430857142857
0.12100612857142858
2.2903225806451615

0.1514513857142857
0.08165697142857142
-0.16750948571428573
0.24916645714285712
0.06979441428571428
3.1363636363636362

0.1495226
0.03159917142857143
-0.3756537714285714
0.4072529428571428
0.11792342857142857
3.0869565217391304

0.08187618571428572
0.022554814285714285
-0.16280229999999998
0.18535711428571428
0.05932137142857143
3.0833333333333335

0.15694645714285713
0.020497085714285712
-0.13100204285714287
0.15149912857142855
0.13644937142857144
3.3

0.24756198571428573
0.030639700000000002
-0.7466288857142857
0.7772685857142857
0.2169222857142857
3.8333333333333335

0.06118638571428572
0.016461857142857143
-0.1375029857142857
0.15396484285714285
0.04472452857142857
3.6842105263157894
