
6.556861571428572
6.42678
2.424220857142857
4.002559142857143
0.13008157142857144
1.7073170731707317

4.648196014285714
4.574090557142857
2.5787929571428574
1.9952976
0.07410545714285714
1.972972972972973

5.159317157142857
4.455360928571428
2.5873234285714286
1.8680375
0.7039562285714286
2.161290322580645

5.259286442857142
4.845521685714286
2.0749376714285717
2.7705840142857143
0.4137647571428571
2.2903225806451615

4.654335
4.436667271428571
2.5536937
1.8829735714285714
0.21766772857142858
3.1363636363636362

4.7760263
4.5555045142857145
2.633567342857143
1.9219371714285713
0.2205217857142857
3.0869565217391304

5.2420652
5.107384985714286
2.5037933285714287
2.6035916571428572
0.13468021428571428
3.0833333333333335

7.092466128571428
6.755871728571429
3.267689971428571
3.4881817571428573
0.3365944
3.3

4.105718628571428
3.9486912000000003
1.995560357142857
1.953130842857143
0.15702742857142857
3.6315789473684212

3.8677450714285713
3.7027950857142855
1.6046779
2.098117185714286
0.16494998571428574
3.6842105263157894
