
0.24098235714285712
0.10490738571428572
-0.5393980428571429
0.6443054285714285
0.13607497142857142
1.7073170731707317

0.16637591428571427
0.05072641428571429
-0.24551025714285715
0.29623667142857146
0.1156495
2.0277777777777777

0.1301575142857143
0.035337514285714286
-0.19857014285714286
0.23390765714285716
0.09482
2.161290322580645

0.6492149571428572
0.14394715714285714
-0.1642330714285714
0.30818022857142857
0.5052677999999999
2.2903225806451615

0.09710911428571428
0.024997557142857143
-0.14268685714285714
0.16768441428571426
0.07211155714285714
3.1363636363636362

0.1105888
0.0268592
-0.13598604285714286
0.16284524285714286
0.0837296
3.0869565217391304

0.4617914857142857
0.06355472857142856
-0.13637395714285713
0.1999286857142857
0.3982367571428571
3.0833333333333335

0.18233587142857144
0.07873461428571428
-0.1428067
0.2215413142857143
0.10360125714285714
3.3

0.17175511428571427
0.019332057142857142
-0.13170748571428573
0.15103954285714286
0.15242305714285714
3.6315789473684212

0.05204045714285714
0.014537257142857142
-0.12974595714285714
0.14428321428571428
0.0375032
3.6842105263157894
