
0.13089765714285714
0.041262485714285715
-0.5497212857142857
0.5909837714285714
0.08963517142857143
1.7073170731707317

0.20068988571428573
0.08460187142857142
-0.19070794285714285
0.27530981428571427
0.11608801428571429
1.972972972972973

0.1643709714285714
0.07017517142857142
-0.16555842857142858
0.23573360000000002
0.0941958
2.161290322580645

0.14013825714285716
0.07015347142857142
-0.173885
0.2440384714285714
0.06998478571428571
2.2903225806451615

0.09609624285714286
0.034025599999999996
-0.14170857142857143
0.17573417142857142
0.06207064285714285
3.1363636363636362

0.0755097
0.027119114285714285
-0.1822207
0.2093398142857143
0.048390585714285714
3.0869565217391304

0.46270728571428577
0.16121317142857142
-0.14004741428571427
0.3012605857142857
0.30149411428571427
3.0833333333333335

0.11197911428571429
0.019657742857142856
-0.11927717142857143
0.13893491428571428
0.09232137142857143
3.3

0.13347274285714283
0.031484314285714285
-0.1511188
0.1826031142857143
0.10198842857142856
3.6315789473684212

0.06074581428571429
0.01586032857142857
-0.12578795714285715
0.1416482857142857
0.04488548571428572
3.6842105263157894
