
0.2854662142857143
0.19070824285714286
-0.30511859999999996
0.49582684285714285
0.09475797142857142
1.7073170731707317

0.31390334285714283
0.1720257
-0.9589958428571429
1.1310215428571428
0.14187764285714288
1.972972972972973

0.16273089999999998
0.03724147142857143
-0.15545295714285715
0.19269442857142857
0.12548942857142856
2.161290322580645

0.19569298571428573
0.07272278571428571
-0.17202055714285713
0.24474334285714286
0.1229702
2.2903225806451615

0.16900114285714288
0.10913785714285715
-0.14925495714285714
0.2583928142857143
0.059863285714285716
3.1363636363636362

0.0724559857142857
0.022481285714285714
-0.13383954285714286
0.15632082857142857
0.0499747
3.0869565217391304

0.41750778571428576
0.022243314285714286
-0.16507985714285714
0.18732317142857144
0.39526447142857146
3.217391304347826

0.11280778571428571
0.019373014285714286
-0.12009295714285714
0.13946597142857142
0.09343477142857143
3.3

0.08563952857142858
0.01689197142857143
-0.5038708714285715
0.5207628428571428
0.06874755714285714
3.6315789473684212

0.060688485714285714
0.017248799999999998
-0.1337787
0.1510275
0.04343968571428571
3.6842105263157894
