
0.27139024285714286
0.05937308571428571
-0.3440739428571428
0.40344702857142856
0.21201715714285715
1.7073170731707317

0.3472579857142857
0.03387437142857143
-0.26332720000000004
0.2972015714285714
0.31338361428571426
1.972972972972973

0.15664984285714284
0.054195928571428575
-0.1795713
0.23376722857142856
0.10245391428571429
2.161290322580645

0.16555562857142855
0.08692312857142857
-0.21254544285714286
0.2994685714285714
0.0786325
2.2903225806451615

0.16047002857142859
0.025357714285714286
-0.15497407142857142
0.1803317857142857
0.1351123142857143
3.1363636363636362

0.10860352857142858
0.05509342857142857
-0.14022189999999998
0.19531532857142858
0.0535101
3.0869565217391304

0.16004272857142857
0.0324544
-0.31487514285714285
0.34732954285714285
0.12758832857142857
3.0833333333333335

0.2102856142857143
0.023920157142857144
-0.13315367142857143
0.15707382857142857
0.18636545714285713
3.3

0.1721821
0.019730542857142857
-0.15519144285714287
0.17492198571428572
0.15245155714285713
3.6315789473684212

0.06068871428571428
0.017541685714285715
-0.14330464285714287
0.16084632857142858
0.04314702857142857
3.6842105263157894
