
0.12338557142857144
0.03525341428571429
-0.2992241428571428
0.33447755714285715
0.08813215714285715
1.7073170731707317

0.1759016142857143
0.11231437142857142
-0.20806577142857144
0.32038014285714284
0.06358724285714286
1.972972972972973

0.1262063714285714
0.029623185714285714
-0.15456655714285714
0.18418974285714285
0.09658318571428572
2.161290322580645

0.1433478
0.06593887142857142
-0.41958247142857147
0.4855213428571429
0.07740892857142856
2.4193548387096775

0.18333035714285714
0.03732925714285715
-0.1606752142857143
0.19800447142857142
0.1460011
3.0952380952380953

0.07009422857142857
0.021346871428571428
-0.13491684285714287
0.15626371428571428
0.04874735714285715
3.0869565217391304

0.09364987142857142
0.018882628571428573
-0.15141937142857143
0.170302
0.07476724285714285
3.0833333333333335

0.115462
0.025350257142857144
-0.13518667142857144
0.16053692857142857
0.09011174285714287
3.3

0.12106655714285715
0.0274262
-0.1358005714285714
0.16322677142857142
0.09364035714285715
3.6315789473684212

0.08812634285714285
0.04160287142857143
-0.19585564285714288
0.23745851428571427
0.04652347142857143
3.6842105263157894
