
0.1620752
0.06073741428571429
-0.30476440000000005
0.3655018142857143
0.10133778571428571
1.7073170731707317

0.14330772857142857
0.04122635714285715
-0.2389157857142857
0.28014214285714284
0.10208137142857142
1.972972972972973

0.21595815714285715
0.12133338571428572
-0.18281485714285714
0.30414824285714287
0.09462477142857144
2.161290322580645

0.20293824285714285
0.1321811
-0.1706188142857143
0.3027999142857143
0.07075714285714285
2.2903225806451615

0.17604855714285714
0.033384385714285716
-0.17605189999999998
0.2094362857142857
0.14266417142857143
3.1363636363636362

0.0930416
0.034361271428571434
-0.16063047142857143
0.19499174285714285
0.058680328571428575
3.0869565217391304

0.1873608
0.12395575714285714
-0.16235470000000002
0.28631045714285713
0.06340504285714285
3.0833333333333335

0.12603952857142858
0.029926914285714288
-0.16398282857142857
0.19390974285714285
0.09611261428571428
3.3

0.6320939428571429
0.02250217142857143
-0.17370591428571427
0.19620808571428572
0.6095917714285715
3.6315789473684212

0.062385085714285714
0.016247214285714285
-0.15261394285714286
0.16886115714285715
0.04613787142857143
3.6842105263157894
