
0.4621816857142857
0.3274867714285714
-0.3473630142857143
0.6748497857142857
0.13469491428571428
1.7073170731707317

0.30143635714285716
0.07803788571428572
-0.5776514142857143
0.6556893
0.22339847142857142
2.0277777777777777

0.15429547142857142
0.05115175714285715
-0.1748779
0.22602965714285714
0.10314371428571428
2.161290322580645

0.1066396
0.03737435714285715
-0.14717091428571427
0.18454527142857144
0.06926524285714286
2.2903225806451615

0.20121608571428573
0.1187859
-0.14668434285714285
0.2654702428571429
0.08243018571428572
3.1363636363636362

0.10381388571428572
0.03878878571428572
-0.17564908571428572
0.21443787142857143
0.0650251
3.0869565217391304

0.19622761428571428
0.1279592
-0.16790851428571427
0.29586771428571423
0.06826841428571429
3.0833333333333335

0.13944985714285713
0.026674142857142858
-0.28398505714285716
0.3106592
0.11277571428571428
3.3

0.20320802857142858
0.025291285714285714
-0.19857558571428574
0.22386687142857145
0.17791674285714285
3.6315789473684212

0.07569961428571428
0.022884385714285718
-0.16668927142857143
0.18957365714285715
0.05281522857142857
3.6842105263157894
