
0.2008583
0.09582928571428571
-0.4818618142857143
0.5776911
0.10502901428571429
1.7073170731707317

0.23513165714285714
0.09821184285714285
-0.24904754285714287
0.3472593857142857
0.1369198142857143
1.972972972972973

0.12037135714285714
0.026421257142857143
-0.16366824285714285
0.1900895
0.09395010000000001
2.161290322580645

0.3146352
0.12553065714285716
-0.16892487142857143
0.29445552857142854
0.18910454285714287
2.2903225806451615

0.18605034285714286
0.11862727142857143
-0.19296177142857143
0.31158904285714284
0.06742307142857143
3.1363636363636362

0.09766828571428571
0.041770328571428574
-0.16171934285714284
0.20348967142857144
0.05589795714285714
3.0869565217391304

0.20363644285714286
0.02270417142857143
-0.14261522857142858
0.1653194
0.18093227142857143
3.0833333333333335

0.11411575714285714
0.020718942857142857
-0.13134008571428574
0.15205902857142858
0.09339681428571428
3.3

0.37859007142857143
0.16933141428571427
-0.15877248571428573
0.3281039
0.20925865714285716
3.8333333333333335

0.14061048571428572
0.016592771428571428
-0.16098055714285714
0.17757332857142857
0.12401771428571429
3.6842105263157894
