
0.48197548571428567
0.3878221
-0.33485341428571425
0.7226755142857143
0.09415338571428572
1.7073170731707317

0.14079441428571426
0.043452542857142853
-0.17692445714285715
0.220377
0.09734187142857142
1.972972972972973

0.17390688571428572
0.07527725714285714
-0.17311254285714286
0.2483898
0.09862962857142858
2.161290322580645

0.07961448571428571
0.026869371428571428
-0.1353351142857143
0.16220448571428572
0.05274511428571428
2.2903225806451615

0.3776280285714286
0.03294542857142857
-0.14764370000000002
0.18058912857142856
0.34468259999999995
3.1363636363636362

0.07945702857142857
0.02803827142857143
-0.13413778571428572
0.16217605714285716
0.051418757142857145
3.0869565217391304

0.12152195714285714
0.028839985714285716
-0.1326121142857143
0.16145210000000002
0.09268197142857143
3.0833333333333335

0.22062527142857144
0.12448124285714286
-0.1311837142857143
0.25566495714285714
0.09614402857142858
3.3

0.1501306857142857
0.06594265714285714
-0.15364429999999998
0.21958695714285714
0.08418802857142857
3.6315789473684212

0.05357894285714286
0.015595857142857144
-0.14141812857142858
0.1570139857142857
0.037983085714285714
3.6842105263157894
