
0.24736432857142857
0.03835491428571429
-0.6019918428571429
0.6403467571428572
0.20900941428571426
1.7073170731707317

0.35610057142857143
0.1279415142857143
-0.19355304285714287
0.3214945571428572
0.22815905714285714
1.972972972972973

0.19349767142857144
0.09179534285714286
-0.19277888571428572
0.28457422857142856
0.10170232857142858
2.161290322580645

0.11209007142857144
0.033370671428571426
-0.15937751428571428
0.1927481857142857
0.0787194
2.2903225806451615

0.26743644285714285
0.06305871428571429
-0.15946664285714288
0.22252535714285712
0.20437772857142858
3.1363636363636362

0.07869928571428571
0.022180642857142857
-0.12908577142857144
0.15126641428571427
0.05651864285714286
3.0869565217391304

0.12339952857142857
0.027177742857142858
-0.12780935714285716
0.15498710000000002
0.0962217857142857
3.0833333333333335

0.24440425714285716
0.03510632857142858
-0.14007979999999998
0.17518612857142857
0.2092979285714286
3.3

0.20918451428571427
0.0147958
-0.12749612857142859
0.14229192857142858
0.1943887142857143
3.6315789473684212

0.06400144285714286
0.02072492857142857
-0.14827405714285713
0.16899898571428573
0.04327651428571429
3.6842105263157894
