
0.2917006142857143
0.17416328571428571
-0.35829054285714285
0.5324538285714285
0.11753732857142857
1.7073170731707317

0.17206717142857142
0.030393657142857144
-0.17968097142857142
0.21007462857142856
0.14167351428571429
1.972972972972973

0.17384125714285714
0.040939557142857144
-0.158056
0.19899555714285713
0.1329017
2.161290322580645

0.0870926
0.03416248571428571
-0.18847908571428573
0.2226415714285714
0.052930114285714286
2.2903225806451615

0.34981224285714285
0.13071047142857142
-0.23648517142857142
0.36719564285714285
0.21910177142857143
3.2857142857142856

0.11585561428571428
0.06266301428571429
-0.12984202857142857
0.19250504285714287
0.0531926
3.0869565217391304

0.07609181428571428
0.0198068
-0.13313841428571427
0.15294521428571428
0.05628501428571429
3.0833333333333335

0.12350627142857143
0.02814375714285714
-0.16443258571428573
0.19257634285714284
0.0953625142857143
3.3

0.14152489999999998
0.042514614285714285
-0.1812345
0.22374911428571428
0.0990102857142857
3.6315789473684212

0.1975556
0.1481311857142857
-0.1806293142857143
0.3287605
0.049424414285714285
3.6842105263157894
