
0.34662574285714287
0.05650772857142857
-0.35934361428571426
0.41585134285714287
0.2901180142857143
1.7073170731707317

0.16972317142857143
0.061290671428571426
-0.2260135
0.28730417142857145
0.1084325
1.972972972972973

0.18179415714285715
0.07717441428571428
-0.18160814285714286
0.25878255714285714
0.10461974285714286
2.161290322580645

0.08375287142857142
0.022063714285714287
-0.13638841428571427
0.15845212857142857
0.06168915714285714
2.2903225806451615

0.15992738571428572
0.03617794285714286
-0.14551174285714286
0.1816896857142857
0.12374944285714286
3.1363636363636362

0.08087162857142857
0.025015342857142856
-0.14127862857142856
0.1662939714285714
0.05585628571428572
3.0869565217391304

0.10557358571428571
0.022385685714285716
-0.1398977142857143
0.1622834
0.0831879
3.0833333333333335

0.1829132
0.0890819857142857
-0.1338719857142857
0.2229539714285714
0.0938312142857143
3.3

0.15318832857142858
0.01723617142857143
-0.14485748571428572
0.16209365714285714
0.13595215714285716
3.6315789473684212

0.13136695714285715
0.04873361428571429
-0.1391888142857143
0.18792242857142857
0.08263334285714286
3.6842105263157894
