
0.7177760142857142
0.44589817142857147
-0.3647301857142857
0.8106283571428572
0.27187784285714284
1.7073170731707317

0.11834914285714286
0.045006671428571426
-0.2377439
0.2827505714285714
0.07334247142857143
1.972972972972973

0.2685826285714286
0.045303642857142855
-0.1876133857142857
0.2329170285714286
0.22327898571428573
2.161290322580645

0.09910074285714286
0.03748907142857143
-0.1432585142857143
0.18074758571428573
0.06161167142857143
2.2903225806451615

0.15259125714285715
0.04721074285714286
-0.1578332
0.20504394285714286
0.1053805142857143
3.1363636363636362

0.07738998571428571
0.026866085714285712
-0.14114857142857143
0.16801465714285715
0.050523900000000004
3.0869565217391304

0.11813911428571429
0.0275528
-0.1314057857142857
0.15895858571428573
0.09058631428571429
3.0833333333333335

0.12393732857142857
0.027125085714285714
-0.13152658571428572
0.15865167142857142
0.09681224285714286
3.3

0.11019038571428572
0.03423104285714286
-0.15082408571428574
0.18505512857142856
0.07595934285714286
3.6315789473684212

0.2680309285714286
0.13385294285714286
-0.14949911428571427
0.28335205714285716
0.1341779857142857
3.6842105263157894
