
0.17749157142857142
0.06200811428571428
-0.3803057714285714
0.4423138857142857
0.11548345714285714
1.7073170731707317

0.10441914285714285
0.03136058571428571
-0.3559916857142857
0.3873522714285714
0.07305855714285714
1.972972972972973

0.13130551428571427
0.028904
-0.22475414285714287
0.2536581428571429
0.1024015142857143
2.161290322580645

0.09947397142857142
0.03313802857142857
-0.15583495714285714
0.18897298571428572
0.06633594285714285
2.2903225806451615

0.29097697142857143
0.10703498571428571
-0.17317205714285713
0.2802070428571429
0.18394198571428572
3.1363636363636362

0.08085357142857144
0.024218442857142856
-0.19658655714285714
0.220805
0.05663512857142857
3.0869565217391304

0.19994632857142858
0.07072968571428571
-0.2949630857142857
0.36569277142857143
0.12921664285714285
3.217391304347826

0.13302265714285716
0.03374325714285715
-0.2084079
0.24215115714285715
0.09927939999999999
3.3

0.10067595714285714
0.02961147142857143
-0.1901732857142857
0.21978475714285714
0.07106448571428571
3.6315789473684212

0.08145812857142858
0.0161196
-0.14027095714285714
0.15639055714285713
0.06533852857142858
3.6842105263157894
