
11.35170682
11.43199806
0.0
0.13359613
0.2921442
5.577268549999999
5.562585309999999
4.0

186.51637305
186.43835173
0.0
0.15482305
180.24018743000002
2.49961726
3.6985470400000002
4.636363636363637

3.19402897
3.16482604
0.0
0.18000047
0.32067028999999997
0.12463302
2.71952273
5.0

3.78401975
4.01036958
0.0
0.24920008999999999
0.53803303
0.1253618
3.34697475
5.0

3.45996768
3.31619893
0.0
0.35542154
0.46582782
0.26177026000000003
2.58860085
5.0

3.84786803
3.75158813
0.0
0.22641566
0.36528117
0.11158668
3.27472028
5.0

3.5469567599999996
3.43279541
0.0
0.25483931
0.43535799
0.11700856
2.88042886
5.0

3.4887366699999998
3.3635686099999997
0.0
0.23925323
0.34389382
0.11576324
2.9039115499999997
5.0

3.24109791
3.10797275
0.0
0.20415871
0.31415591
0.11051746000000001
2.68329938
5.0

9.33878507
9.30104543
0.0
0.09564579
0.12230503
4.08207032
5.09667008
4.454545454545454
