
26.23745934
16.819811039999998
9.28637759
0.13127070999999998
0.92922776
10.27286912
5.61771416
4.0

20.37051279
16.38498182
3.86215925
0.12337172
0.41705575
10.48423146
5.483694610000001
4.636363636363637

18.82598184
16.168628939999998
2.55470759
0.10264531
0.33996816999999996
10.39760793
5.4310528399999995
5.0

19.35693036
16.21752055
3.0372304100000003
0.10217939999999999
0.36798021000000003
10.44243803
5.40710231
5.0

19.47224048
16.13020071
3.19263068
0.14940909
0.30929419
10.494745349999999
5.32616117
5.0

20.1853161
16.25216885
3.84698543
0.08616182
0.29788482
10.57106295
5.38322108
5.0

19.69320508
16.01294268
3.57339589
0.10686651
0.26434247
10.39844478
5.35015543
5.0

19.615081510000003
15.963118060000001
3.54272653
0.10923692
0.27367558000000003
10.35972325
5.32971923
5.0

20.133049070000002
16.379637640000002
3.60961802
0.14379341
0.35427305
10.88983015
5.135534440000001
5.0

19.6913754
16.14463995
3.46651817
0.08021728
0.41904013
10.31168903
5.41391079
4.454545454545454
