
11.368986269999999
11.338066320000001
0.0
0.1712561
0.23293789
5.57284417
5.53228426
4.0

11.23966556
11.211160099999999
0.0
0.097926
0.1375688
5.52329204
5.55029926
4.636363636363637

10.88324461
10.84671259
0.0
0.09426351
0.0919268
5.353587849999999
5.40119794
5.0

11.139741410000001
11.09475745
0.0
0.09515011999999999
0.09300585
5.13666098
5.86509062
5.0

11.01901335
10.92502412
0.0
0.14039178
0.07942060000000001
5.42280858
5.42279494
5.0

11.02195292
10.97905433
0.0
0.09179380000000001
0.07967089
5.4649313799999995
5.43445206
5.0

10.813830800000002
10.75768055
0.0
0.10221163999999999
0.07515704
5.29927876
5.38324475
5.0

10.892592070000001
10.854259449999999
0.0
0.07548511999999999
0.0579381
5.54479474
5.25152661
5.0

10.86803391
10.842529560000001
0.0
0.08821669
0.08551408
5.34742014
5.40959534
5.0

10.92468023
10.882114029999999
0.0
0.10427561
0.09368493
5.46405804
5.32437106
4.454545454545454
