
11.91541772
11.90447376
0.0
0.14030635
0.18776801
6.52484339
5.19186236
4.0

11.05019013
11.01976364
0.0
0.08852510000000001
0.21534851000000002
5.34062618
5.4637889500000005
4.636363636363637

10.834916470000001
10.79750442
0.0
0.08575595
0.0802985
5.32997382
5.387232099999999
5.0

11.24653203
11.21186969
0.0
0.07754671
0.11799794
5.33161831
5.76225344
5.0

10.922101099999999
10.83778967
0.0
0.12846291
0.06853901
5.3559974100000005
5.41325325
5.0

10.97215417
10.93703614
0.0
0.07038910000000001
0.057206230000000004
5.4657299
5.414100009999999
5.0

10.743093140000001
10.70255856
0.0
0.07854889999999999
0.05666214
5.2783473
5.3675491200000005
5.0

10.91252012
10.89330083
0.0
0.05750516000000001
0.05534986
5.604287360000001
5.233663610000001
5.0

10.762168449999999
10.738001619999999
0.0
0.06388917
0.08510828999999999
5.28620098
5.366692349999999
5.0

10.773642429999999
10.745821099999999
0.0
0.0751592
0.06986347
5.29424742
5.38171021
4.454545454545454
