
11.31605752
11.38882423
0.0
0.13310270999999999
0.27086801
5.543504990000001
5.57445123
4.0

11.031930390000001
10.99829711
0.0
0.09228505000000001
0.09996185
5.45660588
5.44172938
4.636363636363637

10.839139710000001
10.805519539999999
0.0
0.08453838000000001
0.08284380000000001
5.3440667
5.37860904
5.0

11.23420024
11.18264817
0.0
0.10395594999999999
0.09337053
5.38789312
5.7013845199999995
5.0

10.92767922
10.84499728
0.0
0.11966459
0.060319300000000006
5.37582634
5.40885164
5.0

11.03096481
10.99494158
0.0
0.0743629
0.057333550000000004
5.4892637
5.44834433
5.0

11.11537676
11.056621470000001
0.0
0.09827596000000001
0.07639125
5.01208773
5.96814249
5.0

10.71322423
10.68546942
0.0
0.06401143
0.05403966
5.31240553
5.31902423
5.0

10.72626783
10.70458178
0.0
0.07802575
0.08299374000000001
5.24249585
5.379092190000001
5.0

10.719066779999999
10.68829942
0.0
0.07332015
0.0660472
5.208718
5.41353422
4.454545454545454
