
11.36069208
11.36696496
0.0
0.12849684
0.2007447
5.54895045
5.61726981
4.0

11.13790897
11.09063418
0.0
0.10660319
0.21222737
5.394738940000001
5.4836678700000006
4.636363636363637

10.81028139
10.776599699999998
0.0
0.08362362
0.08184124000000001
5.303876799999999
5.39088166
5.0

11.103928710000002
11.061733949999999
0.0
0.085979
0.10804052
5.27292041
5.680773019999999
5.0

10.91480112
10.84614138
0.0
0.10804230000000001
0.06367457
5.40999401
5.3724728
5.0

10.95350259
10.91554642
0.0
0.07811551
0.060220300000000004
5.51562868
5.33969744
5.0

10.812841650000001
10.78506526
0.0
0.06450018
0.057443919999999996
5.37179026
5.35583108
5.0

10.74405582
10.730532689999999
0.0
0.05110912
0.05431089
5.49755734
5.17866446
5.0

10.85528598
10.829670980000001
0.0
0.0651265
0.062363470000000004
5.35650945
5.410798059999999
5.0

10.7515119
10.71798999
0.0
0.0771829
0.06488441
5.30079953
5.35230605
4.454545454545454
