
11.46687001
11.45136236
0.0
0.13169353
0.17186816
5.621991230000001
5.6575029699999995
4.0

11.07458201
11.040753630000001
0.0
0.09874155
0.10553753
5.486551980000001
5.44866412
4.636363636363637

10.84909624
10.80236485
0.0
0.09709372999999999
0.08261181
5.3249153
5.39483774
5.0

10.76499825
10.717691519999999
0.0
0.09232137
0.07004894
5.26674704
5.38089554
5.0

11.08946438
11.00143359
0.0
0.12231292999999999
0.05418341
5.494399860000001
5.4528503200000005
5.0

10.810673300000001
10.77418269
0.0
0.07391692999999999
0.055922480000000004
5.38950138
5.32875883
5.0

10.75806875
10.72717418
0.0
0.06939748
0.05721173
5.33532888
5.33463357
5.0

10.82313721
10.80682292
0.0
0.052762260000000005
0.05446923
5.63689248
5.11546121
5.0

10.866505400000001
10.83278466
0.0
0.08435742
0.0686287
5.34792078
5.416235179999999
5.0

11.05398358
11.03116026
0.0
0.078936
0.0842387
5.31899736
5.6279242
4.454545454545454
