
11.41460792
11.44937882
0.0
0.16655342
0.34540796
5.4169894
5.68698146
4.0

11.13949976
11.11385164
0.0
0.10597122
0.25761087
5.37413962
5.48210115
4.636363636363637

11.16046189
11.10492079
0.0
0.10843555
0.08976295
5.29303607
5.722121769999999
5.0

10.95192835
10.89979874
0.0
0.10667739999999999
0.08816594
5.41329623
5.398336570000001
5.0

10.911860619999999
10.869123519999999
0.0
0.08352317999999999
0.06522415
5.373710320000001
5.43018905
5.0

10.806818060000001
10.762468210000002
0.0
0.09009257000000001
0.07721133000000001
5.3370417
5.3482151799999995
5.0

10.38520122
10.913374289999998
0.0
0.12878483999999998
0.68268809
5.06732371
5.16336249
5.0

10.70033683
10.68000465
0.0
0.05884928
0.06057028
5.2930158
5.32641857
5.0

10.93023065
10.90248498
0.0
0.07664765
0.07773165
5.39733049
5.42742284
5.0

11.59029548
11.55131757
0.0
0.09601464999999999
0.0920265
5.288863650000001
6.17042742
4.454545454545454
