
11.483437619999998
11.460590119999999
0.0
0.13836869
0.17363824
5.686335150000001
5.6006167300000005
4.0

11.02938001
11.000393039999999
0.0
0.08611771
0.09540241
5.45406077
5.4509298600000005
4.636363636363637

10.87871059
10.83152703
0.0
0.09299246000000001
0.07594836
5.37196404
5.38361463
5.0

10.81343558
10.77084988
0.0
0.08525413000000001
0.06578453999999999
5.31504203
5.390023309999999
5.0

10.84049415
10.7721027
0.0
0.10513255
0.05756676
5.31492112
5.39961482
5.0

11.027202189999999
10.98926459
0.0
0.07677608
0.060108190000000006
5.46233964
5.4668167599999995
5.0

10.853901089999999
10.80775513
0.0
0.08917204
0.08701638
5.37146584
5.34927291
5.0

10.73632943
10.71928366
0.0
0.05654717
0.057313260000000005
5.37675755
5.28521285
5.0

10.82756036
10.80470159
0.0
0.07477091000000001
0.07648082
5.33596363
5.39225714
5.0

10.79632763
10.76690726
0.0
0.07416207000000001
0.07174625
5.27384828
5.42131273
4.454545454545454
