
0.2501314142857143
0.05650807142857143
-0.5165431285714286
0.5730512
0.19362334285714286
1.8421052631578947

0.1165705
0.038368985714285715
-0.19734991428571427
0.23571889999999998
0.0782015142857143
2.4

114.83264574285714
114.34347191428571
-0.20946961428571428
114.55294152857142
0.48917382857142855
4.733333333333333

1.5926302142857143
0.5936878000000001
-0.7171305
1.3108183
0.9989424142857143
11.5

1.1864964285714286
0.28588184285714285
-0.6041330857142857
0.8900149285714285
0.9006145857142858
9.0

1.0635772714285714
0.28086432857142857
-0.5072270571428572
0.7880913857142856
0.7827129428571429
10.125

1.037056442857143
0.1952756714285714
-0.49888308571428575
0.6941587571428571
0.8417807714285714
9.714285714285714

1.3145553857142858
0.28551504285714285
-0.5119983428571429
0.7975133857142856
1.0290403428571429
11.666666666666666

0.9910759571428571
0.07846298571428571
-0.6148271285714286
0.6932901142857143
0.9126129714285713
11.5

1.0522902428571428
0.11335401428571429
-0.4942982285714286
0.6076522428571428
0.9389362285714286
8.285714285714286
