
0.13065854285714287
0.038686257142857144
-0.2099157857142857
0.24860204285714285
0.09197228571428571
1.8421052631578947

86.71373664285714
85.88949922857142
-0.3664030714285714
86.2559023
0.8242374142857143
4.8

1.2264827857142857
0.16061137142857143
-0.4667915142857143
0.6274028857142857
1.0658714142857142
7.090909090909091

1.0995110428571429
0.23417705714285714
-0.49256565714285716
0.7267427142857144
0.8653339857142858
10.333333333333334

1.1783961571428572
0.122079
-0.4742935
0.5963725
1.0563171571428571
13.333333333333334

3.045651785714286
0.12858657142857144
-0.3702140428571429
0.49880061428571426
2.917065214285714
26.5

2.5828447999999997
0.24322144285714287
-0.16555737142857144
0.4087788142857143
2.339623357142857
28.0

1.0687814428571427
0.22293858571428574
-0.5847347857142857
0.8076733714285714
0.8458428571428571
10.0

0.9762278857142856
0.17532598571428573
-0.7051747857142857
0.8805007714285714
0.8009019
10.0

0.9615307571428572
0.17059408571428572
-0.552187
0.7227810857142857
0.7909366714285715
7.111111111111111
