
0.13748325714285714
0.0461818
-0.23612248571428573
0.28230428571428573
0.09130145714285713
1.8421052631578947

0.1639658142857143
0.03082522857142857
-0.1833749285714286
0.21420015714285714
0.13314058571428572
2.4

0.18388322857142858
0.04807558571428571
-0.13355224285714284
0.18162782857142856
0.13580764285714286
3.0869565217391304

0.11912002857142857
0.034502785714285715
-0.13261814285714288
0.16712092857142857
0.08461724285714287
4.6

0.1180463
0.03785772857142857
-0.14137278571428571
0.17923051428571427
0.08018857142857143
5.142857142857143

0.14879637142857144
0.04633037142857143
-0.15224214285714288
0.1985725142857143
0.102466
5.076923076923077

0.2369410285714286
0.1695435142857143
-0.1408099
0.3103534142857143
0.06739751428571429
5.846153846153846

0.1643407857142857
0.03136665714285714
-0.1169497
0.14831635714285712
0.13297412857142857
7.0

0.12189345714285714
0.019986
-0.1042436
0.12422960000000001
0.10190745714285714
7.0

0.1382404714285714
0.020079957142857142
-0.12514094285714286
0.14522089999999999
0.1181605142857143
3.5555555555555554
