
0.2750634571428571
0.1736442
-0.3172428428571428
0.49088704285714285
0.10141925714285714
1.8421052631578947

0.2992146285714286
0.14912577142857142
-0.23662092857142858
0.3857467
0.15008885714285713
2.4

0.17957148571428572
0.047616071428571424
-0.13042938571428572
0.17804545714285713
0.13195541428571428
3.0869565217391304

0.24489682857142858
0.12153395714285714
-0.1628473
0.2843812571428571
0.12336287142857143
4.6

0.1651657
0.07842661428571428
-0.14877947142857142
0.22720608571428572
0.08673908571428571
5.142857142857143

0.12827098571428572
0.03040307142857143
-0.1466032857142857
0.17700635714285712
0.09786791428571429
5.076923076923077

0.22601837142857142
0.0296547
-0.11333807142857144
0.14299277142857142
0.19636367142857142
5.846153846153846

0.16430091428571428
0.04132244285714286
-0.14565605714285715
0.1869785
0.12297847142857143
7.0

0.13862811428571428
0.02393225714285714
-0.14802494285714285
0.1719572
0.11469585714285714
7.0

0.1550050285714286
0.019495085714285713
-0.12711167142857144
0.14660675714285715
0.13550994285714285
3.5555555555555554
