
0.3739723
0.25690907142857144
-0.24155717142857142
0.49846624285714286
0.11706322857142856
1.8421052631578947

0.22149575714285716
0.03543264285714286
-0.15963915714285715
0.1950718
0.1860631142857143
2.4

0.12946602857142858
0.03894971428571428
-0.12882275714285715
0.1677724714285714
0.09051631428571429
3.0869565217391304

0.14005324285714285
0.04860327142857143
-0.13827717142857143
0.18688044285714286
0.09144997142857143
4.6

0.20743232857142857
0.07458441428571429
-0.6550437571428572
0.7296281714285715
0.13284791428571427
5.142857142857143

0.13949384285714286
0.0310047
-0.163931
0.19493570000000002
0.10848914285714285
5.076923076923077

0.20824742857142858
0.028035114285714285
-0.10484527142857143
0.1328803857142857
0.1802123142857143
5.846153846153846

0.15960911428571428
0.03420427142857143
-0.12632552857142856
0.1605298
0.12540484285714285
7.0

0.13977001428571428
0.02128167142857143
-0.14197048571428572
0.16325215714285715
0.11848834285714285
7.0

0.15255065714285715
0.017868814285714286
-0.13093425714285714
0.1488030714285714
0.13468184285714285
3.5555555555555554
