
0.2314661
0.14442717142857142
-0.2343692857142857
0.37879645714285715
0.08703892857142856
1.8421052631578947

0.21490789999999999
0.1472164
-0.1697056142857143
0.3169220142857143
0.0676915
2.4

0.15032605714285716
0.045009185714285714
-0.13328547142857142
0.17829465714285714
0.10531687142857142
3.0869565217391304

0.1258577857142857
0.03469984285714286
-0.14299381428571428
0.17769365714285715
0.09115794285714286
4.6

0.2008350285714286
0.04217371428571428
-0.7434443857142856
0.7856181
0.15866131428571428
5.142857142857143

0.13335429999999998
0.025582185714285714
-0.1372132
0.16279538571428573
0.10777211428571429
5.076923076923077

0.0927623
0.028425514285714285
-0.12759912857142858
0.15602464285714288
0.06433678571428572
5.846153846153846

0.15238177142857143
0.029524614285714283
-0.12046277142857144
0.14998738571428571
0.12285715714285715
7.0

0.1226480142857143
0.019555957142857145
-0.1291543
0.14871025714285716
0.10309205714285714
7.0

0.13644407142857143
0.020003114285714284
-0.12549037142857142
0.14549348571428572
0.11644095714285714
3.5555555555555554
