
0.6078199285714285
0.19653755714285714
-0.31197245714285715
0.5085100142857143
0.41128237142857144
1.8421052631578947

0.10065384285714285
0.033736171428571424
-0.15430821428571428
0.18804438571428572
0.06691767142857143
2.4

0.12582408571428572
0.037613885714285714
-0.1352257
0.17283958571428573
0.0882102
3.0869565217391304

0.3339904857142857
0.05861505714285714
-0.16976355714285715
0.2283786142857143
0.2753754285714286
4.6

0.1837492857142857
0.09918830000000001
-0.1505152857142857
0.24970358571428572
0.0845609857142857
5.142857142857143

0.13461472857142856
0.03167587142857143
-0.16691667142857142
0.19859254285714287
0.10293885714285715
5.076923076923077

0.2271206857142857
0.15771395714285713
-0.1469331857142857
0.30464714285714284
0.06940672857142857
5.846153846153846

0.15506751428571428
0.03362715714285714
-0.1389531
0.17258025714285716
0.12144035714285714
7.0

0.13959529999999998
0.02463877142857143
-0.14403302857142858
0.16867179999999998
0.11495652857142857
7.0

0.13822655714285714
0.018942614285714286
-0.1229314
0.14187401428571428
0.11928394285714286
3.5555555555555554
