
0.11328197142857142
0.04298044285714286
-0.1999971142857143
0.24297755714285715
0.07030152857142857
1.8421052631578947

0.3685003142857143
0.1617722
-0.17632877142857142
0.33810097142857143
0.20672811428571428
2.4

0.20670462857142857
0.041883057142857144
-0.12444604285714286
0.1663291
0.16482157142857143
3.0869565217391304

0.28878477142857145
0.0377457
-0.13113292857142858
0.16887862857142857
0.2510390714285714
4.6

0.16116234285714284
0.026937628571428573
-0.1478459
0.1747835285714286
0.13422471428571428
5.142857142857143

0.28697232857142857
0.037767699999999994
-0.1632656
0.2010333
0.24920462857142855
5.076923076923077

0.10315360000000001
0.04123535714285714
-0.1494305
0.19066585714285714
0.061918242857142855
5.846153846153846

1.4799123857142857
0.9820268285714285
-0.2552090285714286
1.237235857142857
0.49788555714285715
7.0

0.244285
0.03737301428571429
-0.11313478571428572
0.1505078
0.20691198571428573
7.0

0.1256917142857143
0.019335342857142855
-0.0885062857142857
0.10784162857142858
0.10635637142857142
3.5555555555555554
