
0.4764716857142857
0.05229185714285715
-0.2626490142857143
0.3149408714285714
0.42417982857142855
1.8421052631578947

0.12039542857142857
0.04947572857142857
-0.17489824285714284
0.2243739714285714
0.0709197
2.4

0.1867258
0.04298057142857143
-0.1764293857142857
0.21940995714285713
0.14374522857142857
3.0869565217391304

0.17521714285714288
0.047730414285714284
-0.16786974285714285
0.21560015714285716
0.12748672857142856
4.6

0.21552845714285715
0.07718587142857142
-0.15414024285714284
0.23132611428571428
0.13834258571428573
5.142857142857143

0.17867668571428572
0.05801544285714286
-0.17022967142857143
0.22824511428571428
0.12066124285714286
5.076923076923077

0.2600604285714286
0.17736334285714286
-0.1577570285714286
0.33512037142857143
0.08269708571428572
5.846153846153846

0.21463151428571428
0.07303078571428571
-0.16082484285714285
0.23385562857142855
0.14160072857142858
7.0

0.16766681428571428
0.040809985714285714
-0.16124922857142857
0.2020592142857143
0.12685682857142858
7.0

0.1536857142857143
0.027578214285714286
-0.12183008571428572
0.1494083
0.1261075
3.5555555555555554
