
0.1939744714285714
0.10731862857142857
-0.4968183714285714
0.604137
0.08665584285714285
1.8421052631578947

0.10170951428571429
0.035145585714285714
-0.14663177142857142
0.18177735714285714
0.06656392857142857
2.4

0.12152241428571428
0.03552455714285714
-0.1431139857142857
0.17863854285714287
0.08599785714285714
3.0869565217391304

144.02093718571427
142.9992953857143
-0.2557434142857143
143.25503880000002
1.0216418
6.357142857142857

3.366859785714286
0.0249459
-0.2457889
0.2707348
3.3419138857142854
28.666666666666668

1.6757051
0.02856397142857143
-0.2949746
0.3235385714285714
1.6471411285714286
23.5

0.9525173571428571
0.061294699999999994
-0.2041283142857143
0.2654230142857143
0.8912226571428571
20.333333333333332

1.0456926714285715
0.14427892857142857
-0.2553963857142857
0.3996753142857143
0.9014137428571428
19.25

1.2195911857142858
0.1880219714285714
-0.25319928571428574
0.44122125714285715
1.0315692142857142
23.0

0.8988072142857143
0.09252461428571429
-0.18169934285714284
0.27422395714285713
0.8062826
14.5
