
0.37937391428571426
0.22313978571428572
-0.2879552285714286
0.5110950142857144
0.15623412857142857
1.8421052631578947

0.10965244285714286
0.032696628571428576
-0.16092245714285713
0.19361908571428574
0.07695581428571428
2.4

0.1521443142857143
0.056099414285714286
-0.16811558571428573
0.224215
0.09604489999999999
3.0869565217391304

0.15900635714285713
0.044625085714285716
-0.25037407142857143
0.2949991571428571
0.11438127142857143
4.6

0.11525442857142856
0.0307085
-0.1579303142857143
0.1886388142857143
0.08454592857142856
5.142857142857143

0.19570902857142858
0.07175428571428571
-0.17983975714285716
0.2515940428571429
0.12395474285714286
5.076923076923077

0.10055687142857142
0.030901785714285715
-0.13621455714285713
0.16711634285714286
0.06965508571428572
5.846153846153846

0.1718841857142857
0.03561224285714285
-0.12057981428571428
0.15619205714285714
0.13627194285714286
7.0

0.11844265714285715
0.019847942857142857
-0.10823447142857143
0.1280824142857143
0.09859471428571429
7.0

0.1458188
0.01899102857142857
-0.11530407142857144
0.1342951
0.12682777142857143
3.5555555555555554
