
13.4193558
14.8992424
0.0
0.2300492
1.7714363
6.9660855
6.1617206
1.0

12.067460800000001
12.2065647
0.0
0.101595
0.3294243
7.0140426
4.8630978
1.0

12.218954
12.2310474
0.0
0.1187961
0.2584589
5.004181099999999
6.9684074
1.0

11.4693519
11.5818779
0.0
0.11419510000000001
0.3113485
6.9418542
4.3286752
1.0

13.0400757
13.093868
0.0
0.0997848
0.3777537
5.2891023
7.427012
1.0

13.1509559
13.1622252
0.0
0.0784008
0.1740678
6.6065623
6.381595099999999
1.0

12.780099300000002
12.9094822
0.0
0.0863814
0.3738802
8.3063128
4.2292892
1.0

12.8561027
12.931726900000001
0.0
0.12417160000000001
0.2699049
9.004966
3.656856
1.0

12.8303624
12.8397961
0.0
0.076199
0.1254171
8.915228800000001
3.7991502
1.0

10.954549199999999
10.767216699999999
0.0
0.24905970000000002
0.09722030000000001
3.5252004
7.144796
1.0
