
12.199075800000001
13.6280629
0.0
0.1780712
1.6965808999999998
5.637619900000001
6.293862099999999
1.0

12.3500653
12.412488
0.0
0.1145463
0.2845027
6.6567847
5.4712005999999995
1.0

13.0534508
13.1315949
0.0
0.10465260000000001
0.2982367
5.0556458
7.7777124
1.0

10.765783800000001
11.049463699999999
0.0
0.1318999
0.6303928000000001
3.8961971
6.5228738
1.0

12.1350865
12.1585246
0.0
0.1015936
0.2786389
7.3849973
4.494888400000001
1.0

11.636965
11.633548300000001
0.0
0.1001717
0.6082999
5.935519
5.0897294
1.0

12.648686300000001
12.682182800000001
0.0
0.1200432
0.2329872
7.060842
5.388353599999999
1.0

11.641016800000001
11.6563429
0.0
0.1136023
0.18443779999999999
6.9510413
4.5208638
1.0

11.548583599999999
11.553987
0.0
0.11653569999999999
0.181424
6.8086614
4.5639015999999994
1.0

10.8706581
10.9015459
0.0
0.081062
0.20018029999999998
6.5911429
4.1102227000000005
1.0
