
12.043256099999999
12.5994605
0.0
0.2413996
0.8609161
4.823027
6.915517400000001
1.0

11.4002261
11.3869855
0.0
0.119178
0.17677510000000002
4.469490400000001
6.74072
1.0

12.038185
12.0799097
0.0
0.0761172
0.1460956
6.9033005
5.0305136
1.0

10.8303652
10.904406
0.0
0.0893201
0.2445365
3.4831206
7.176748900000001
1.0

11.048224800000002
11.068499599999999
0.0
0.0936472
0.20282129999999998
5.202842400000001
5.6628359
1.0

13.3720678
13.3871439
0.0
0.0973285
0.18072639999999998
9.0102431
4.1961744
1.0

13.5365147
13.6372377
0.0
0.0868772
0.29406390000000004
9.5559413
3.7872325
1.0

13.5687739
13.7477594
0.0
0.06591839999999999
0.3648876
8.5238787
4.858993099999999
1.0

11.231221
11.279826400000001
0.0
0.0916679
0.21300529999999998
6.9438463
4.1229748
1.0

9.1950662
9.195623
0.0
0.064578
0.0930714
4.0796418
5.0229098
1.0
