
13.417448199999999
14.590200099999999
0.0
0.3142239
1.5862101000000002
7.267872400000001
5.7361176
1.0

12.4063521
12.6697875
0.0
0.11058269999999999
0.48149509999999995
6.1815202000000005
6.0067722
1.0

12.1030526
12.2071264
0.0
0.1067302
0.2723027
5.8475519
6.0872718
1.0

12.7909521
12.3220633
0.0
0.608015
0.29080829999999996
5.705685099999999
6.3255699000000005
1.0

10.9641251
10.8969981
0.0
0.155194
0.1283626
4.0791294
6.6895061
1.0

12.7039504
12.603747
0.0
0.1899101
1.1107458000000001
4.4278972
7.065104
1.0

11.4525787
11.491029300000001
0.0
0.113589
0.1924101
6.6774846
4.6211345999999995
1.0

10.866411300000001
10.888287199999999
0.0
0.0998139
0.248115
6.3887643
4.2514079
1.0

11.0333213
11.0338791
0.0
0.1258796
0.1712006
6.406030400000001
4.4566481
1.0

11.0471396
11.0430575
0.0
0.09667930000000001
0.13369989999999998
6.6979834
4.2113742
1.0
