
12.1844112
13.284883599999999
0.0
0.2192251
1.4643247
5.0976355
6.7229234
1.0

15.2887638
15.421321599999999
0.0
0.1311621
0.3260004
9.9248844
5.1704368
1.0

14.291176199999999
14.4413404
0.0
0.1073328
0.3407477
9.817362800000001
4.2832299
1.0

13.1180206
13.1856502
0.0
0.19207079999999999
0.3051586
5.6787832
7.2017084
1.0

11.7974927
11.828345
0.0
0.11711310000000001
0.208801
7.196292
4.423252
1.0

11.8088879
11.8256113
0.0
0.11743719999999999
0.1879806
7.0992492
4.5383815
1.0

12.282729400000001
12.314926
0.0
0.1249977
0.1885656
7.320892
4.8054684000000005
1.0

11.764987300000001
11.8069711
0.0
0.0994072
0.216673
7.0681059
4.5221922
1.0

11.5878341
11.5977465
0.0
0.1414713
0.2062804
6.1416915
5.249774599999999
1.0

14.0431258
14.0462769
0.0
0.1389071
0.21280870000000002
4.8281741
9.0052941
1.0
