
12.590152300000002
13.1015566
0.0
0.1614151
1.0210777
4.3981461
7.6823328
1.0

12.6853412
12.739189699999999
0.0
0.0956968
0.319582
5.0441995
7.3754082
1.0

11.318663800000001
11.3776303
0.0
0.0761232
0.1735844
6.3588417
4.8452042
1.0

11.0364487
11.1361609
0.0
0.1383363
0.2797766
6.4381424
4.4182419
1.0

11.1129225
11.1390349
0.0
0.0773087
0.1692405
6.6033203
4.3664741
1.0

13.523455199999999
13.148983699999999
0.0
0.4829478
0.506768
8.3319784
4.3102373
1.0

11.7278789
11.7624066
0.0
0.1039085
0.1793859
6.4883255
5.0946952
1.0

10.661567400000001
10.744871199999999
0.0
0.0807303
0.2365326
3.9723291
6.5360095
1.0

10.3587416
10.3383767
0.0
0.1169894
0.1317535
4.9982514
5.2083718
1.0

9.899268800000002
9.896227099999999
0.0
0.0597022
0.08287030000000001
4.0317644
5.7815924
1.0
