
13.229039199999999
14.0318789
0.0
0.1866311
1.5118186999999998
5.5732153
6.9468449
1.0

11.664484400000001
11.7454993
0.0
0.09135760000000001
0.20419079999999998
5.791890700000001
5.7494178
1.0

14.864392
14.875269900000001
0.0
0.1190953
0.2929755
7.5952215999999995
6.9870728
1.0

11.700671400000001
11.886379300000002
0.0
0.1016087
0.3522635
4.3065221
7.2275937
1.0

11.5971035
11.6549204
0.0
0.12285339999999999
0.336195
6.373912799999999
4.9448126
1.0

11.9789478
11.9487874
0.0
0.1567603
0.1677151
7.0133678
4.7677045
1.0

13.8971333
13.9238499
0.0
0.1026803
0.1864003
9.034756699999999
4.702692900000001
1.0

10.8648096
10.8666535
0.0
0.08978889999999999
0.134436
6.2347055
4.497512
1.0

10.2498217
10.2449651
0.0
0.0952518
0.12945510000000002
3.2590629
6.8564471
1.0

9.9578533
9.939046
0.0
0.106514
0.1813553
3.2904511000000003
6.467239599999999
1.0
