
13.4921865
13.806357199999999
0.0
0.21525139999999998
0.6065779
4.633257400000001
8.5665219
1.0

12.1499503
11.9541127
0.0
0.6025706999999999
0.5055244
3.4141685
8.0344198
1.0

11.7595788
11.683916199999999
0.0
0.1921495
0.1682795
4.0426348999999995
7.4730018
1.0

13.4224632
13.7697938
0.0
0.0919565
0.7211144
5.1346918
7.9139876
1.0

12.2176101
12.172821
0.0
0.1718284
0.22952329999999999
7.6040132
4.3392845
1.0

12.6791783
12.8463727
0.0
0.0963897
0.35666329999999996
8.0490871
4.4406223
1.0

10.846060199999998
10.894976300000002
0.0
0.1065711
0.18580739999999998
3.2058747999999997
7.5032941
1.0

11.7420033
11.7194609
0.0
0.1173829
0.1314234
4.2811497
7.3068878
1.0

12.024543099999999
11.920064199999999
0.0
0.1808642
0.1046009
3.4569706
8.3584927
1.0

12.2602964
11.816426400000001
0.0
0.5332817
0.1334989
2.9951922
8.6877353
1.0
