
14.1624399
14.8980515
0.0
0.3257759
1.1505007
7.0325845
6.7149662999999995
1.0

11.6326977
11.7318844
0.0
0.10086460000000001
0.23466779999999998
5.8125012
5.6847154
1.0

13.540043800000001
13.4906542
0.0
0.2075361
0.20914829999999998
6.8826815
6.3988244000000005
1.0

11.7521839
11.8712735
0.0
0.1009254
0.3394189
4.9464164
6.5854382000000005
1.0

14.0415779
14.193347
0.0
0.10368480000000001
0.3319727
9.3174033
4.543971
1.0

14.0290841
14.091654199999999
0.0
0.0914135
0.49426770000000003
9.6292045
3.968182
1.0

14.4523279
14.587072800000001
0.0
0.1164496
0.31111409999999995
10.6626032
3.6133555
1.0

15.8119975
16.048859699999998
0.0
0.1037115
0.5022707
11.0238295
4.5227595
1.0

12.254465099999999
12.3104043
0.0
0.09872410000000001
0.3200307
6.6927756
5.297598
1.0

9.6794786
9.858631800000001
0.0
0.0942796
0.4075662
3.6906471
5.7604185
1.0
