
13.7381939
14.5245768
0.0
0.178124
1.3097145
6.4789856
6.7358767
1.0

11.624556199999999
11.653780699999999
0.0
0.0860723
0.166995
5.2507696
6.2360161
1.0

11.2859905
11.2985878
0.0
0.09074289999999999
0.1409789
5.422965
5.7346439
1.0

11.804243
11.9735464
0.0
0.1632175
0.447429
6.5082177
5.0178997
1.0

11.661794800000001
11.6947911
0.0
0.0898199
0.22182960000000002
7.067599599999999
4.4053619
1.0

12.0254393
12.058962699999999
0.0
0.0874948
0.1538699
7.4048598
4.500233
1.0

12.5673516
12.6051667
0.0
0.1186878
0.1995472
7.4013869
5.0042326
1.0

11.500919699999999
11.5930295
0.0
0.1647296
0.3609579
4.4574365
6.774635099999999
1.0

11.314616699999998
11.3164495
0.0
0.1350627
0.1857403
4.989033900000001
6.1416753
1.0

11.106483800000001
11.1198154
0.0
0.08622830000000001
0.1949436
4.973713900000001
5.9511579
1.0
