
15.2635234
15.5957727
0.0
0.1937595
0.8245008
7.0580647999999995
7.7132071
1.0

13.3658086
13.4550527
0.0
0.1023188
0.27461420000000003
7.911561900000001
5.2688766
1.0

12.214334599999999
12.011743
0.0
0.3962724
0.263944
3.8858799
7.8619191
1.0

12.2525943
12.5697586
0.0
0.1508585
0.5871386999999999
4.5226742
7.4599457000000005
1.0

11.5699232
11.7480148
0.0
0.1078181
0.3596998
4.90264
6.485675
1.0

13.5825597
13.5518313
0.0
0.1363319
0.9155755
7.733568
4.9026878
1.0

12.744542800000001
12.785598
0.0
0.1105088
0.1919891
7.7002618
4.8933471
1.0

12.283240900000001
12.3322529
0.0
0.09998960000000001
0.19183329999999998
7.1790633
4.961356299999999
1.0

12.773966300000001
12.805497599999999
0.0
0.1274681
0.199048
7.4713895
5.1350601
1.0

11.693819699999999
11.7030414
0.0
0.0858095
0.20906329999999998
6.6380324
4.8559457
1.0
