
13.2643504
13.7937265
0.0
0.1550626
1.0190593000000001
4.2269713
8.5476959
1.0

12.5278498
12.782371699999999
0.0
0.0736446
0.362079
6.138169700000001
6.282123
1.0

10.8576012
10.9652622
0.0
0.0687423
0.2914395
4.772556099999999
5.9012666
1.0

12.1511098
12.3530384
0.0
0.086547
0.3819566
7.947924700000001
4.0231571
1.0

11.1566396
11.1484359
0.0
0.1121328
0.2666376
3.9133502
6.9684481
1.0

12.0678458
12.092592400000001
0.0
0.179477
1.8977835
5.0929535999999995
5.1018552999999995
1.0

11.7418633
11.760823
0.0
0.0936917
0.2222014
5.056718900000001
6.4819027
1.0

10.7092688
10.6977718
0.0
0.0830282
0.2164812
5.2597487
5.2215419
1.0

10.2124679
10.1457645
0.0
0.149786
0.1254875
4.6783883
5.3418887
1.0

9.7087888
9.748611
0.0
0.060511
0.1368844
3.676538
5.9351886
1.0
