
12.477573699999999
13.2752816
0.0
0.180262
1.2737623999999999
6.344814400000001
5.6567048
1.0

10.7677469
10.777429099999999
0.0
0.08560989999999999
0.160035
4.5252412
6.0921529
1.0

10.3991616
10.480174300000002
0.0
0.0796519
0.2074204
3.6618059
6.610948
1.0

11.9333445
11.925365900000001
0.0
0.09669219999999999
0.17491389999999998
4.3972758
7.3531762
1.0

11.8336255
11.9863509
0.0
0.0772733
0.43552690000000005
6.4334057
5.1174183
1.0

12.271657099999999
12.284989699999999
0.0
0.1056897
0.5837093000000001
6.814499
4.8867814
1.0

12.6536666
12.6848985
0.0
0.0907993
0.2841977
5.3526122
7.0480886
1.0

10.3829983
10.458289800000001
0.0
0.1000066
0.2277636
3.7454105
6.485115700000001
1.0

11.3526349
11.3184819
0.0
0.1186808
0.1341807
4.7482147999999995
6.436086400000001
1.0

10.5939176
10.6066266
0.0
0.0613776
0.1633231
6.4002998
4.0430037
1.0
