
14.6382691
15.0629306
0.0
0.2109242
0.7284038
5.6766715
8.657855300000001
1.0

11.4983586
11.3183091
0.0
0.30127590000000004
0.34667240000000005
4.4182744000000005
6.5533623
1.0

10.7481689
10.8210598
0.0
0.0954908
0.22308820000000001
3.7982214
6.7997502
1.0

12.569736
12.5760636
0.0
0.2424914
0.308569
7.9265333
4.3409613
1.0

11.9994764
12.0417334
0.0
0.095978
0.2538979
7.2729038
4.5149317
1.0

12.509595
12.5286323
0.0
0.0865787
0.6058802
7.4629275999999996
4.4598245
1.0

11.7748665
11.7737269
0.0
0.1804133
0.2430213
3.8007094
7.7299962
1.0

11.2465345
11.356807199999999
0.0
0.1045947
0.2583762
6.1988694
4.899561599999999
1.0

10.940050800000002
10.989021
0.0
0.12752
0.21785629999999997
6.8168423
3.9543224
1.0

10.4214027
10.1447936
0.0
0.3680544
0.26273640000000004
3.430022
6.4520352
1.0
