
13.3664597
13.658418900000001
0.0
0.147322
0.7157518
4.9544724
7.9881947
1.0

12.027848800000001
12.2081667
0.0
0.0704537
0.2969377
4.4272939000000004
7.4839351
1.0

11.418602
11.357114
0.0
0.1256584
0.0947604
4.3709017999999995
6.8914518
1.0

11.7157695
11.6513996
0.0
0.1410239
0.1098156
4.0930497
7.4485342999999995
1.0

11.556376199999999
11.2789404
0.0
0.500313
0.32524559999999997
3.7884219
7.165272900000001
1.0

11.8270907
11.8277064
0.0
0.0991331
0.12374510000000001
5.8061704
5.8977909
1.0

14.661902099999999
14.802404699999999
0.0
0.08731
0.3285766
10.5428023
3.9310258
1.0

14.376060800000001
13.9461672
0.0
0.5430353
0.2391666
4.7482798
8.9587208
1.0

13.7924378
13.8332386
0.0
0.1265899
0.672153
8.3440844
4.8170012
1.0

13.7668365
13.828289199999999
0.0
0.055238199999999994
0.606326
9.3942379
3.8277253
1.0
