
15.2962051
15.4496263
0.0
0.3231961
0.596234
6.1206122999999995
8.73278
1.0

11.5237121
11.5663837
0.0
0.105077
0.4310056
3.6843096
7.4510685
1.0

11.6076845
11.6250532
0.0
0.1112733
0.18162070000000002
5.1493669
6.2940656
1.0

11.5999239
11.7262404
0.0
0.1250759
0.31668359999999995
4.2593933
7.1501635
1.0

12.1543827
12.337063800000001
0.0
0.1030217
0.6441448000000001
4.981653
6.711266
1.0

11.6985015
11.8557254
0.0
0.0872561
0.3062067
5.6430238
5.9064949
1.0

13.460493300000001
13.505398300000001
0.0
0.1303927
0.2769587
8.546724800000002
4.6817148
1.0

11.8262785
11.8690909
0.0
0.08550719999999999
0.1673439
7.1138721
4.5878749
1.0

10.8415594
10.7928407
0.0
0.136389
0.20718810000000001
4.2816133
6.3040392999999995
1.0

9.9841786
10.0150573
0.0
0.11457289999999999
0.2059373
4.2300065
5.5791135
1.0
