
13.8522569
14.243395300000001
0.0
0.2872485
0.7300193
6.575069900000001
6.938306099999999
1.0

11.631112199999999
11.5554664
0.0
0.2231882
0.1801517
3.5074225
7.8678922
1.0

12.1103266
12.0548754
0.0
0.183887
0.347363
5.1251512
6.5823612
1.0

11.5351478
11.8620163
0.0
0.080995
0.4685844
6.2736981
5.1197338
1.0

13.0508729
13.0773836
0.0
0.0870783
0.1954661
8.6571307
4.2247867999999995
1.0

11.7138107
11.746472599999999
0.0
0.0880026
0.4988984
6.885363900000001
4.3622103
1.0

11.488311
11.534426400000001
0.0
0.09107739999999999
0.1727715
6.8502640999999995
4.5113908
1.0

11.6225055
11.6648648
0.0
0.0786925
0.3011879
4.9231997000000005
6.4404772
1.0

10.6789005
10.6677286
0.0
0.1145387
0.1304728
5.2283386
5.3089172
1.0

13.5648471
13.60959
0.0
0.11214919999999999
0.3021145
9.6367915
3.670684
1.0
