
13.578546800000002
13.8258911
0.0
0.1537096
0.5865129
6.4775806
6.7617975999999995
1.0

11.8521986
11.919267699999999
0.0
0.0656173
0.161351
5.3272915
6.430625200000001
1.0

10.8195202
10.820298
0.0
0.0784528
0.1446913
4.7771322000000005
5.8984745
1.0

11.6065642
11.6654044
0.0
0.0711305
0.1771534
4.388485599999999
7.099765400000001
1.0

13.261192
13.219577
0.0
0.16861
0.2629166
6.3176976
6.6389628
1.0

14.563018
14.596298
0.0
0.1253919
0.5579579
10.322576
3.7157641
1.0

14.619231699999998
14.671919800000001
0.0
0.1698874
0.2652973
10.6285797
3.7780427999999997
1.0

13.060874
13.374739400000001
0.0
0.0809814
0.7034415
6.1636131
6.5076848
1.0

11.895461
12.0185859
0.0
0.10251310000000001
0.24859889999999998
5.0059832
6.7640038
1.0

10.2329447
10.1984466
0.0
0.18477770000000002
0.2099812
4.4805337000000005
5.5079317
1.0
