
12.710366
13.5753233
0.0
0.2003289
1.1540957
5.523605099999999
6.8976225
1.0

10.5449085
10.5990302
0.0
0.0719359
0.1547161
3.9046344
6.5396797
1.0

11.4612441
11.4676385
0.0
0.1147635
0.5026043
4.697367799999999
6.2676664
1.0

10.4691581
11.5671841
0.0
0.06912689999999999
1.2659057
5.7234091
4.5778693
1.0

13.5835446
13.6246499
0.0
0.07545460000000001
0.3530085
9.3690645
3.9025769
1.0

11.522118
11.4899258
0.0
0.1501593
0.7431109
5.5397756
5.2070393
1.0

12.070188
12.091071300000001
0.0
0.085541
0.17388220000000001
5.8022675
6.1149216
1.0

10.7584464
10.8179982
0.0
0.0771358
0.1889236
5.610516400000001
5.0185582
1.0

10.3429881
10.3532736
0.0
0.1010631
0.1584129
6.0357195
4.1591412000000005
1.0

10.197242300000001
10.2274604
0.0
0.058700300000000004
0.207574
5.5495267
4.4703597
1.0
