
14.2256575
14.46984
0.0
0.22720189999999998
0.6185078
6.1356887
7.7156435
1.0

11.4804715
11.5467109
0.0
0.06695960000000001
0.49968959999999996
4.4921638
6.5548575
1.0

11.5717946
11.6142683
0.0
0.09554739999999999
0.9777887
3.9383318
6.6981478
1.0

11.8543345
12.0304551
0.0
0.082825
0.2843042
6.9017024000000005
4.8444485
1.0

12.011975
12.0704895
0.0
0.0723447
0.2919118
7.049145
4.7294327
1.0

14.1278933
14.2580312
0.0
0.0831363
1.0447206
8.6381861
4.5751245
1.0

14.3477481
13.910118800000001
0.0
0.6428632
0.4986292
6.0339893
7.3775002999999995
1.0

12.4532887
12.5739344
0.0
0.24901720000000002
0.5340526999999999
6.2805718
5.759309900000001
1.0

10.1384159
10.1462016
0.0
0.10501830000000001
0.1812705
5.7864475
4.1784836
1.0

9.6217003
9.648433599999999
0.0
0.0576153
0.1747151
4.5764714
4.8972470999999995
1.0
