
13.560092699999998
14.721609599999999
0.0
0.22813370000000002
1.503414
5.800214700000001
7.417980900000001
1.0

11.9088172
11.9201822
0.0
0.1270889
0.25557
3.91255
7.7520622
1.0

11.5884503
11.503988
0.0
0.192955
0.2362409
4.4262804000000004
6.8414667
1.0

13.813646
14.379473
0.0
0.1066783
0.9199071
6.8847665
6.574799400000001
1.0

12.1346789
12.099078
0.0
0.3093867
0.3141664
5.6209193
6.163992299999999
1.0

11.488005900000001
11.461384599999999
0.0
0.1144989
1.2375981
3.3094486
6.9143379000000005
1.0

12.3359554
12.3181086
0.0
0.1289107
0.16897120000000002
5.596735099999999
6.5524023
1.0

11.552398
11.589384800000001
0.0
0.0965571
0.16880679999999998
7.1366342000000005
4.283943799999999
1.0

13.181945800000001
13.2267724
0.0
0.1142146
0.22251089999999998
8.3942909
4.6099706
1.0

10.1550063
10.2236891
0.0
0.0752737
0.2037445
4.891677
5.1282676
1.0
