
13.750857
13.983137900000001
0.0
0.2517207
0.8020912
4.9683965
8.2126502
1.0

12.7330053
12.8688283
0.0
0.1238648
0.35298409999999997
5.1932185
7.322625700000001
1.0

14.4974241
14.565510300000001
0.0
0.086502
0.41650909999999997
8.898622900000001
5.2503782999999995
1.0

14.461481599999999
14.947628199999999
0.0
0.1219415
0.7707316
9.8653781
4.3115185
1.0

14.2426842
14.689808300000001
0.0
0.0993425
0.7407841
9.8014018
4.1476223999999995
1.0

13.4849203
13.6211909
0.0
0.1264614
0.354144
9.1741134
4.0929335
1.0

16.6358153
16.685115800000002
0.0
0.1227553
0.2966718
12.7551889
3.6332551
1.0

11.771797300000001
11.8532124
0.0
0.08553419999999999
0.22475610000000001
6.5160052
5.1124510999999995
1.0

11.0615863
11.0492414
0.0
0.1282302
0.17149029999999998
4.265550599999999
6.6122005
1.0

11.5044399
11.5480155
0.0
0.08371060000000001
0.20426070000000002
7.135866200000001
4.2078885999999995
1.0
