
13.6027246
13.797768699999999
0.0
0.26812559999999996
0.551354
7.166544200000001
6.0798705
1.0

11.781023800000002
11.8665441
0.0
0.1671236
0.2965065
4.7515229
6.818514700000001
1.0

13.39518
12.8784671
0.0
0.6999643000000001
1.6745535
4.0654873
7.1384263
1.0

12.6547604
12.5900151
0.0
0.2680939
0.730222
4.3468632000000005
7.5129299000000005
1.0

11.272619800000001
11.037759900000001
0.0
0.32764709999999997
0.6258493
3.4906637999999997
6.9212468
1.0

12.3772632
12.3771204
0.0
0.0921985
0.4990695
4.9917702
6.8862807
1.0

12.5062824
12.1411781
0.0
0.5460289
0.9295059
3.7130503999999998
7.4986218
1.0

11.735401
11.8484959
0.0
0.2081532
0.3467363
3.7753837000000003
7.726375900000001
1.0

10.9105848
10.759753400000001
0.0
0.2360534
0.1407302
4.758861400000001
5.8601618
1.0

11.595653800000001
11.5967785
0.0
0.09467489999999999
0.2239825
7.4978263
3.8749697000000003
1.0
