
14.916455699999998
14.956681699999999
0.0
0.3350077
0.6363639
6.402913799999999
7.917404
1.0

12.1643884
12.220645
0.0
0.1099971
0.30335070000000003
7.0955656
4.8217287
1.0

11.0614697
10.915028099999999
0.0
0.26820520000000003
0.2294944
5.2500716
5.4354621
1.0

12.2278669
12.2298101
0.0
0.0948641
0.1338377
6.1243406
5.9716318
1.0

12.7176241
12.703803
0.0
0.1221877
0.4815845
4.3774489
7.844769599999999
1.0

12.7941523
12.8297214
0.0
0.0894349
0.20448129999999998
8.5217758
4.1034643
1.0

12.711571800000002
12.4035274
0.0
0.5267847
0.24710020000000002
4.848848
7.3075792
1.0

12.1609155
12.203272
0.0
0.1521968
0.2238503
4.2861895
7.6932322
1.0

11.6106717
11.3355151
0.0
0.3559041
0.1058231
3.6809887999999997
7.5487032
1.0

11.5417059
11.3646154
0.0
0.34043470000000003
0.1970614
3.0342799
8.1332741
1.0
