
14.3786809
14.535639300000001
0.0
0.1649557
0.4124848
8.2220182
5.9011363
1.0

11.6087173
11.6979034
0.0
0.08442939999999999
0.2534809
4.1191596
7.3252629
1.0

13.1057381
13.1624391
0.0
0.08501539999999999
0.6970369000000001
6.3690103
6.0963919
1.0

12.2116758
12.3451485
0.0
0.0885257
0.262102
7.5749355
4.508111
1.0

11.9225475
11.9935948
0.0
0.0778672
0.27077629999999997
7.0802432
4.6425753
1.0

11.3885712
11.3888318
0.0
0.0968795
0.4494152
4.8580174000000005
6.0813992
1.0

11.847522300000001
11.8500781
0.0
0.15957120000000002
0.4125847
4.3498268
7.0876665999999995
1.0

10.684353300000001
10.7301335
0.0
0.0691299
0.1753682
4.9621613
5.592604
1.0

10.8923036
10.893631699999998
0.0
0.0959485
0.1618612
5.5030706
5.2286999000000005
1.0

9.5521268
9.5657277
0.0
0.0542211
0.0961126
3.6001651
5.86945
1.0
