
14.7577273
14.8383344
0.0
0.2804736
0.847614
6.8313988
7.159321599999999
1.0

11.900601400000001
11.9484943
0.0
0.0883406
0.1734094
5.963371599999999
5.8117133
1.0

11.868498599999999
11.8728606
0.0
0.0981614
0.1719539
4.7032812999999996
6.9976254
1.0

11.888458400000001
12.121970800000001
0.0
0.0938275
0.3625292
6.2226324
5.5368092
1.0

11.9263186
12.0749779
0.0
0.0948972
0.3165158
5.5728162999999995
6.1856458
1.0

12.3466693
12.357315199999999
0.0
0.1241163
0.6024906
5.8128632
5.9419614
1.0

13.9167359
14.003052199999999
0.0
0.131389
0.4089514
7.5047413
6.0893595
1.0

11.6935662
11.7350574
0.0
0.08106110000000001
0.1583308
6.8035350999999995
4.7731915
1.0

11.697825199999999
11.709756
0.0
0.1122265
0.15706479999999998
7.3155198
4.2371714
1.0

10.492643900000001
10.5827238
0.0
0.0784235
0.1953159
5.1892058
5.1982021
1.0
