
12.4395605
13.020878
0.0
0.16689610000000002
1.0089759
5.2900368
6.7218653
1.0

11.2836805
11.479814800000002
0.0
0.1326609
0.39075529999999997
4.5959759
6.493083599999999
1.0

11.2810564
11.276743300000001
0.0
0.1164899
0.19632460000000002
4.1901396
6.8902791
1.0

13.3713233
13.442417800000001
0.0
0.10655010000000001
0.2362118
8.07255
5.133656
1.0

11.218106800000001
11.411441199999999
0.0
0.1090128
0.49403590000000003
5.3785017
5.538903599999999
1.0

16.341718699999998
16.3760707
0.0
0.1346545
0.4264827
11.903552300000001
4.0460357
1.0

14.6593556
14.7189201
0.0
0.1303189
0.4753076
8.8830286
5.3605839
1.0

11.7127216
11.5270227
0.0
0.3627641
0.2085589
3.1947152
8.123748599999999
1.0

12.5094394
12.4997019
0.0
0.12188589999999999
0.22479220000000003
4.0001291
8.2747806
1.0

11.1409464
11.174147
0.0
0.0816051
0.2277718
6.0999359
4.8464393
1.0
