
12.761078699999999
13.7626934
0.0
0.1639349
1.3001934
6.127288
6.335212
1.0

13.2486365
13.282450800000001
0.0
0.1386747
0.2227262
7.0956045
5.9641201
1.0

12.270046800000001
12.3527921
0.0
0.0894475
0.2495637
6.898190400000001
5.205038
1.0

12.2485261
12.4017339
0.0
0.083738
0.30707070000000003
7.3442945
4.7503687
1.0

12.8016134
12.8446265
0.0
0.0855761
0.29061190000000003
7.8020641
4.7519505
1.0

11.684531400000001
11.718203800000001
0.0
0.0769885
0.1627494
6.8121955
4.743258900000001
1.0

11.598085300000001
11.6380076
0.0
0.09809469999999999
0.188744
7.0104786
4.438785
1.0

11.7230697
11.780955800000001
0.0
0.0837803
0.1931958
6.7852683
4.8024917
1.0

11.025867300000002
11.0412554
0.0
0.11458
0.1716737
6.547936900000001
4.3216448
1.0

9.4772535
9.515505800000001
0.0
0.0680843
0.14510679999999998
5.4904739000000005
3.8799251
1.0
