
12.7623163
14.012950400000001
0.0
0.1659908
1.4986977
6.1198772
6.3943755
1.0

13.121677
13.200812800000001
0.0
0.0900263
0.24750160000000002
4.6641855
8.2891257
1.0

12.799302699999998
12.2127485
0.0
0.7625795
0.2697521
7.301946200000001
4.6410502000000005
1.0

12.4971495
12.687930699999999
0.0
0.0823835
0.34192409999999995
6.9207686
5.425238
1.0

11.0183424
11.0570832
0.0
0.0802143
0.27934370000000003
6.5589084
4.2188311
1.0

11.6306033
11.646887
0.0
0.0757035
0.1379173
5.675258400000001
5.8337113
1.0

10.6355698
10.6332733
0.0
0.1133822
0.1569904
3.5470137000000004
6.9292692
1.0

11.1350408
11.029136
0.0
0.2574173
0.183557
3.7883508999999997
7.0572281
1.0

11.9134657
11.9289536
0.0
0.1144867
0.2881796
4.5899894
7.0507846
1.0

9.7438791
9.790085099999999
0.0
0.0802785
0.31116190000000005
3.7484398999999997
5.7304832999999995
1.0
