
13.7900429
13.816103400000001
0.0
0.2610237
0.40580520000000003
5.578410099999999
7.8318881
1.0

12.7255076
12.7461403
0.0
0.1478013
0.2600429
3.6425208
8.8435766
1.0

12.886301099999999
12.9287245
0.0
0.108681
0.252864
4.6032902
8.0725703
1.0

13.796797199999999
13.8517398
0.0
0.09636639999999999
0.21112370000000003
8.5615571
5.079059
1.0

13.6775665
13.9207665
0.0
0.10220169999999999
0.4927397
9.1123363
4.3156905
1.0

15.8442621
15.9390141
0.0
0.0973407
1.2025328
10.054152
4.6823293
1.0

13.2642362
12.631922
0.0
0.8800318
0.9102388
4.4718239
7.2498593
1.0

11.5216305
11.333348599999999
0.0
0.3201243
0.1967484
3.6295433
7.5070569
1.0

11.0386525
10.8678671
0.0
0.30441470000000004
0.2037195
3.2178675
7.4462801
1.0

9.680377199999999
9.6608634
0.0
0.1014411
0.1887171
4.0199163
5.45223
1.0
