
12.6516818
12.9174347
0.0
0.18626720000000002
0.5279385999999999
5.496152299999999
6.8933438
1.0

12.3916538
12.4707273
0.0
0.095512
0.2637857
7.1991937
5.0077479
1.0

12.1141676
12.248291400000001
0.0
0.0984507
0.3531192
6.9468745
4.9482977
1.0

14.862504900000001
15.2609625
0.0
0.45894090000000004
0.9484994
10.5232242
3.7892389
1.0

11.8598616
11.7966161
0.0
0.189398
0.1620323
3.654645
7.9799388
1.0

14.197823699999999
14.2634327
0.0
0.110249
0.8204805
9.474792599999999
3.9681596
1.0

13.513677099999999
13.392249
0.0
0.3102041
0.2297334
7.0945123
6.0680033
1.0

12.710714900000001
12.256727699999999
0.0
0.6923268
0.6736383
5.0623968
6.520692599999999
1.0

13.9689102
13.7562649
0.0
0.612567
0.5602691999999999
7.9899881
5.2060075999999995
1.0

10.9418022
10.8396271
0.0
0.2024421
0.130218
2.9009395
7.8084696
1.0
