
14.9019447
15.075064300000001
0.0
0.2949204
1.0507928
6.7715491
7.252722400000001
1.0

11.938967199999999
11.918949
0.0
0.177811
0.2776229
5.4165503
6.2247758
1.0

11.433086099999999
11.438076
0.0
0.094089
0.1595333
3.8849967999999997
7.3935459
1.0

13.4910497
13.5827931
0.0
0.1587395
0.30996290000000004
6.5141076
6.7587226
1.0

10.5561471
10.72152
0.0
0.0719458
0.30269090000000004
5.3389172
5.079911900000001
1.0

12.1245307
12.112893199999998
0.0
0.11319539999999999
0.4785684
6.824639
4.8096858
1.0

11.755142699999999
11.776580800000001
0.0
0.1238797
0.23081729999999998
4.3424587
7.2033048
1.0

11.3278695
11.3487277
0.0
0.08346089999999999
0.1423095
6.2281998
4.9782184
1.0

11.6296132
11.6034841
0.0
0.1060296
0.2199698
5.0739566
6.3095577
1.0

10.0891398
9.985873400000001
0.0
0.1777939
0.1294716
3.7617775
6.0946242999999996
1.0
