
13.8556721
14.0078141
0.0
0.22956220000000002
0.46239
5.5890712
7.956352900000001
1.0

10.7230174
10.9109514
0.0
0.1089714
0.3567201
5.4363791
5.117852200000001
1.0

11.8259135
11.8618837
0.0
0.1045164
0.18125670000000002
6.757964599999999
4.9226624
1.0

12.0877854
12.2684025
0.0
0.11433439999999999
0.3872948
7.726083200000001
4.1550245
1.0

11.3250811
11.3223285
0.0
0.1185764
0.2273201
6.9244523
4.1705561
1.0

13.7942845
13.785649699999999
0.0
0.102384
0.5425089000000001
8.5606176
4.6825232
1.0

11.5050085
11.5626446
0.0
0.1020505
0.2552491
6.8277849
4.4796106
1.0

11.3964753
11.425953
0.0
0.09248089999999999
0.14781370000000002
5.9261506
5.351988700000001
1.0

12.092705
12.0779105
0.0
0.1259774
0.1432946
5.9613743
5.9732416
1.0

10.840128
10.9779322
0.0
0.092581
0.4266939
5.2870178
5.2642205
1.0
