
13.699793
15.071901800000001
0.0
0.38982659999999997
1.8670197
6.9500244
6.2548577000000005
1.0

12.1880191
12.2206621
0.0
0.0997874
0.201296
5.4651643
6.5542017999999995
1.0

10.9991694
10.974487300000002
0.0
0.1368906
0.4499175
4.5515788
5.972991
1.0

11.562574300000001
11.671718199999999
0.0
0.0911745
0.2645215
5.419847099999999
5.9873496
1.0

12.9114319
13.141760699999999
0.0
0.0984335
0.4740513
5.8965459000000005
6.7711635
1.0

12.11019
12.058024300000001
0.0
0.1626197
0.5585177
5.0343445
6.4651621
1.0

10.1027295
10.1864256
0.0
0.1031729
0.2361333
3.3149044
6.6353879000000004
1.0

10.629270400000001
10.6392051
0.0
0.10096089999999999
0.15765320000000002
4.0722415
6.409310400000001
1.0

13.340533
12.3369992
0.0
1.0876335
0.1437006
4.9654372
7.2278614
1.0

11.4829885
11.5918605
0.0
0.1728541
0.3232622
4.7149972
6.5536011
1.0
