
13.9265608
14.0240911
0.0
0.2127723
0.41344990000000004
5.8221468
7.7884944
1.0

11.446924699999999
11.523452
0.0
0.0932047
0.23305510000000002
3.8902331
7.4001638
1.0

11.1734018
11.1777442
0.0
0.0789283
0.1520346
3.9441086000000003
7.081601
1.0

12.2019883
12.3044511
0.0
0.0697554
0.31968159999999995
5.0554389
6.929330599999999
1.0

10.9904842
11.001313300000001
0.0
0.09152110000000001
0.1742443
3.5330097
7.2940593
1.0

14.124458599999999
14.1541622
0.0
0.0805763
0.6208866
8.2590178
5.2742578
1.0

11.638828
11.6524125
0.0
0.11540510000000001
0.1654513
5.2917829
6.1951783
1.0

11.8032496
11.8516301
0.0
0.07202389999999999
0.1746799
6.4561767
5.2207735
1.0

10.845218
10.873802900000001
0.0
0.1058195
0.1833577
6.4321486
4.2582965999999995
1.0

10.622470199999999
10.6589046
0.0
0.0690536
0.2425132
6.3275561
4.0888352999999995
1.0
