
12.278016
13.5039654
0.0
0.1929221
1.4806012
5.5257255
6.4976387
1.0

12.253288099999999
12.4126587
0.0
0.06873839999999999
0.2910477
4.6183575
7.5032535
1.0

12.1037549
12.118163599999999
0.0
0.0727421
0.1215329
4.1242487
7.872382
1.0

11.380728099999999
11.4659382
0.0
0.059542300000000006
0.1787507
6.2094924
5.0776951
1.0

11.739410900000001
11.7673665
0.0
0.0595211
0.1650159
7.0737296
4.528621
1.0

12.317911
12.3386776
0.0
0.08845639999999999
0.5863473
6.9106347
4.8416955999999995
1.0

10.981458199999999
11.046161099999999
0.0
0.073358
0.174517
4.7485591
6.123085
1.0

11.0010603
11.041122
0.0
0.0718462
0.1490147
6.4894032
4.402704099999999
1.0

10.8328366
10.8494279
0.0
0.11409219999999999
0.1747092
5.054148
5.6205707
1.0

11.4022099
11.187307
0.0
0.2741174
0.085617
3.8673326
7.2343574
1.0
