
13.4979668
13.571736900000001
0.0
0.274166
0.4208483
6.4471865
6.703702099999999
1.0

11.189385099999999
11.3923609
0.0
0.1046822
0.37468029999999997
4.5689039000000005
6.4487767
1.0

11.786944400000001
11.9436691
0.0
0.1067597
0.4637194
4.1602117000000005
7.319738
1.0

11.8580649
11.997053699999999
0.0
0.104342
0.4589508
4.3284657
7.2096372
1.0

12.5267042
12.5655371
0.0
0.104063
0.3320806
5.1199277
7.1135288
1.0

12.7420863
12.7928581
0.0
0.0940332
0.4742535
7.161740900000001
5.156863700000001
1.0

11.8946068
11.9305264
0.0
0.1193966
0.1948308
4.746823
6.9888726
1.0

10.881274
10.9182409
0.0
0.0885619
0.1674227
5.286456599999999
5.464361599999999
1.0

11.2543009
11.287629599999999
0.0
0.1240841
0.1900008
6.9584763
4.1391525
1.0

10.9124011
10.945869
0.0
0.09196910000000001
0.1982762
6.6859035
4.061689299999999
1.0
