
17.8715723
16.9958852
0.0
1.4005656000000002
0.7882668
8.9336248
7.2739936
1.0

12.3431742
12.3912382
0.0
0.0967912
0.5784418
5.505906
6.3068904
1.0

11.7771697
11.817898300000001
0.0
0.1354051
0.23771379999999998
6.0158065999999994
5.5643779
1.0

11.454372300000001
11.61763
0.0
0.10146580000000001
0.3012955
6.7990385
4.517296
1.0

12.2195691
12.209394699999999
0.0
0.1083385
0.1648008
7.3947329
4.649861
1.0

13.5082094
13.471008
0.0
0.1395497
0.14473070000000002
8.4698095
4.8564678
1.0

13.0258491
13.0583553
0.0
0.11059519999999999
0.2050161
7.8053702000000005
5.047969
1.0

11.1726665
11.3287397
0.0
0.097156
0.30231359999999996
4.2959494000000005
6.7304767000000005
1.0

10.077578599999999
10.2010107
0.0
0.1829785
0.4039824
3.9763652
5.8206631
1.0

8.8923389
8.897706900000001
0.0
0.0703536
0.1885189
2.8950906
5.8140974000000005
1.0
