
14.40811
14.7325871
0.0
0.2181645
0.9167395
6.7148475
7.101000099999999
1.0

14.3403321
14.391363199999999
0.0
0.1241281
0.2248206
9.1108799
5.0556627
1.0

14.893603
14.9607969
0.0
0.1022251
0.2969577
7.3585411
7.3052981
1.0

12.3390199
12.644982800000001
0.0
0.1015717
0.6027843
5.5511047
6.4910938
1.0

14.613813
14.6212893
0.0
0.0950144
0.2154259
6.4425512000000005
7.9633122
1.0

12.5224301
12.6000981
0.0
0.0954135
0.6810824
5.9402397
5.978776
1.0

13.193079
13.4465966
0.0
0.1366918
0.4784568
6.0738364
6.8943034
1.0

10.9996354
11.0353136
0.0
0.12221689999999999
0.2065769
6.3791343
4.449602400000001
1.0

11.7829218
11.7469702
0.0
0.1398769
0.141206
7.085070099999999
4.5206941
1.0

10.661245300000001
10.637297199999999
0.0
0.1251948
0.2601007
4.8060312000000005
5.5711653
1.0
