
14.2741574
14.6759614
0.0
0.19951629999999998
0.6774001
8.0202154
5.978345900000001
1.0

14.3086989
14.3378182
0.0
0.1206657
0.2395655
7.0407503
7.057502400000001
1.0

12.056434699999999
12.1554082
0.0
0.090771
0.2285593
7.4026951
4.5241538
1.0

12.7931671
12.8722594
0.0
0.1207914
0.30933459999999996
7.9108902
4.6520345999999995
1.0

12.371811699999999
12.401520199999998
0.0
0.1043526
0.2948263
7.2391666
4.8675273
1.0

13.1181001
13.1123208
0.0
0.1031606
0.16654970000000002
5.383796
7.5619751
1.0

12.6119419
12.610292300000001
0.0
0.1516613
0.2160513
4.9150799
7.4791611
1.0

13.394713900000001
13.4095087
0.0
0.103698
0.1584234
7.5123595
5.7387258
1.0

10.930468
10.9316944
0.0
0.13386820000000002
0.1769052
6.6081545
4.1466347
1.0

11.629897099999999
11.7154215
0.0
0.086085
0.2335317
7.586874900000001
3.8950149
1.0
