
15.8511606
16.2060709
0.0
0.1792784
0.6888953000000001
5.1081728
10.409002800000001
1.0

12.749402400000001
12.8244829
0.0
0.2541505
0.4370992
6.8945344
5.4928493
1.0

14.8043299
14.6160244
0.0
0.360767
0.3798579
6.1535630999999995
8.0826034
1.0

16.0773501
16.3863153
0.0
0.29002829999999996
1.0460864
8.3406495
6.9995794
1.0

13.159937800000002
13.2058408
0.0
0.16094470000000002
0.3312768
5.8945869
6.979977099999999
1.0

13.9922008
13.9945369
0.0
0.1229497
0.6587381999999999
6.4934606
6.842338099999999
1.0

11.7072085
11.751321599999999
0.0
0.1045803
0.2070102
6.711655
4.8326564
1.0

12.322230099999999
12.3684587
0.0
0.0910836
0.1807319
7.7390927000000005
4.4486341
1.0

11.6914924
11.7315206
0.0
0.1078244
0.22184520000000002
6.902856
4.6068194
1.0

12.4672966
12.572070199999999
0.0
0.0835656
0.29616309999999996
6.5664678
5.7094393
1.0
