
15.4773637
15.490803
0.0
0.3128264
0.5831275
5.4682499
9.4394256
1.0

14.997328099999999
15.222621199999999
0.0
0.23150820000000003
0.6058336999999999
4.6770797
9.9397078
1.0

13.0492895
13.1439811
0.0
0.114021
0.2623712
3.3458058
9.5358041
1.0

11.5695017
11.5521351
0.0
0.1254944
0.140405
4.872112400000001
6.5396177
1.0

12.4683604
12.493694099999999
0.0
0.1347672
0.4224935
5.7076046
6.363596
1.0

14.1455059
14.5158186
0.0
0.2076461
3.327252
5.0319288
6.1566377999999995
1.0

11.880082300000002
11.8932196
0.0
0.1266004
0.20421579999999998
7.0450562
4.6439476
1.0

12.514623
12.4436163
0.0
0.2319974
0.2482035
7.7980073
4.3974055
1.0

11.388528699999998
11.880685699999999
0.0
0.1182662
0.7018681999999999
5.0243039000000005
6.1545136
1.0

11.7096488
11.7969123
0.0
0.0958286
0.3468722
4.8343894
6.6156507
1.0
