
14.0740427
14.3661617
0.0
0.1417516
0.4938011
8.0843784
5.7879822
1.0

11.3222029
11.3966963
0.0
0.070718
0.1776822
6.6032478
4.6157663
1.0

11.8498782
11.895572199999998
0.0
0.0680163
0.1624315
7.1848792999999995
4.5482614
1.0

12.151767699999999
12.261049300000002
0.0
0.0784963
0.2246585
6.6387618
5.397629
1.0

11.7097426
11.7338196
0.0
0.07568889999999999
0.2088866
7.053373
4.47156
1.0

12.5878624
12.662975
0.0
0.264799
0.5941430999999999
6.6333133
5.4355186
1.0

11.420623
11.4568061
0.0
0.0977202
0.2302886
5.433779
5.7927385
1.0

11.6998469
11.7115498
0.0
0.0738057
0.1091013
6.9454419000000005
4.6570066
1.0

11.4946883
11.4888498
0.0
0.11256680000000001
0.1377747
6.6876761
4.663399
1.0

10.9109389
10.9807779
0.0
0.062451400000000004
0.29047059999999997
6.5837155
4.1065917999999995
1.0
