
15.8605807
16.2916229
0.0
0.2034173
0.8640996
9.8345535
5.5929698
1.0

14.5554326
14.7728978
0.0
0.49402209999999996
1.1698857
6.4320507000000005
7.1709614
1.0

15.2763004
15.7527154
0.0
0.10194560000000001
0.7065989
11.618775
3.4273415
1.0

12.1850106
12.6774713
0.0
0.106512
0.7697888
6.7396616
5.1680209
1.0

11.015918
11.0323735
0.0
0.1155933
0.2091962
4.7867644
6.0364129
1.0

11.998687
12.0739701
0.0
0.1087725
0.2932014
6.2623772
5.5183915
1.0

13.3063363
13.493006300000001
0.0
0.1364972
0.3712705
7.5551863
5.5665495
1.0

12.6762366
12.7187508
0.0
0.10431689999999999
0.2820258
6.6972857
5.7394393
1.0

11.2620527
11.2476138
0.0
0.13994579999999998
0.1618184
4.9738143
6.1119810999999995
1.0

11.593570699999999
11.597911400000001
0.0
0.0882286
0.3062356
6.9712889
4.320386900000001
1.0
