
14.615288199999998
15.5847486
0.0
0.1988455
2.0691525
6.771592
6.7440041
1.0

11.1410453
11.2300494
0.0
0.0975465
0.2988668
4.630166099999999
6.3010165
1.0

13.969292900000001
13.7859761
0.0
0.2707502
0.11586869999999999
6.6943011
6.9758062999999995
1.0

11.393434
11.4998766
0.0
0.1220301
0.2767536
6.6960994000000005
4.5270236
1.0

11.6606383
11.6853616
0.0
0.0961867
0.1985488
7.169450599999999
4.3173622
1.0

12.2903001
12.339029199999999
0.0
0.1000133
0.24603270000000002
6.1490682
5.9439283
1.0

10.869457800000001
10.875225
0.0
0.1381743
0.20394279999999998
4.247470900000001
6.4238113
1.0

11.2884841
11.296206199999999
0.0
0.07646030000000001
0.1147454
4.2389834
6.9424774000000005
1.0

10.2487984
10.2141219
0.0
0.1263961
0.138145
4.207118299999999
5.868858599999999
1.0

10.7047866
10.703973699999999
0.0
0.1219885
0.1781103
5.8403705
4.685492900000001
1.0
