
17.6080762
17.8786089
0.0
0.2387252
0.9790947
9.718774199999999
7.18074
1.0

12.228507
13.033071699999999
0.0
0.1208748
1.0587665
5.398301
6.5760042
1.0

14.372029699999999
14.4130504
0.0
0.1176706
0.20998879999999998
7.844756599999999
6.358305
1.0

15.3590732
15.4525714
0.0
0.10938389999999999
0.2493692
9.555019099999999
5.6481831
1.0

13.098345199999999
13.1193686
0.0
0.11081919999999999
0.20873339999999999
7.520170599999999
5.3904646
1.0

14.6361215
14.620208199999999
0.0
0.15085189999999998
0.1925403
9.015426
5.412241900000001
1.0

14.0974483
14.0856565
0.0
0.1371246
0.17934129999999998
8.1086675
5.797647700000001
1.0

13.6728799
13.716113400000001
0.0
0.10169239999999999
0.2002536
8.2572981
5.2585617000000004
1.0

15.481257300000001
15.4945258
0.0
0.32769329999999997
0.49180809999999997
3.9990675
11.0036502
1.0

14.1118024
14.2829897
0.0
0.2272763
0.4683765
3.0192416
10.7953716
1.0
