
14.9670611
15.60474
0.0
0.17590920000000002
0.9610721999999999
8.884349
5.7593188
1.0

13.7630339
13.8464817
0.0
0.1002468
0.2270379
7.3137015
6.3057422999999995
1.0

14.056252800000001
14.0617835
0.0
0.0981737
2.0923353000000002
6.9322602
5.037188
1.0

12.6834249
12.771118300000001
0.0
0.0978338
0.23871610000000001
7.3658965
5.1665057
1.0

12.711926400000001
12.7270169
0.0
0.1077936
0.1873364
7.5610453
4.9786352
1.0

12.7978341
12.8944797
0.0
0.1293113
0.7828980999999999
7.2831
4.8284816
1.0

13.1520373
13.1898286
0.0
0.0893391
0.1786566
7.784424400000001
5.2267475999999995
1.0

11.782755400000001
11.830426699999999
0.0
0.0600874
0.14001529999999998
7.0481872
4.6422242
1.0

11.326376
11.2289151
0.0
0.2029809
0.1345755
6.6597886
4.434551
1.0

11.3787466
11.4206004
0.0
0.0759083
0.1587687
6.889137900000001
4.3726937999999995
1.0
