
14.0221779
14.1876794
0.0
0.1713688
0.4568592
5.6631263
8.0676939
1.0

12.230434599999999
12.452015300000001
0.0
0.1006179
1.5977852
5.2174852000000005
5.6367449
1.0

12.3012274
12.5365632
0.0
0.08444710000000001
0.5779085
7.3556721
4.6029826
1.0

11.6193326
11.7555078
0.0
0.09492039999999999
0.2929487
4.3784077
7.0841514000000005
1.0

12.008416800000001
12.0366535
0.0
0.0691902
0.1667484
5.2786675
6.5912375999999995
1.0

11.4632599
11.258361
0.0
0.2905805
0.6653595999999999
3.4516679
7.1413335
1.0

12.090224300000001
12.081904699999999
0.0
0.1214723
0.1837919
4.3391437999999996
7.558969
1.0

10.865823
10.867752099999999
0.0
0.0883691
0.13631379999999998
3.6758135
7.0556247999999995
1.0

11.7905479
11.7834171
0.0
0.1225245
0.1694636
6.4412997999999995
5.172653700000001
1.0

11.072885
11.2908385
0.0
0.1061299
0.4577128
6.6516221
4.1815036
1.0
