
14.5591651
15.0043557
0.0
0.2070382
0.7152657
8.2892037
5.9998863
1.0

12.9223964
13.030255
0.0
0.1036035
0.3128628
7.732252099999999
4.9851401
1.0

11.8650499
11.9721448
0.0
0.0974114
0.2573483
7.1284998
4.5862967
1.0

12.8453512
12.8967168
0.0
0.124737
0.23626070000000002
7.4152550999999995
5.245201
1.0

13.075434699999999
11.861863
0.0
1.3197489
0.1593885
4.5056983
7.1967762
1.0

11.7621014
11.878452800000002
0.0
0.175156
0.3500742
5.3635642
6.1648144
1.0

12.8404793
12.857537800000001
0.0
0.12851210000000002
0.2265605
7.7609209
4.8700564
1.0

12.7274279
12.939209400000001
0.0
0.1074992
0.4707519
6.3357429000000005
6.1327146
1.0

11.5215667
12.5617508
0.0
0.13551739999999998
1.8423836999999998
4.7841392
5.9352279
1.0

11.3454209
11.739828900000001
0.0
0.1014409
0.5586376
4.8914462
6.289745099999999
1.0
