
15.783122800000001
16.3930207
0.0
0.17203279999999999
0.8880564
6.2836687
9.2212956
1.0

15.788744900000001
15.9961516
0.0
0.1073496
0.5187623
10.0410507
5.4363386
1.0

14.5550154
15.069655599999999
0.0
0.1996822
1.1868353
8.1316001
5.751220200000001
1.0

13.506102
13.885919
0.0
0.0981548
0.7169558
6.5919559
6.5770073
1.0

12.8914607
13.0283344
0.0
0.1024221
0.3910746
6.440939
6.1963208
1.0

11.795767699999999
11.7758345
0.0
0.10937580000000001
0.5517334
5.7643753
5.4597258
1.0

12.842450099999999
12.889325900000001
0.0
0.105065
0.2524921
5.9908482
6.6459855999999995
1.0

11.5307539
11.5674727
0.0
0.237421
0.9058484
5.398849
5.2627752999999995
1.0

12.0667879
12.090556099999999
0.0
0.1101001
0.1739291
7.5155862
4.4010408
1.0

11.449229800000001
11.478732599999999
0.0
0.0839218
0.265828
7.1874750999999995
4.0254295
1.0
