
13.7537328
14.141735800000001
0.0
0.1788982
0.6822355999999999
7.8908734
5.5686268
1.0

12.0220772
12.0614655
0.0
0.1193239
0.1884931
5.887158400000001
5.985814
1.0

11.3720084
11.4479165
0.0
0.0936286
0.2713141
6.593844
4.5827584
1.0

12.5070655
12.548618900000001
0.0
0.17598270000000002
0.2965147
6.5208905
5.7312137000000005
1.0

12.7832521
12.812339199999998
0.0
0.09274310000000001
0.21639670000000003
7.1049618
5.490980700000001
1.0

12.600376
12.6258664
0.0
0.0943578
0.1530351
7.4567906
5.0160407000000005
1.0

14.0044134
14.026655400000001
0.0
0.1160929
0.2126817
8.2436116
5.5703621
1.0

12.045705400000001
12.101588099999999
0.0
0.0848505
0.17609629999999998
6.8498554
5.0756364000000005
1.0

12.0342287
12.0388465
0.0
0.13127270000000002
0.1735346
6.9184388
4.9468730999999995
1.0

10.5817596
10.5165641
0.0
0.1727281
0.13655070000000002
6.2243343
4.1556791
1.0
