
14.4729402
14.6338067
0.0
0.1828681
0.4288147
6.9311105
7.2738815
1.0

11.032796099999999
11.7560074
0.0
0.08522360000000001
0.8576092
5.1350666
5.7633316
1.0

12.3733159
12.394203
0.0
0.08175189999999999
0.1509768
7.301307400000001
4.9419188
1.0

12.1381047
12.1983657
0.0
0.0823078
0.18433529999999998
7.1523333
4.8616971
1.0

13.020608699999999
13.045351
0.0
0.0836204
0.21998979999999999
8.3768537
4.4485075
1.0

11.582499199999999
11.6415556
0.0
0.0786623
0.19432770000000002
6.8045137
4.6427142
1.0

11.5538701
11.5845085
0.0
0.1022822
0.1811691
6.7013854
4.701954
1.0

11.648898699999998
11.6999541
0.0
0.0789328
0.172561
7.213007599999999
4.3143855
1.0

12.1315727
12.1575479
0.0
0.0971852
0.1627126
6.020279599999999
5.9745557
1.0

10.2646884
10.2939005
0.0
0.0689246
0.1981395
5.906873099999999
4.1888879
1.0
