
15.0011286
15.181381400000001
0.0
0.4450489
0.7023746
6.9314957999999995
7.547511
1.0

13.2917299
13.2911175
0.0
0.1219422
0.3007931
6.7297335
6.2605909
1.0

13.7608513
13.880774
0.0
0.1240964
0.314095
8.525796
5.040883
1.0

13.5024919
13.4902096
0.0
0.2239168
0.3220763
6.9223569000000005
6.2457764000000005
1.0

13.0597519
13.0916956
0.0
0.10680869999999999
0.2813349
6.2250827
6.585278
1.0

12.4753469
12.459411300000001
0.0
0.1265579
0.144648
7.613625
4.7011383
1.0

12.6370907
12.7233421
0.0
0.1148125
0.25386770000000003
7.235268
5.234206400000001
1.0

11.7728722
11.7773433
0.0
0.1097103
0.1519238
4.4069174
7.218502099999999
1.0

11.8998013
11.6819909
0.0
0.3561645
0.392874
4.2680297000000005
7.0210872
1.0

14.234245900000001
15.2470134
0.0
0.304825
1.4230293
6.407451900000001
7.4165322
1.0
