
14.7544225
14.9820084
0.0
0.18366529999999998
0.7121769
7.8753758
6.3944557
1.0

11.559598099999999
11.6204094
0.0
0.0911409
0.2017702
5.4430494000000005
5.9755898
1.0

11.8326926
11.9034095
0.0
0.1122565
0.2919716
5.2461579
6.36528
1.0

12.5078349
11.4775172
0.0
1.27854
0.30969759999999996
4.300238
6.867581599999999
1.0

12.2602084
12.382966199999998
0.0
0.1301463
0.3638435
6.4769707
5.542152
1.0

11.3167131
11.3478371
0.0
0.1392878
0.2004797
4.8961259
6.2512315
1.0

13.7640928
13.7460795
0.0
0.1845651
0.4865983
6.440282
6.8191992
1.0

14.016976
14.211453
0.0
0.2470121
0.7135683
4.7401757
8.757709
1.0

10.9372016
11.0537651
0.0
0.1136547
0.5838301
4.2319104
6.238024599999999
1.0

10.9973819
11.013344400000001
0.0
0.1051732
0.23370020000000002
5.6261107
5.1535335
1.0
