
14.175605599999999
14.4687034
0.0
0.4036045
0.7498442
6.4367845
7.2820747
1.0

12.034742300000001
11.4994379
0.0
0.6389566
0.1437296
4.6837825
6.6719257999999995
1.0

11.629688699999999
11.379271
0.0
0.32948479999999997
0.102255
4.0903451
7.1866709
1.0

12.692482199999999
12.688871800000001
0.0
0.1313012
0.1619755
5.4816188
7.0452775
1.0

13.5390329
13.0830233
0.0
0.5694015
0.4129968
3.8951092999999997
8.774917199999999
1.0

10.911693
10.9282405
0.0
0.0788103
0.1387544
4.5247452
6.2647409000000005
1.0

12.0962175
12.0895266
0.0
0.2454785
0.2949926
4.9019665
6.8925675
1.0

12.4240172
12.2697751
0.0
0.4041459
0.4358976
4.0466128
7.787264700000001
1.0

10.524208400000001
10.5300013
0.0
0.0759299
0.12381160000000001
4.6785732
5.7276165
1.0

11.1458455
10.7224669
0.0
0.5184429
0.1809607
5.1952602
5.346246
1.0
