
14.3947662
14.5682727
0.0
0.17816410000000002
0.4037752
6.4939295999999995
7.6705679
1.0

13.9012574
13.949802
0.0
0.1481482
0.26800779999999996
8.7190611
4.9627330999999995
1.0

12.863799199999999
12.873888
0.0
0.1389075
0.31183679999999997
6.950653900000001
5.6113973
1.0

12.1604905
12.222451900000001
0.0
0.12239689999999999
0.2353212
6.222953599999999
5.7641770999999995
1.0

13.4580599
13.4833552
0.0
0.09422960000000001
0.2531007
7.3523423
5.8779122
1.0

11.6388779
11.6514325
0.0
0.0878095
0.13864320000000002
6.889895
4.6228943
1.0

11.9723402
12.1341082
0.0
0.1104942
0.3525634
5.5786031
6.2029417
1.0

11.7481953
11.7521094
0.0
0.09150180000000001
0.1571036
5.7712782
5.8237276
1.0

11.8006126
11.823530199999999
0.0
0.1048177
0.16196129999999997
5.7115651
5.9500038
1.0

11.1118489
11.1158997
0.0
0.0835413
0.1261008
5.529274900000001
5.460524
1.0
