
13.5247961
13.740395699999999
0.0
0.199408
0.4817423
5.84726
7.411393400000001
1.0

12.845698
12.720069
0.0
0.23692529999999998
0.14398770000000002
6.1972881
6.3787932000000005
1.0

11.4585115
11.028647699999999
0.0
0.5859508
0.2124999
4.8452221
5.9709257000000004
1.0

13.0841465
13.0932686
0.0
0.24333570000000002
0.4333031
6.9264873
5.7334782
1.0

11.8401093
11.8582427
0.0
0.0944004
0.2382266
7.127657
4.4923591
1.0

12.582505300000001
12.5911282
0.0
0.1167309
0.18397760000000002
7.824899599999999
4.582251
1.0

11.860250599999999
11.8815404
0.0
0.1118072
0.217719
6.917806400000001
4.746015
1.0

11.3422056
11.261816699999999
0.0
0.20117939999999998
0.1528011
6.6121693
4.4968463
1.0

12.4653953
12.4875601
0.0
0.1234489
0.2257119
6.3757618
5.8860864
1.0

11.340423
11.4249067
0.0
0.0762745
0.32882940000000005
6.401217
4.6948603
1.0
