
15.215738
15.1635749
0.0
0.4503392
0.4734773
5.3150321
9.3750655
1.0

15.098327
15.1438863
0.0
0.2007213
0.32737
5.9369787
8.879537599999999
1.0

19.0517595
19.0247344
0.0
0.1731666
0.2378066
12.570762199999999
6.2161656
1.0

16.4995474
17.1825423
0.0
0.1712735
1.1135492
8.676815099999999
7.392178
1.0

15.9546631
15.677503199999999
0.0
0.564685
0.4495825
6.9978963
8.2300244
1.0

14.084712300000001
14.374222199999998
0.0
0.4626453
0.9031321
4.6179932
8.8530969
1.0

12.815967
12.8532291
0.0
0.1242485
0.19598089999999999
7.721778400000001
4.9354698
1.0

12.7429554
12.673983199999999
0.0
0.2298954
0.3050192
5.1766787
7.1922853
1.0

11.4783437
11.494121699999999
0.0
0.1264777
0.1894224
6.765635400000001
4.5390639
1.0

11.3099808
11.2997851
0.0
0.09357389999999999
0.31179029999999996
5.2633447
5.7246501
1.0
