
12.7775837
13.2573658
0.0
0.21696079999999998
0.8259938
6.086834
6.344538
1.0

14.162078
13.8833644
0.0
0.499291
0.4018095
5.502960900000001
7.978594
1.0

13.296802099999999
13.413948900000001
0.0
0.1127428
0.3031268
7.951967
5.158855099999999
1.0

14.0027815
14.353708300000001
0.0
0.1043256
0.680814
9.7485154
3.9243789
1.0

14.349495
15.23489
0.0
0.10281989999999999
1.191472
10.1732097
3.8702083
1.0

13.0041239
14.246918
0.0
0.3440459
1.7028733999999999
5.762434900000001
6.781609700000001
1.0

15.409666
15.455975
0.0
0.502759
0.7905106999999999
6.4921061
8.173358200000001
1.0

17.022318300000002
16.5981739
0.0
0.6608304
0.3222257
10.132725599999999
6.1432226
1.0

13.7783695
12.780726900000001
0.0
1.1520877
0.2582234
2.8134088999999998
9.7090946
1.0

13.867926
13.3131677
0.0
0.6814164
0.6308431999999999
3.4013292
9.2809953
1.0
