
14.0506899
14.206684
0.0
0.2275541
0.7591546
4.991014799999999
8.4565146
1.0

12.358007599999999
12.3344318
0.0
0.13046939999999999
0.202178
6.901604
5.2306498
1.0

13.545474800000001
13.8791847
0.0
0.0882722
0.5627116999999999
5.2474115
8.0690615
1.0

11.8097297
11.5283465
0.0
0.45350690000000005
0.2008346
3.6127951
7.7147168
1.0

15.0212643
15.008969800000001
0.0
0.25599720000000004
0.5356384000000001
8.6545992
5.8187322
1.0

11.4540236
11.3830135
0.0
0.1654391
0.6486888000000001
4.8909180999999995
5.8434066
1.0

11.6710351
11.7186341
0.0
0.09387419999999999
0.1670334
7.0478347
4.503766
1.0

11.6460455
11.6928678
0.0
0.0842548
0.2358158
7.3990839
4.0579681
1.0

10.3884312
10.361273599999999
0.0
0.1079853
0.1423125
3.8420396
6.3769215
1.0

11.1522717
11.158354300000001
0.0
0.06782830000000001
0.15565610000000002
4.938399
6.0642992
1.0
