
15.032113599999999
15.1240451
0.0
0.2405442
0.3847495
7.281439
7.4578565999999995
1.0

12.7787649
12.7577233
0.0
0.147347
0.24976710000000002
6.8245296
5.6834266
1.0

13.0645105
13.0807147
0.0
0.3008723
0.3732667
3.9216367
8.7858113
1.0

11.6096322
11.688145
0.0
0.0873773
0.2012578
5.0485975
6.4382897
1.0

12.1975908
12.2113879
0.0
0.0781413
0.2053094
6.3759372999999995
5.630141200000001
1.0

11.1660304
11.1851608
0.0
0.1328147
0.1920578
3.5981348
7.3949682
1.0

13.274181
13.383210199999999
0.0
0.096791
0.2416105
5.6049867
7.536613
1.0

15.5632879
15.7297745
0.0
0.0763523
0.356918
10.4399765
4.93288
1.0

9.7308646
10.2146952
0.0
0.1293813
0.7590509
3.5700795
5.8855648
1.0

9.2984749
9.317625900000001
0.0
0.0642508
0.1168567
3.9534043
5.2473649
1.0
