
7.809009015
7.692753538
7.146729468
0.54602407
0.116255477
6.944827586206896

6.676266643
6.579369327999999
6.171501343999999
0.407867984
0.096897315
10.0

6.496925373
6.403429341
6.140485195
0.262944146
0.093496032
10.0

6.5449735360000005
6.475011858
6.176240366999999
0.298771491
0.069961678
8.695652173913043

6.990361247999999
6.939669102
6.757841056
0.181828046
0.050692146
5.0

6.88217533
6.836192327
6.585162362
0.251029965
0.045983002999999995
5.0

6.243655432
6.195947190999999
5.994114901
0.20183229
0.047708241
8.637931034482758

6.024494391
5.984850943
5.757748655
0.227102288
0.039643448
10.0

6.05042161
6.0152769500000005
5.7721164819999995
0.243160468
0.03514466
10.0

6.171494128
6.1381968360000005
5.868555337
0.269641499
0.033297292
9.811881188118813
