
0.134488596
0.039897385
-0.13099155
0.170888935
0.094591211
6.944827586206896

0.157195759
0.02149132
-0.067872037
0.089363357
0.135704439
10.0

0.079104195
0.018286968
-0.06277297600000001
0.08105994400000001
0.060817227
10.0

0.069912466
0.019257029999999998
-0.049813153
0.06907018300000001
0.050655436
8.695652173913043

0.06890655999999999
0.014318978999999999
-0.046005208
0.060324187
0.054587580999999996
5.0

0.09695017
0.01371705
-0.044364606
0.058081656
0.08323312
5.0

0.128385974
0.011171834
-0.045917968999999996
0.057089803
0.11721414
8.637931034482758

0.052565197999999994
0.011571627000000001
-0.045652703999999995
0.057224330999999996
0.040993571000000006
10.0

0.043521195
0.011862367
-0.045097867
0.056960234
0.031658828
10.0

0.041128062
0.010140427
-0.040134009
0.050274436
0.030987635
9.811881188118813
