
0.159197209
0.045736872000000005
-0.15277634299999998
0.198513215
0.113460337
6.944827586206896

0.133109959
0.029871922
-0.094108789
0.123980711
0.10323803699999999
10.0

0.10853463099999999
0.024376757000000002
-0.075257405
0.099634162
0.084157874
10.0

0.110419444
0.018987561
-0.134489576
0.15347713699999999
0.091431883
8.695652173913043

0.16239483100000002
0.016058375
-0.135051409
0.15110978400000002
0.146336456
5.0

0.0919505
0.018100671
-0.056319868
0.07442053900000001
0.07384982899999999
5.0

0.108374198
0.013572297
-0.053760432000000004
0.06733272900000001
0.094801901
8.637931034482758

0.062197366999999996
0.013953552
-0.055624792
0.069578344
0.048243815
10.0

0.060817199999999995
0.014189041
-0.055023214
0.069212255
0.046628159
10.0

0.052162019999999996
0.012057632
-0.049826489
0.061884121
0.040104388
9.811881188118813
