
0.147412819
0.0598627
-0.133820011
0.193682711
0.08755011900000001
6.944827586206896

0.105802728
0.023499237000000003
-0.067464097
0.090963334
0.08230349099999999
10.0

0.092855689
0.021928216
-0.06670522599999999
0.08863344199999999
0.070927473
10.0

0.109154821
0.017623767
-0.063348153
0.08097192
0.091531054
8.695652173913043

0.139063109
0.012209646000000001
-0.049588876
0.061798521999999995
0.126853463
5.0

0.070433243
0.011539313
-0.047018858
0.058558171
0.05889393
5.0

0.06196442
0.013757929
-0.054516962
0.068274891
0.048206491000000004
8.637931034482758

0.054081913
0.013768424000000001
-0.054262476999999996
0.068030901
0.040313489
10.0

0.045581502
0.011479056
-0.045305886
0.056784942000000005
0.034102446
10.0

0.068293442
0.010589155000000001
-0.041313169999999996
0.051902325
0.057704287
9.811881188118813
