
0.137142222
0.046321588000000004
-0.142152712
0.18847429999999998
0.09082063400000001
6.944827586206896

0.107918524
0.021913619
-0.067942691
0.08985631
0.08600490499999999
10.0

0.093336716
0.022482772
-0.067517287
0.090000059
0.070853944
10.0

0.080042026
0.015848829
-0.057078139
0.072926968
0.064193197
8.695652173913043

0.120856413
0.012383927
-0.047424894999999995
0.059808822
0.108472486
5.0

0.07450528
0.012142787
-0.045527198
0.057669985
0.062362493000000005
5.0

0.084975373
0.045681271999999995
-0.114818077
0.16049934899999999
0.039294101000000005
8.637931034482758

0.053271444
0.012445132
-0.067254484
0.079699616
0.040826312
10.0

0.048490391
0.012448708000000001
-0.046723111
0.059171819
0.036041683
10.0

0.048193120000000006
0.011741139999999999
-0.067495973
0.079237113
0.03645198
9.811881188118813
