
4.534273998
4.584049281
0.0
0.095589266
0.27255793300000003
0.588537043
3.722954305
4.740566037735849

3.627891681
3.5371932740000003
0.0
0.206358505
0.14983497899999998
0.334728763
3.052629532
4.911764705882353

3.256873108
3.245964255
0.0
0.094343158
0.10608851300000001
0.33508828399999996
2.8047874580000003
4.989949748743719

2.883068682
2.905730851
0.0
0.06432007
0.123365282
0.22401904199999997
2.558346527
5.005

2.981587111
2.9779042319999998
0.0
0.088132932
0.118782962
0.24055126500000001
2.618570005
4.975124378109452

3.023848805
3.052197892
0.0
0.084699442
0.14562831899999998
0.225551683
2.68101789
5.0049751243781095

2.821614641
2.835738504
0.0
0.077246217
0.132510809
0.247921437
2.455306258
4.867647058823529

2.5855999900000004
2.586462829
0.0
0.069106246
0.08765656
0.271428073
2.227378196
4.803827751196172

2.495227446
2.5291795290000003
0.0
0.047701758000000004
0.114051978
0.17230503400000002
2.242822517
4.668224299065421

2.357985158
2.379171808
0.0
0.046417648
0.094589117
0.26604031300000003
2.0185423780000002
4.154166666666667
