
4.653661784
4.701792885
0.0
0.11564569
0.27159387300000004
0.471744591
3.958454421
4.740566037735849

3.618724602
3.476263529
0.0
0.235931258
0.19544663
0.33567207
2.9451448289999997
4.88780487804878

3.234820789
3.213215862
0.0
0.118133231
0.126564232
0.350311743
2.736339887
4.940298507462686

2.9324431260000003
2.972695172
0.0
0.053558787
0.182252381
0.193023568
2.597419223
4.980099502487562

2.938609785
2.979087087
0.0
0.046991786
0.118213337
0.24131673499999998
2.6195570150000003
4.926108374384237

2.9314961609999997
2.959529945
0.0
0.0493361
0.097357104
0.263643157
2.598529684
5.0049751243781095

2.98504238
2.938101644
0.0
0.126933311
0.17014932800000002
0.16253720600000002
2.60541511
4.891625615763547

2.696156966
2.7146756869999997
0.0
0.06841438899999999
0.12072025900000001
0.182327233
2.411628195
4.803827751196172

2.462999313
2.4965282149999997
0.0
0.036406605
0.088946021
0.220322368
2.187259826
4.668224299065421

2.418167168
2.442121566
0.0
0.044629824
0.097650587
0.193014385
2.151456594
4.154166666666667
