
4.589016636
4.759704707999999
0.0
0.088298038
0.35409052500000004
0.47871186
3.9269023229999998
4.740566037735849

3.387322028
3.375445032
0.0
0.10950166800000001
0.145213784
0.34982197600000003
2.880409272
4.88780487804878

3.206961931
3.217174362
0.0
0.08059193399999999
0.119185157
0.239768763
2.858220442
4.965

2.975920683
3.009706501
0.0
0.063587416
0.127169254
0.178419082
2.704118165
4.980099502487562

3.200353425
3.0978716669999997
0.0
0.20953153
0.13563524700000001
0.301059918
2.661176502
5.025125628140704

2.978240985
3.016863542
0.0
0.061613866
0.121811586
0.210744618
2.684307338
5.0049751243781095

3.1327709980000003
3.016289932
0.0
0.19491103099999998
0.170729927
0.223947519
2.621612486
4.915841584158416

2.5680974279999997
2.602191839
0.0
0.047775055999999996
0.11444333599999999
0.197277745
2.290470758
4.826923076923077

2.504077803
2.533238223
0.0
0.064026928
0.13344162299999998
0.157695813
2.242100787
4.668224299065421

2.34532775
2.380782028
0.0
0.063317766
0.12960873
0.219702122
2.031471176
4.154166666666667
