
0.178800391
0.06759559799999999
-0.134424298
0.202019896
0.11120479300000001
5.025125628140704

0.126192007
0.021655246
-0.064594209
0.086249455
0.10453676099999999
5.0

0.067647341
0.024174401999999998
-0.051377150999999996
0.075551553
0.043472938999999995
5.0

0.043112771
0.01251382
-0.045607483
0.058121303
0.030598951
5.0

0.06966179700000001
0.012504012
-0.044709056
0.057213068
0.057157785
5.0

0.07889555000000001
0.011895822
-0.10319935000000001
0.11509517200000001
0.06699972800000001
5.0

0.078991681
0.011569422000000001
-0.044348222
0.055917644
0.06742225900000001
5.0

0.056010379
0.024220308
-0.041294080999999996
0.065514389
0.031790071
5.0

0.070257676
0.011628
-0.040303214999999996
0.051931214999999996
0.058629676
5.0

0.081891128
0.010935116
-0.036650309
0.047585425
0.070956012
5.0
