
0.202054198
0.08483786900000001
-0.186835232
0.27167310100000003
0.117216329
5.025125628140704

0.17385801199999998
0.024549407999999998
-0.077054274
0.101603682
0.14930860399999998
5.0

0.173662383
0.08030971099999999
-0.07408864800000001
0.15439835899999999
0.09335267200000001
5.0

0.08665168399999999
0.016624564999999997
-0.068028849
0.08465341400000001
0.07002711900000001
5.0

0.07310425699999999
0.015410069
-0.062231047
0.077641116
0.057694188
5.0

0.081483182
0.014455177
-0.066706769
0.081161946
0.067028005
5.0

0.061518496
0.013255635
-0.058635748
0.071891383
0.048262861
5.0

0.050707464
0.014378924000000001
-0.059050080000000005
0.073429004
0.03632854
5.0

0.06869774000000001
0.013670294
-0.052709046
0.06637934
0.055027446
5.0

0.118345223
0.051658341
-0.048973106
0.100631447
0.066686882
5.0
