
0.184356309
0.046725611
-0.152623517
0.199349128
0.137630698
5.025125628140704

0.174083136
0.029208903999999997
-0.123568052
0.15277695600000002
0.144874232
5.0

0.174843211
0.018181502
-0.062065254
0.08024675599999999
0.156661709
5.0

0.096350667
0.015452427
-0.056348911999999994
0.071801339
0.08089824000000001
5.0

0.065391202
0.013980893
-0.055611506
0.069592399
0.051410309
5.0

0.074894723
0.015034671
-0.058434489
0.07346916
0.059860052000000004
5.0

0.092646309
0.012914700999999999
-0.055297559
0.06821226
0.079731608
5.0

0.06927051099999999
0.013102
-0.070557363
0.083659363
0.056168511
5.0

0.058353352
0.012121321
-0.046748451999999996
0.058869773
0.046232031
5.0

0.09245991099999999
0.058987368000000005
-0.042356360999999995
0.10134372900000001
0.033472543
5.0
