
0.232447499
0.058856606
-0.17946552400000002
0.23832213
0.17359089300000002
5.025125628140704

0.14703759400000002
0.03029302
-0.086749252
0.117042272
0.11674457399999999
5.0

0.104738599
0.019793616000000003
-0.072757769
0.092551385
0.08494498299999999
5.0

0.065940917
0.015765575
-0.062835336
0.078600911
0.050175342
5.0

0.10452582099999999
0.019925396
-0.057507219
0.07743261500000001
0.084600425
5.0

0.13560451999999998
0.043175081
-0.104515758
0.14769083900000002
0.092429439
5.0

0.06661740099999999
0.011776212
-0.045109456
0.056885668
0.054841189
5.0

0.045344421
0.011488378
-0.043747569
0.055235947
0.033856042999999995
5.0

0.035331278
0.014003138
-0.039031368999999996
0.053034506999999995
0.02132814
5.0

0.083186087
0.044751188000000004
-0.034892639
0.079643827
0.038434898999999995
5.0
