
9.849021333333335
10.8507815
0.0
0.23725673333333333
1.3545784333333333
4.743488133333334
4.752714933333333
1.3043478260869565

9.042723633333333
9.100564933333333
0.0
0.16868493333333331
0.3048076666666667
4.403958433333334
4.391798833333333
1.4090909090909092

7.497355833333333
7.599428733333333
0.0
0.23835276666666666
0.5792572333333332
2.2780253999999998
4.742146099999999
1.5

7.948924666666667
8.0016835
0.0
0.25666243333333333
0.6206062666666667
2.6114276000000003
4.769649633333334
1.5

9.402929033333333
8.927339866666667
0.0
0.5987375666666667
0.28104609999999997
4.1484537999999995
4.497839966666667
1.5

6.846332033333333
6.7431845
0.0
0.23229686666666666
0.2149557
2.312575
4.2156538
1.45

6.9757712666666665
6.8194577333333335
0.0
0.22450689999999998
0.20907873333333335
1.9762976
4.6340814
1.5789473684210527

7.0169737
6.7815519
0.0
0.3180092666666667
0.22664323333333333
1.8890461333333333
4.665862533333333
1.5

8.909788666666666
8.913973966666667
0.0
0.35714956666666664
0.7439588333333333
0.7385693666666667
7.431445766666666
1.5

8.9108005
7.846782066666666
0.0
1.5703428666666668
0.5695087
0.39883029999999997
6.878443066666667
1.5789473684210527
