
9.495875933333334
9.554315633333333
0.0
0.20429463333333334
0.4438626
4.185865566666667
4.924587466666667
1.3043478260869565

8.342956
8.360313733333333
0.0
0.12066696666666665
0.5271682666666667
2.2771185666666667
5.5560269
1.4090909090909092

8.378431566666666
8.2323082
0.0
0.3299703
0.5365421333333333
2.1835347
5.512231366666666
1.5

7.234394666666667
7.329544166666667
0.0
0.09882926666666667
0.34908870000000003
2.1481371666666664
4.8323183
1.5

7.4905395666666665
7.531759533333333
0.0
0.09737589999999999
0.2470345
2.511784733333333
4.7729403
1.5

7.133167633333334
7.179356066666666
0.0
0.08369143333333333
0.27629726666666665
1.9453908
4.957668
1.45

7.3709937000000005
7.4303692
0.0
0.13281753333333332
0.31858796666666667
2.4212802666666664
4.690500966666667
1.5789473684210527

7.217655133333333
6.929918333333333
0.0
0.41066413333333335
0.3136848
2.299779866666667
4.316453666666667
1.5

7.5168314333333335
7.446922866666666
0.0
0.160992
0.257731
2.1599722000000003
5.029219666666667
1.5

7.6397542000000005
7.591776833333333
0.0
0.1426995666666667
0.19611216666666667
2.309809366666667
5.0858552999999995
1.5
