
9.491083266666667
8.639166866666667
0.0
1.0860136666666667
0.29832843333333336
3.1722379666666667
5.168600466666667
1.3043478260869565

8.930648933333334
9.013005633333332
0.0
0.29446986666666664
0.7130407
1.6420522
6.657912733333333
1.4090909090909092

8.2044267
8.273643833333333
0.0
0.12935903333333335
0.3454201333333334
2.6695933666666667
5.258630333333333
1.5

7.992265866666666
7.9836062666666665
0.0
0.09568393333333333
0.21088463333333332
2.6617992000000004
5.110922433333333
1.5

7.777135
7.850523033333333
0.0
0.0901876
0.32779216666666666
2.6495478666666665
4.873183
1.5

7.4021985
7.3676390666666665
0.0
0.14146283333333334
0.1858285
2.3919590333333334
4.789851533333334
1.45

6.814985933333333
6.787507466666667
0.0
0.13725313333333333
0.3192511333333334
1.7459085333333335
4.7223478
1.5789473684210527

6.4324054
6.4218245
0.0
0.14254906666666667
0.3511374666666667
2.671205566666667
3.399481466666667
1.5

6.998294033333333
7.0029840666666665
0.0
0.04961633333333334
0.10297216666666667
1.9538320333333334
4.946179866666666
1.5

7.054968533333334
7.0629960999999994
0.0
0.056047900000000005
0.20154846666666668
1.7521523666666667
5.109295266666667
1.5
