
8.702953
9.073432166666667
0.0
0.3530007333333333
1.3369065333333334
3.2362100666666667
4.500315566666666
1.3043478260869565

7.6844679000000005
7.9765093333333335
0.0
0.15142053333333333
0.7107474666666667
2.389499466666667
4.876262400000001
1.4090909090909092

8.153321266666667
8.2285778
0.0
0.2777078
0.6195625
2.4451501666666666
5.163865133333334
1.5

7.2980993
7.301100466666667
0.0
0.11775066666666667
0.18769233333333335
2.2509788333333334
4.8624293
1.5

9.685793333333335
9.694171666666666
0.0
0.3976498333333333
0.46841679999999997
0.8443294
8.381425466666666
1.5

6.5759395
6.361592466666667
0.0
0.4622985333333333
0.34902863333333334
2.0943144666666664
3.9182493666666667
1.45

6.9636580666666665
6.986761266666667
0.0
0.11666660000000001
0.29187620000000003
1.7924091000000002
4.902475966666667
1.5789473684210527

6.963101133333334
6.975581533333333
0.0
0.11106493333333334
0.39399290000000003
2.1510902666666665
4.430498366666666
1.5

6.9181003
6.948780599999999
0.0
0.08458023333333334
0.27335876666666664
2.1108054666666667
4.564616366666666
1.5

6.672862
6.708345366666666
0.0
0.0591611
0.18464470000000002
1.6134174666666665
4.9102832
1.5
