
10.195307233333333
10.590557633333333
0.0
0.19167610000000002
1.1294087333333334
4.335958533333333
5.125190366666666
1.3043478260869565

8.581890233333333
8.580066533333333
0.0
0.10764246666666666
0.33112506666666663
2.9332922333333333
5.315649233333334
1.4090909090909092

8.614971566666666
8.640661433333333
0.0
0.11506526666666667
0.2912112
2.478419
5.871031233333333
1.5

7.8302058
7.797290833333333
0.0
0.1095994
0.17576466666666665
2.570867466666667
5.0506587000000005
1.5

8.222731533333333
8.014627433333333
0.0
0.31956203333333333
0.3987310333333333
2.2341275
5.3817689
1.5

7.489541633333333
7.482583166666667
0.0
0.08067123333333334
0.22307386666666668
2.405707566666667
4.853801733333333
1.45

7.1178737666666665
7.018071466666667
0.0
0.19211026666666667
0.25865556666666667
1.9614014
4.7980145
1.5789473684210527

6.7847464
6.868505566666666
0.0
0.08536066666666667
0.3797506
1.9161071333333333
4.572647833333333
1.5

7.321929266666666
7.485595200000001
0.0
0.057965333333333334
0.3183376666666667
2.2722217000000002
4.895035833333333
1.5

7.317948299999999
7.308391966666667
0.0
0.07228546666666666
0.17500373333333333
2.1503343666666668
4.983053866666666
1.5
