
9.900058300000001
10.0522032
0.0
0.16000636666666668
0.6120284666666667
3.090107466666667
6.350067266666667
1.3043478260869565

9.0139619
9.0717526
0.0
0.12895193333333332
0.3972097
2.5035435
6.1709994
1.4090909090909092

8.323712333333333
8.315406266666667
0.0
0.27243296666666666
0.521355
1.8163598
5.977691466666667
1.5

8.158149933333334
8.206791966666668
0.0
0.25681353333333334
0.3600268666666666
1.2389768666666667
6.607788233333333
1.5

7.8662392
7.868898
0.0
0.38078806666666665
0.7945773333333334
2.496644566666667
4.5776761
1.5

6.748793066666666
6.784343933333334
0.0
0.13158416666666667
0.4327786333333334
1.6559365666666666
4.695628733333334
1.45

6.890493533333333
6.8619012999999995
0.0
0.1242737
0.2712567
1.8972375333333333
4.6934070666666665
1.5789473684210527

6.9864327
6.943291599999999
0.0
0.13672406666666667
0.1380564333333333
2.2986064666666666
4.5066287
1.5

7.437504466666667
7.396516666666667
0.0
0.2538377333333333
0.340512
2.0928374
4.963167266666667
1.5

6.7353023
6.769497433333334
0.0
0.05219873333333333
0.13452906666666667
1.8808996
4.754068766666666
1.5
