
8.929041633333332
9.332301633333334
0.0
0.1462985333333333
0.6617675333333334
3.496386633333333
5.174147466666667
1.3043478260869565

8.943490633333333
9.108473666666667
0.0
0.06403743333333334
0.35366533333333333
3.3751512999999997
5.379657033333333
1.4090909090909092

8.513620333333334
8.622590766666667
0.0
0.09728033333333333
0.49134226666666664
2.810938
5.3203105
1.5

7.797760533333333
7.780573833333333
0.0
0.12070006666666666
0.16613496666666666
2.6606319666666667
4.9538069
1.5

7.677103033333333
7.601752333333333
0.0
0.38002526666666664
0.4692501666666667
2.4337528666666666
4.6987493
1.5

6.761356866666667
6.997225566666667
0.0
0.07828746666666667
0.3769913
2.270313466666667
4.3499208
1.45

7.007847433333334
6.522928
0.0
0.5808578000000001
0.21527433333333335
2.0701296333333334
4.237524033333333
1.5789473684210527

6.5201081
6.454303066666666
0.0
0.16556563333333332
0.1742133
1.9628084666666665
4.317281299999999
1.5

7.5684241
7.6357254
0.0
0.056176
0.32220546666666666
3.0951345
4.218385433333333
1.5

7.675789233333333
7.582096866666666
0.0
0.25085806666666666
0.4066402333333333
2.6011142333333335
4.574342400000001
1.5
