
9.503887766666667
9.681277266666667
0.0
0.12397086666666667
0.719647
3.752977566666667
5.2086527
1.3043478260869565

8.689130266666668
8.6243174
0.0
0.1943675
1.0927650333333334
2.2619428
5.2696095666666665
1.4090909090909092

7.786923766666667
7.896607366666666
0.0
0.15501489999999998
0.4775337
2.2804124333333333
5.138661233333333
1.5

7.6577212999999995
7.640862533333333
0.0
0.08668963333333334
0.28103279999999997
2.3296254666666667
5.030204266666667
1.5

8.325522466666667
8.3392157
0.0
0.10781663333333333
0.28529456666666664
3.154927266666667
4.898993866666666
1.5

6.597327366666666
6.721673233333333
0.0
0.11168266666666667
0.6424006999999999
2.2027432666666664
3.8765292666666666
1.45

6.580691833333333
6.6244579
0.0
0.10792316666666667
0.41950040000000005
1.7901937333333333
4.414763766666667
1.5789473684210527

6.316471733333334
6.800827
0.0
0.0603293
0.6573335
2.2577481666666666
3.8857453333333334
1.5

7.057449066666666
7.054604
0.0
0.08101016666666667
0.1450847
1.7351775
5.1743418
1.5

6.746574566666666
6.7571037
0.0
0.0588525
0.20513626666666665
1.6466506666666667
4.905316766666666
1.5
