
9.535865333333334
9.564258333333333
0.0
0.29818073333333334
0.6398159333333333
2.872625966666667
6.051816433333333
1.3043478260869565

9.2324824
9.301017300000002
0.0
0.32053886666666664
0.5804498333333333
1.8990830333333335
6.8214844333333335
1.4090909090909092

8.842684333333334
8.877874566666666
0.0
0.21953966666666666
0.3138065666666667
2.828435966666667
5.735632033333333
1.5

8.551231733333333
8.624288566666666
0.0
0.25274473333333336
0.37017913333333335
1.7455848999999999
6.5085245333333335
1.5

9.1018897
9.3855089
0.0
0.30099223333333336
0.809015
1.543781
7.0327129
1.5

7.368223599999999
7.449687099999999
0.0
0.16658066666666665
0.3558619
3.1442465333333334
3.9495786666666666
1.45

6.656662666666667
6.636200400000001
0.0
0.14531226666666666
0.2577153
1.5925917666666667
4.785893333333333
1.5789473684210527

6.824593533333333
6.818889933333334
0.0
0.12579123333333334
0.30103813333333335
2.261714866666667
4.256136933333334
1.5

7.207393333333333
7.4096828
0.0
0.11111866666666667
0.5387559333333334
2.784357066666667
4.0865697999999995
1.5

7.4692536
7.465006666666667
0.0
0.07536693333333333
0.10781063333333334
2.4853654
4.871830633333333
1.5
