
9.5195405
9.544602233333332
0.0
0.301055
0.5044989
3.3518544
5.688248933333334
1.3043478260869565

9.218409866666667
9.180195933333334
0.0
0.22481626666666665
0.7514338666666667
2.852131433333333
5.576630633333334
1.4090909090909092

8.595350433333333
8.543663
0.0
0.1768345666666667
0.8744236
2.5687552666666664
5.1004841333333335
1.5

7.983220966666667
7.963014166666667
0.0
0.10993916666666667
0.20116623333333333
2.8317906666666666
4.930057266666666
1.5

8.218845466666666
8.236345333333333
0.0
0.1544412
0.3783877666666667
3.2116862000000004
4.646271366666666
1.5

7.577582
7.5786745
0.0
0.1098574
0.2986877333333333
2.211447466666667
5.068539299999999
1.45

7.008711133333334
6.9433186
0.0
0.1710989
0.3460837333333333
2.0431653
4.554069566666667
1.5789473684210527

6.9259273666666665
6.801951366666667
0.0
0.33165623333333333
0.4740713333333333
1.6526293
4.675250733333334
1.5

8.700587633333333
8.7679721
0.0
0.4105239
0.6810297333333333
1.2930889333333333
6.793853433333334
1.5

6.579662533333333
6.552798466666667
0.0
0.12102736666666666
0.15525666666666665
2.3719122
4.0256296
1.5
