
9.639933633333333
9.7856728
0.0
0.22324963333333334
0.5489715666666667
3.7042675333333333
5.5324337
1.3043478260869565

9.590193033333334
9.588054766666668
0.0
0.12896386666666668
0.30741959999999996
3.1129979666666667
6.167637200000001
1.4090909090909092

7.911187
8.010300833333334
0.0
0.2133605
0.3978947
2.3019696
5.310436533333333
1.5

8.259826533333333
8.236673566666667
0.0
0.1866138
0.30585593333333333
2.5337004
5.397117233333334
1.5

7.6084749333333335
7.697873433333333
0.0
0.16267979999999999
0.39725236666666663
2.6801578333333334
4.620463233333333
1.5

7.397066566666666
7.354730533333333
0.0
0.18443113333333333
0.4800644
2.0433132333333335
4.831352900000001
1.45

7.111652966666667
7.055790133333334
0.0
0.15953576666666666
0.26923956666666665
1.8286613333333332
4.957889233333334
1.5789473684210527

6.769339066666666
6.753123766666667
0.0
0.10955736666666667
0.34363
1.3169661333333333
5.092527633333334
1.5

7.1416406
7.030816933333334
0.0
0.17846566666666666
0.21502123333333334
1.5998309666666666
5.215964733333333
1.5

6.9933985
6.9867764333333335
0.0
0.1149831
0.28446566666666667
2.268425466666667
4.4338853
1.5
