
10.033954233333333
9.993909533333333
0.0
0.5007868666666666
0.6953904333333334
4.0118143
5.2867048
1.3043478260869565

7.657065466666666
8.3788787
0.0
0.08686196666666667
1.1734045333333334
2.4610613999999997
4.744412766666667
1.4090909090909092

7.913115
7.8075747
0.0
0.23806543333333333
0.26849253333333334
2.964773
4.574309166666667
1.5

7.818627066666666
7.7175687
0.0
0.21256060000000002
0.2999576
1.8873736333333333
5.530237466666667
1.5

8.561355066666666
7.4596271
0.0
1.2716098999999998
0.6251357
2.1832347666666667
4.651256633333333
1.5

6.8535591
7.003521833333333
0.0
0.0883805
0.43219863333333336
2.3401362999999997
4.2311869
1.45

7.326993233333333
7.2983546
0.0
0.2172926
0.4063868
2.0463970333333332
4.8455707666666665
1.5789473684210527

6.6316357
6.647146133333334
0.0
0.06246466666666666
0.21783156666666667
1.6501250333333335
4.779189533333334
1.5

7.272185599999999
7.311996233333334
0.0
0.07725353333333335
0.1806074
2.4407608333333335
4.690628
1.5

9.075691
9.150508
0.0
0.07448716666666667
0.2567333666666667
3.9350650333333332
4.9587096
1.5
