
9.449809466666666
9.589332966666667
0.0
0.13602236666666667
0.3599501
4.5482773666666665
4.6811055
1.3043478260869565

8.450657166666666
8.635243366666668
0.0
0.07010403333333334
0.4241517
3.5127025
4.698389166666667
1.4090909090909092

8.258924966666667
7.9635234666666666
0.0
0.4128039333333334
0.3403778
2.257820933333333
5.365324733333334
1.5

7.592964
7.559011133333334
0.0
0.11483536666666667
0.38520156666666666
2.2328287666666666
4.9409808
1.5

7.722731566666666
7.138917166666667
0.0
0.7007984333333334
0.35871193333333334
2.0470432666666665
4.733161966666667
1.5

7.199463066666667
7.1861299333333335
0.0
0.07915243333333333
0.2439054
2.1507473999999998
4.791477133333334
1.45

6.965268633333333
6.888813133333334
0.0
0.14465856666666668
0.21102866666666667
1.9800087666666666
4.6977757
1.5789473684210527

7.265168166666667
7.145125833333333
0.0
0.26361893333333336
0.4273672
2.3092257666666667
4.4085328666666665
1.5

6.962201566666667
6.972401433333333
0.0
0.0633409
0.24024826666666665
1.7593206000000001
4.972832566666667
1.5

7.165520533333333
7.1747
0.0
0.0561815
0.1481257
2.020452833333333
5.0061214666666665
1.5
