
9.697707699999999
9.8079617
0.0
0.13937073333333333
0.37876109999999996
4.6084312333333335
4.820769366666666
1.3043478260869565

8.331225
8.470073466666667
0.0
0.09303389999999999
0.7056427333333333
2.3774675
5.386963233333334
1.4090909090909092

9.323429933333333
9.1976254
0.0
0.3681454333333333
0.41504383333333333
2.7124900333333333
6.070091533333334
1.5

7.766882066666667
7.534049566666666
0.0
0.38999106666666666
0.2796814
2.6487867
4.605581466666667
1.5

9.362248566666667
7.872747599999999
0.0
1.7369496666666668
0.33851526666666665
1.7006883666666668
5.833543966666666
1.6666666666666667

8.691365933333334
8.935874833333333
0.0
0.4733291
0.8465556999999999
0.5768952333333333
7.5124239
1.45

7.2017801666666665
7.0309105333333335
0.0
0.4920911666666667
0.6971256333333333
0.7873356666666667
5.546449233333333
1.5789473684210527

6.8166096
6.831663566666666
0.0
0.14595216666666666
0.3420607333333333
1.7509532666666665
4.738649566666666
1.5

7.0330064000000005
6.880476233333334
0.0
0.2510462333333333
0.24755343333333332
2.2319838666666665
4.400938933333333
1.5

6.725374833333333
6.699199866666667
0.0
0.10842803333333334
0.1492532
1.6802613
4.869685366666666
1.5
