
9.9714501
10.318474833333333
0.0
0.33888383333333333
0.8240684333333333
3.599739066666667
5.894667333333333
1.3043478260869565

9.551019633333333
9.514136466666667
0.0
0.18050953333333333
0.3507570666666667
3.3540352
5.8093442
1.4090909090909092

8.5678596
8.5875751
0.0
0.10466976666666666
0.2843673666666666
1.8977077333333334
6.4055
1.5

7.678118566666666
7.535905400000001
0.0
0.22825566666666666
0.3259439
1.9406206666666668
5.269340833333333
1.5

7.777781066666666
7.7457245666666665
0.0
0.10556243333333333
0.18569916666666667
2.665466566666667
4.894558833333333
1.5

7.3379718
6.852619533333333
0.0
0.6316579666666666
0.2984915
1.8914203
4.662707733333334
1.45

7.122697333333333
7.1912085999999995
0.0
0.18150986666666666
0.37714986666666667
1.7356511666666667
5.078407566666667
1.5789473684210527

7.177475666666667
7.1911893
0.0
0.21805323333333335
0.2633136
1.8024338333333332
5.125441866666666
1.5

9.1609975
9.286145833333334
0.0
0.3520609333333333
0.5051061333333333
0.8176707
7.963369
1.5

7.479641766666667
7.667239033333333
0.0
0.4381310333333333
0.6573312666666667
1.3060646999999999
5.703843066666667
1.5
