
9.298190233333333
9.5022525
0.0
0.1497077
0.6191828666666667
2.9288136666666666
5.954255966666667
1.3043478260869565

8.5344432
8.560296766666667
0.0
0.09273403333333334
0.456135
2.6216876
5.482474166666667
1.4090909090909092

9.264158233333333
9.457203666666667
0.0
0.1360699333333333
0.6241207333333333
4.6976583
4.135424633333333
1.5

8.482559766666668
8.5526403
0.0
0.2820435
0.5850212666666668
2.0799613333333333
5.8876577
1.5

7.984096366666666
8.058250866666667
0.0
0.34832893333333337
1.3066196
1.9203632666666666
4.831268
1.5

6.3794583
6.624380733333333
0.0
0.1514064333333333
0.5454554333333334
2.2309468999999997
3.8479783999999997
1.45

9.395387099999999
9.371601333333334
0.0
0.26354940000000004
0.6011523000000001
2.515920566666667
6.254528466666667
1.5789473684210527

7.512299633333334
7.52472
0.0
0.10907803333333334
0.18003153333333333
3.6467842999999998
3.6979041666666665
1.5

8.021683466666667
7.9338061
0.0
0.2403266
0.2226157
3.918727933333333
3.7924624666666666
1.5

5.812774666666667
5.867121633333333
0.0
0.09309260000000001
0.20327479999999998
2.4087074
3.255139433333333
1.5
