
10.069591733333333
10.414959633333332
0.0
0.1854226
0.7011943
4.209709133333334
5.5040562
1.3043478260869565

8.204977766666667
8.290855066666666
0.0
0.14047786666666667
0.39412813333333335
2.901158033333333
4.9955689
1.4090909090909092

9.937559966666667
8.4833612
0.0
1.5625451333333333
0.19125836666666668
3.460348466666667
4.831754366666666
1.5789473684210527

7.606763633333334
7.636746566666666
0.0
0.0961491
0.30092993333333334
2.1903411666666663
5.145475466666666
1.5

9.9544754
9.839977233333332
0.0
0.5746762
0.5797852666666667
0.7177649
8.542427066666667
1.5

6.627538533333333
6.0647354
0.0
0.7898700666666667
0.3596055
1.3142993333333333
4.390830566666667
1.5263157894736843

7.2844758
7.2163521
0.0
0.28710820000000004
0.42733509999999997
1.2999759666666666
5.489041033333333
1.5789473684210527

7.734982400000001
7.5980837
0.0
0.3522685333333333
0.6073578666666667
2.9919524666666666
3.9987733666666667
1.5

9.8902774
10.068964733333333
0.0
0.23660213333333333
0.5877102666666667
1.4083610666666666
8.0728934
1.5

7.2650782666666665
7.483654666666667
0.0
0.22211916666666665
0.6648908333333333
0.39950179999999996
6.419262033333333
1.5
