
9.373043633333333
9.605061533333334
0.0
0.16750283333333335
0.5728562333333332
2.8196654666666667
6.212539833333333
1.3043478260869565

8.388561233333334
8.528019033333333
0.0
0.17804316666666667
0.5583693333333334
2.642321466666667
5.327328233333334
1.4090909090909092

8.251044166666667
8.2617028
0.0
0.10499436666666667
0.2240166
3.217219066666667
4.8204671333333335
1.5

7.8656786
7.862379633333334
0.0
0.1523814
0.31316716666666666
2.3682228999999997
5.180989566666667
1.5

7.8356096
7.720142966666667
0.0
0.30277493333333333
0.2768403
2.2992692666666668
5.1440334000000005
1.5

8.0420587
8.091687066666667
0.0
0.1433511
0.4492737
1.5395130333333333
6.102900333333333
1.45

6.936529366666666
6.984173966666667
0.0
0.17321176666666666
0.5214563666666666
1.9844739
4.4782437
1.5789473684210527

6.910062833333333
6.864744966666667
0.0
0.11761946666666666
0.24285310000000002
1.8345049
4.787386966666666
1.5

7.9495532
8.009466966666666
0.0
0.22118770000000001
0.36502783333333333
1.3165952333333335
6.3278439
1.5

7.997888633333334
7.890312166666667
0.0
0.6886211333333333
0.6440334666666667
0.29945563333333336
6.946823066666666
1.5
