
9.747728566666666
9.872465466666666
0.0
0.2529552666666667
0.5782700666666667
3.9153474666666668
5.378847933333334
1.3043478260869565

9.1208631
9.263086300000001
0.0
0.1199963
0.8182864333333334
4.1030102
4.341789666666667
1.4090909090909092

8.258087766666666
8.190645866666665
0.0
0.3542635
0.42514926666666664
1.7193616333333333
6.046134966666667
1.5

7.844895833333333
7.9244331
0.0
0.15588526666666666
0.3285382
2.3595585333333333
5.2363363666666665
1.5

7.564332366666666
7.3541599
0.0
0.3661472
0.22550516666666665
2.5574719666666668
4.5711827666666665
1.5

7.445296533333333
7.5186947
0.0
0.0859832
0.35849886666666664
2.648658433333333
4.511537400000001
1.45

6.563008900000001
6.6775074000000005
0.0
0.07461866666666667
0.33638593333333333
2.4704105666666667
3.8707108999999997
1.5789473684210527

6.8823348
6.910779166666667
0.0
0.055096
0.24605513333333334
3.2719310666666668
3.3927929666666667
1.5

6.896241666666667
6.922040633333334
0.0
0.0621069
0.17313573333333335
1.7005569333333332
5.048347966666666
1.5

7.005895366666667
7.038614933333333
0.0
0.05669556666666667
0.1606878
1.9028813666666666
4.975045766666667
1.5
