
9.871373066666667
9.988587833333334
0.0
0.12066513333333333
0.3596618
3.5231088333333336
6.105817200000001
1.3043478260869565

8.9097131
8.8725161
0.0
0.21490413333333333
0.7273197333333333
3.1534743333333335
4.991722033333334
1.4090909090909092

8.509186966666666
8.528737366666666
0.0
0.14338096666666666
0.2547530333333333
2.559887633333333
5.7140967
1.5

7.775949166666667
7.805098566666667
0.0
0.14223743333333333
0.32742136666666666
1.6558638333333333
5.8218133666666665
1.5

8.500133133333334
8.652896766666668
0.0
0.290701
0.5852163
0.6202154666666667
7.447465
1.5

7.085047433333334
7.133141166666667
0.0
0.10670616666666667
0.32215926666666667
2.0482450666666665
4.762736833333333
1.45

6.858774333333333
6.9499216666666666
0.0
0.08945739999999999
0.3411767
2.0089356
4.599809366666666
1.5789473684210527

7.935598733333333
7.813986866666666
0.0
0.2614728666666667
0.40012593333333335
2.2919650333333332
5.1218959
1.5

7.127740566666667
7.140998033333333
0.0
0.14943636666666668
0.24864363333333334
1.8650586999999998
5.0272957
1.5

7.3498706
7.386919533333333
0.0
0.204734
0.5462830333333333
1.5576507333333334
5.282985766666666
1.5
