
9.154229533333334
9.345596866666668
0.0
0.11239583333333333
0.4999325333333333
3.2120965
5.633567833333333
1.3043478260869565

8.775929433333333
8.828317199999999
0.0
0.197268
0.6107937333333333
2.244254933333333
5.973268533333333
1.4090909090909092

8.197264
8.045382066666667
0.0
0.24357479999999998
0.40162963333333335
2.2630529666666668
5.380699466666667
1.5

7.828008733333333
7.774044233333333
0.0
0.16277783333333334
0.3942409
1.7959758666666668
5.5838274666666665
1.5

7.343408766666666
7.561417833333333
0.0
0.10438846666666667
0.7268034333333333
2.4539828666666668
4.380631533333333
1.5

7.1551407000000005
7.2627557000000005
0.0
0.17583466666666667
0.7512397666666667
2.179174066666667
4.332341866666666
1.45

6.750227633333334
6.8975230666666665
0.0
0.0846567
0.47210383333333333
1.7957349666666667
4.629684266666667
1.5789473684210527

6.8763716666666665
6.860437433333334
0.0
0.10639353333333335
0.25875136666666665
2.182664533333333
4.419021533333333
1.5

6.6186848
6.648113400000001
0.0
0.05458983333333334
0.19430370000000002
1.6361123999999998
4.8176973
1.5

6.994130266666667
6.950450833333333
0.0
0.10135216666666667
0.13413546666666668
1.8096298666666668
5.0066855
1.5
