
9.485834666666666
9.741157366666668
0.0
0.24532246666666668
0.6256189666666667
2.8243392666666667
6.2911991333333335
1.3043478260869565

8.659295933333334
8.427414733333332
0.0
0.36689156666666667
0.24458073333333333
2.4736897333333334
5.709144266666667
1.4090909090909092

8.345123433333333
8.314748266666667
0.0
0.1588826
0.38573196666666665
2.8177869666666666
5.111229333333333
1.5

7.815366200000001
7.816684133333334
0.0
0.20803543333333332
0.4220817
2.0648112
5.329791233333333
1.5

7.848137033333333
7.8258255666666665
0.0
0.09780373333333334
0.14877136666666668
2.7200803
4.9569739
1.5

7.854658166666667
7.818560633333334
0.0
0.15946739999999998
0.3335713
2.258076
5.226913333333333
1.45

6.6692358
6.729870200000001
0.0
0.09453466666666667
0.4581152333333333
1.9100565666666667
4.361698400000001
1.5789473684210527

6.9206881
6.935726833333333
0.0
0.06854276666666666
0.15388546666666666
2.0663397333333333
4.715501633333334
1.5

8.044290633333334
7.884897
0.0
0.2790876
0.2427906
3.1381022
4.5040042
1.5

7.450361433333334
7.473330099999999
0.0
0.0652766
0.13988416666666667
2.422462
4.910983933333333
1.5
