
9.361326400000001
9.468620966666666
0.0
0.12207346666666666
0.35632579999999997
3.483987
5.628308166666667
1.3043478260869565

9.0229445
9.070213433333334
0.0
0.10883846666666666
0.28493270000000004
3.409601133333333
5.3756796
1.4090909090909092

8.194498033333334
8.311732433333333
0.0
0.10118723333333333
0.3175966666666667
2.8379478333333337
5.156187933333333
1.5

7.7198186
7.578630933333334
0.0
0.37114463333333336
0.3088435
2.5308912
4.7388962333333335
1.5

7.088633166666667
7.338690566666666
0.0
0.10767943333333334
0.6525327
2.5803978666666665
4.10576
1.5

8.466550633333332
8.330312133333333
0.0
0.38121773333333336
0.4484942
2.235606033333333
5.6462119
1.45

8.4748559
8.574838466666666
0.0
0.5572096999999999
0.7528716999999999
0.7516012333333333
7.070365533333333
1.5789473684210527

6.1357146
6.237919433333333
0.0
0.06126496666666667
0.32536926666666666
1.6759055333333335
4.236644633333333
1.5

6.8038428
6.8215638
0.0
0.1548021
0.2777174333333334
1.5438273999999998
5.000018966666667
1.5

6.884396866666666
6.878288666666667
0.0
0.09126730000000001
0.12361653333333333
1.664865
5.089807133333334
1.5
