
9.851858400000001
9.913247666666667
0.0
0.19643443333333332
0.34869696666666666
4.349720766666667
5.214829933333333
1.3043478260869565

9.497915633333333
9.708667033333333
0.0
0.37729936666666664
1.0824994
1.9998780666666667
6.626289566666666
1.4090909090909092

9.445739866666667
8.7404295
0.0
1.1436333666666667
1.0609273000000001
2.1402506666666663
5.539251533333333
1.5

7.029001366666666
7.616736433333333
0.0
0.13298163333333332
0.923493
2.5660795666666667
4.127163866666667
1.5

7.3935438
7.3267893
0.0
0.24982786666666668
0.2973533666666666
2.630532933333333
4.398903
1.5

7.0345818
6.968339066666666
0.0
0.1739821
0.24030166666666666
2.1426027333333333
4.585434666666667
1.45

6.814147666666667
6.836307733333333
0.0
0.09369286666666667
0.3262758
1.5608682333333335
4.949163700000001
1.5789473684210527

6.720982
6.761966166666667
0.0
0.05250356666666667
0.1512479
1.8920593
4.718658966666667
1.5

6.8823509666666665
6.939384366666666
0.0
0.14828163333333333
0.2934985666666666
2.5415111
4.1043747
1.5

7.060034900000001
7.061643
0.0
0.08715436666666666
0.11650226666666666
1.8105652666666665
5.134575466666667
1.5
