
10.387678166666666
10.600634
0.0
0.2315577
1.0547249666666665
4.714072266666666
4.831836766666666
1.3043478260869565

8.658641733333333
8.735392766666667
0.0
0.1816794
0.4422646666666667
3.2056118
5.0875163
1.4090909090909092

8.254899433333334
8.156628233333333
0.0
0.2186669333333333
0.29730466666666666
2.4437276666666663
5.4155959000000005
1.5

7.873638833333333
7.908873166666667
0.0
0.15566770000000002
0.35963113333333335
2.0898846333333334
5.4593574
1.5

7.9674145
7.597775266666667
0.0
0.6169834000000001
0.4966224
2.4789485
4.622204366666666
1.5

9.270945866666667
8.994066666666667
0.0
0.5524676666666666
0.4526601666666667
1.9956919333333334
6.545714566666667
1.45

7.215706333333333
7.296124066666667
0.0
0.14763643333333332
0.3332893
3.4629327333333335
3.499902033333333
1.5789473684210527

6.6440342333333335
6.6598038
0.0
0.2849044333333334
0.4421721333333334
2.2267829
3.9908487666666668
1.5

7.006171066666666
7.120875666666667
0.0
0.1348159
0.33043563333333337
2.355318066666667
4.435121966666666
1.5

7.395513233333333
7.3815512000000005
0.0
0.08539473333333333
0.22014663333333334
2.1492342333333334
5.012170333333333
1.5
