
9.408962633333333
9.441996066666666
0.0
0.19084710000000002
0.3363525
3.003044733333333
6.102598833333333
1.3043478260869565

8.875056599999999
8.8682761
0.0
0.26929793333333335
0.32943093333333334
2.452674
6.086171166666667
1.4090909090909092

9.498551699999998
9.527029466666667
0.0
0.48558476666666667
0.751562
1.5999206333333333
7.175546833333333
1.5

9.113412033333333
9.0884528
0.0
0.23356076666666667
0.6983323333333333
2.967003566666667
5.4231169
1.5

7.159136333333333
7.303069333333333
0.0
0.07988106666666667
0.4048427
2.5642245
4.334002133333334
1.5

7.646674666666667
7.488484933333334
0.0
0.2304787
0.15224576666666667
2.706332933333333
4.629906233333333
1.45

6.814733833333333
6.880270566666667
0.0
0.058390866666666666
0.2570233333333333
2.0296207333333336
4.5936265
1.5789473684210527

6.611076766666667
6.6073610333333335
0.0
0.06087493333333333
0.20722863333333333
1.64721
4.7529224
1.5

7.1045915
7.119418633333334
0.0
0.07508716666666668
0.37202759999999996
1.6585137666666665
5.088877266666667
1.5

7.5963892
7.613613566666666
0.0
0.13134389999999999
0.23120266666666667
2.3614013666666667
5.021009533333333
1.5
