
8.7840804
9.090022366666668
0.0
0.1617897
0.6199935999999999
3.374938766666667
5.09509
1.3043478260869565

8.925563766666668
8.963174633333333
0.0
0.16037706666666668
0.6466854000000001
2.3242851333333334
5.9922040999999995
1.4090909090909092

7.868104833333333
7.871106733333334
0.0
0.14562703333333332
0.4095926
1.9665971666666668
5.494916966666667
1.5

8.3673128
8.417430466666667
0.0
0.28770803333333334
0.4705284666666667
2.0980764
5.8488256
1.5

8.4096913
8.3078068
0.0
0.7036910666666667
0.7690300999999999
1.3897669333333333
6.1490097666666665
1.5

7.9643502999999995
7.818576
0.0
0.3318697
0.35176579999999996
2.875125
4.591685200000001
1.45

6.890432766666667
7.025290066666666
0.0
0.10749786666666666
0.36954586666666667
2.0727280666666665
4.5830161333333335
1.5789473684210527

6.4971749
6.5065127
0.0
0.060696933333333335
0.2546399
1.6638693999999998
4.588003400000001
1.5

7.3362973
7.2807225
0.0
0.21280833333333335
0.4154616666666667
1.6586821
5.206578733333333
1.5

7.7261625333333335
7.841477766666666
0.0
0.3456476666666667
0.6439817
1.2805589333333334
5.916937133333334
1.5
