
9.357391133333333
9.5886482
0.0
0.1889605666666667
0.6181802333333333
3.4119306666666667
5.5585373
1.3043478260869565

8.837437933333334
9.0156181
0.0
0.08224786666666667
0.47940773333333336
4.963337633333333
3.5728727333333334
1.4090909090909092

8.438149466666667
8.422207233333333
0.0
0.23009716666666666
0.463639
2.3406014666666666
5.617966766666666
1.5

7.496953266666667
7.484692333333333
0.0
0.15334833333333334
0.3092056666666667
2.493932033333333
4.6815546333333335
1.5

7.422455033333333
7.269771400000001
0.0
0.29978963333333336
0.2595856
2.3365507666666665
4.673635033333333
1.5

7.0310075
7.048269633333334
0.0
0.1811629
0.4122995333333333
2.1264391333333332
4.5095309666666665
1.45

6.949840633333333
6.9769404
0.0
0.1389141
0.3326044
1.7271993333333333
4.917136666666667
1.5789473684210527

6.884799
6.804304966666667
0.0
0.19166916666666667
0.6748621333333333
1.9188614333333334
4.210581400000001
1.5

7.348995966666667
7.348647833333333
0.0
0.2740448333333333
0.5305966999999999
1.6040758666666668
5.213975266666667
1.5

6.983981099999999
7.013999333333333
0.0
0.0547023
0.13046003333333334
1.9344935333333335
4.949045766666667
1.5
