
10.988654633333333
11.266184233333332
0.0
0.41542756666666664
0.8261043333333333
3.0437911333333334
7.396288766666666
1.3043478260869565

9.9514569
10.7806176
0.0
0.7299534666666667
1.6534476333333332
0.46137943333333337
8.665790533333332
1.4090909090909092

12.514665766666667
12.096644633333332
0.0
1.2206344
0.8716740333333334
0.4269925333333333
10.797978066666666
1.5

8.754389566666667
8.763068366666667
0.0
0.5364030333333333
1.1287765666666667
0.6301358666666667
7.004155933333333
1.5

5.7087876
5.754250033333333
0.0
0.13253063333333334
0.2515035666666667
2.0768456
3.425900866666667
1.5

8.479117233333332
8.5658305
0.0
0.49873103333333335
0.7708693333333334
0.5680286666666666
7.2269325
1.45

9.190507166666666
9.282740033333333
0.0
0.3891531
0.9199635666666667
1.9542833333333332
6.408493133333334
1.5789473684210527

10.604107433333333
10.660706300000001
0.0
0.10728696666666666
0.3027187333333333
5.053568366666666
5.3044192
1.5

10.8410968
10.895150433333333
0.0
0.10702189999999999
0.3045327666666667
6.038385166666667
4.5522325
1.5

4.798655433333334
4.8428511
0.0
0.06493016666666666
0.1395448
2.1707052666666664
2.532601033333333
1.5
