
9.356805766666668
10.0332171
0.0
0.21252520000000003
1.1327237333333333
3.679006
5.221487366666667
1.3043478260869565

9.390156633333334
9.693910766666667
0.0
0.1559465
1.1419597666666665
3.7602514
4.791699599999999
1.4090909090909092

7.381916133333334
7.476328400000001
0.0
0.17210016666666667
0.38618953333333333
2.6332446333333333
4.456894233333333
1.5

7.848565733333333
8.296144466666666
0.0
0.2956732
0.8564733
1.4270298333333333
6.012641333333333
1.5

7.575309633333334
7.637419833333333
0.0
0.16326866666666665
0.2930605333333333
2.8870057
4.457353599999999
1.5

7.817700633333334
7.7365341333333335
0.0
0.1938445666666667
0.28981490000000004
1.8675386333333333
5.5791806
1.45

6.861480266666667
6.8816405
0.0
0.15268126666666668
0.30293953333333334
1.9906841333333334
4.588016833333333
1.5789473684210527

7.443529766666667
7.4738055
0.0
0.15633066666666665
0.33821286666666667
1.3736936333333334
5.761899
1.5

6.890318433333333
6.862399266666666
0.0
0.11198716666666667
0.2765743
1.7246030666666667
4.8612219
1.5

6.9462099
6.9826874666666665
0.0
0.060547533333333334
0.1519314333333333
2.0442683
4.786487733333334
1.5
