
9.548276333333334
9.7041014
0.0
0.10820673333333333
0.32625693333333333
3.3335111666666664
6.0443333
1.3043478260869565

8.817475166666666
9.186257166666666
0.0
0.14045036666666666
1.0155905
3.665624433333333
4.5050422333333335
1.4090909090909092

7.821564733333333
7.864175633333334
0.0
0.09572953333333334
0.4619749
2.0264733
5.375727433333333
1.5

7.473023966666667
7.505762366666667
0.0
0.2754291
0.5218716666666667
0.9052038666666667
6.078686833333333
1.5

8.052192933333334
8.019229366666666
0.0
0.18996176666666667
0.20579393333333332
2.3115886
5.5018468333333335
1.5

7.709782333333333
7.6904175
0.0
0.13031113333333333
0.2366574
1.9362230666666667
5.517537033333333
1.45

6.796285833333333
6.831750466666667
0.0
0.1575859666666667
0.4862358666666666
1.2959958
5.0495187999999995
1.5789473684210527

6.759295099999999
6.807166633333334
0.0
0.08049743333333334
0.28905126666666664
1.9241611666666667
4.5939542
1.5

6.6236934666666665
6.816990833333333
0.0
0.11348763333333334
0.4475074
2.0625641666666668
4.306919266666666
1.5

7.328792633333334
7.434632233333334
0.0
0.28325633333333333
0.5280259666666667
1.4528880666666666
5.4537182
1.5
