
41.820224079999996
32.01641764
9.56133851
0.24246793
0.9116532900000001
20.563286379999997
10.54147797
4.809523809523809

38.93693657
31.286509170000002
7.49032634
0.16010106
0.7190174
20.11577118
10.451720589999999
5.0

37.89148349
31.16511643
6.62342941
0.10293764999999999
0.38058646999999995
20.36979508
10.414734880000001
5.0

38.716019630000005
31.18172621
7.43259222
0.10170119999999999
0.3541502
20.40470789
10.422868119999999
5.0

38.63988025
31.16175214
7.3469919599999995
0.13113615
0.40230187
20.35805382
10.40139645
5.0

40.32124307
32.25840558
7.94167943
0.12115806
1.51666578
20.33292418
10.408815619999999
5.0

38.63506373
30.96142568
7.59495688
0.07868117
0.29336505
20.28740989
10.38065074
5.0

38.736044299999996
30.99157515
7.6587641799999995
0.08570497
0.35848873
20.249357170000003
10.38372925
5.0

38.51301804
31.1175855
7.2930615
0.10237104
0.32005781
20.393325129999997
10.40420256
5.0

38.725013
31.01445369
7.562758980000001
0.14780032999999998
0.28336153999999997
20.372702370000003
10.35838978
4.95
