
22.02502968
21.52702141
0.0
0.6674991899999999
0.22114641000000002
10.66286047
10.643014529999999
4.809523809523809

21.040790329999997
20.991890010000002
0.0
0.12810684
0.13280533
10.40081784
10.45826684
5.0

20.89140666
20.84159404
0.0
0.09870503
0.08525627000000001
10.36946146
10.38687631
5.0

21.015856449999998
20.95702498
0.0
0.11390304
0.09046678999999999
10.353736029999999
10.51282216
5.0

20.94202464
20.86967368
0.0
0.12452450999999999
0.08679722
10.367040099999999
10.41583636
5.0

20.79606395
20.75309034
0.0
0.08555077999999999
0.06915186999999999
10.3213959
10.36254257
5.0

20.76225293
20.72392411
0.0
0.07487764
0.05721865
10.29920111
10.367504349999999
5.0

20.73350295
20.71049063
0.0
0.05943032
0.05675167
10.27926496
10.374474
5.0

20.91492212
20.887283649999997
0.0
0.07433774
0.06880675
10.39665119
10.42182571
5.0

20.79241511
20.77131827
0.0
0.060668839999999995
0.058374550000000004
10.352805179999999
10.36013854
4.95
