
21.747880679999998
21.74054577
0.0
0.17949754
0.23212274
11.4156884
10.09273463
4.809523809523809

21.10032405
21.03170616
0.0
0.14553332
0.14068508
10.405563710000001
10.485457369999999
5.0

20.98598759
20.93749088
0.0
0.11059016
0.10611321
10.40866739
10.422710279999999
5.0

20.90396139
20.853466989999998
0.0
0.10423497999999999
0.15104403
10.29812982
10.40429314
5.0

20.95403903
20.86206337
0.0
0.15108123
0.09808944
10.34205498
10.421918949999998
5.0

20.84218138
20.79915353
0.0
0.0954165
0.09518971000000001
10.29041552
10.4135483
5.0

20.818296359999998
20.75917118
0.0
0.105632
0.09636563000000001
10.285106970000001
10.37769858
5.0

20.81186144
20.767889850000003
0.0
0.09062624000000001
0.0763069
10.27594623
10.41563672
5.0

20.8589652
20.803728170000003
0.0
0.1048582
0.08847783000000001
10.28693982
10.42831052
5.0

20.7514498
20.711033309999998
0.0
0.09040055999999999
0.12717934
10.203661929999999
10.380192039999999
4.95
