
21.58413074
21.588225350000002
0.0
0.14951688
0.36349538
10.78114115
10.44358882
4.809523809523809

21.04277159
20.98401275
0.0
0.1323819
0.13266387
10.362702220000001
10.48864666
5.0

20.890109239999997
20.84093622
0.0
0.104193
0.09669776
10.3345608
10.40967766
5.0

20.89211471
20.84119275
0.0
0.1106147
0.10846525
10.32163902
10.41108848
5.0

20.880755269999998
20.82906288
0.0
0.10523427
0.16805261999999999
10.22915559
10.43185467
5.0

20.851844510000003
20.80348976
0.0
0.09660492
0.08211271
10.30675928
10.41461777
5.0

20.831380059999997
20.79215008
0.0
0.07792478
0.06119651
10.291341730000001
10.43961184
5.0

20.749310920000003
20.73446087
0.0
0.06446661000000001
0.07641255000000001
10.256819890000001
10.40122843
5.0

20.85998078
20.82815944
0.0
0.08260132
0.08480019
10.33732709
10.40603216
5.0

20.72040364
20.69289785
0.0
0.07991819
0.07979924000000001
10.22355606
10.389542550000002
4.95
