
21.217146760000002
21.2701652
0.0
0.12893361
0.24158904
10.27701334
10.75156282
4.809523809523809

20.986324829999997
20.94455275
0.0
0.10644258999999999
0.11858845
10.35336816
10.47259614
5.0

20.877658190000002
20.84165691
0.0
0.08511884
0.09323458999999999
10.35561801
10.39280431
5.0

20.86110204
20.814151260000003
0.0
0.09342038000000001
0.07999711999999999
10.33309814
10.401056
5.0

20.826890329999998
20.76415363
0.0
0.09908169
0.061264349999999995
10.29875643
10.40413285
5.0

20.80324511
20.762738329999998
0.0
0.07881064
0.0608057
10.342778150000001
10.35915448
5.0

20.72063218
20.69033266
0.0
0.07021817999999999
0.059331379999999996
10.269446310000001
10.36155497
5.0

20.744111219999997
20.723536329999998
0.0
0.06084175
0.06435879
10.317036289999999
10.34214125
5.0

20.79324882
20.773507809999998
0.0
0.06174972
0.06548212
10.353000710000002
10.35502498
5.0

20.75350801
20.716440010000003
0.0
0.07670534
0.05888546
10.31563716
10.34191739
4.95
