
21.58568259
21.57280458
0.0
0.16254053
0.39601588
10.55382394
10.62296476
4.809523809523809

21.09436326
21.0371338
0.0
0.12286244
0.13160252
10.38289522
10.52263606
5.0

20.92879752
20.89083827
0.0
0.09475345
0.09408514999999999
10.36823678
10.42851634
5.0

20.8925044
20.84594811
0.0
0.09432894
0.08680505000000001
10.83303067
9.92611239
5.0

20.9383826
20.85946173
0.0
0.13570254999999998
0.08671931
10.33426633
10.43847609
5.0

20.82896248
20.7791606
0.0
0.09117987
0.06334994000000001
10.31932468
10.39648598
5.0

20.78436486
20.75701064
0.0
0.06344087999999999
0.05598338
10.288634009999999
10.41239325
5.0

20.75020557
20.72541045
0.0
0.06383116999999999
0.059007449999999996
10.295887789999998
10.37051521
5.0

20.82063886
20.78961194
0.0
0.06909935
0.06360305000000001
10.366197470000001
10.35981142
5.0

20.8116757
20.79937963
0.0
0.0542767
0.06138242
10.33725168
10.40074553
4.95
