
21.34404524
21.35607504
0.0
0.16004325
0.26247701
10.331879619999999
10.76171841
4.809523809523809

21.00683853
20.95012637
0.0
0.13159564
0.13013339999999998
10.37488011
10.44511286
5.0

20.957340170000002
20.90914861
0.0
0.1164318
0.11501974000000001
10.31234582
10.48178305
5.0

20.91759899
20.814646149999998
0.0
0.16254666
0.10171999000000001
10.29555156
10.4173746
5.0

20.860029079999997
20.79139254
0.0
0.11534364999999999
0.07890052
10.29827676
10.41421526
5.0

22.0918968
22.026817440000002
0.0
0.12371984
0.09072994000000001
11.543315130000002
10.39277237
5.0

20.80638528
20.76613045
0.0
0.09099116
0.07513642999999999
10.284478779999999
10.406515240000001
5.0

20.74053297
20.703236320000002
0.0
0.08666285
0.07364611
10.26327918
10.366311029999999
5.0

20.81453566
20.77014886
0.0
0.09019703
0.07215872999999999
10.31877061
10.37921952
5.0

20.69311273
20.66514775
0.0
0.082587
0.08302139
10.24197485
10.34015151
4.95
