
21.62136847
21.62834437
0.0
0.13764189999999998
0.70597419
10.320953359999999
10.60141682
4.809523809523809

20.98299268
20.935058390000002
0.0
0.11093349000000001
0.33388435
10.16621528
10.434958759999999
5.0

20.86852063
20.83017593
0.0
0.09208203
0.10450645
10.30026551
10.425403970000001
5.0

21.35554879
21.31419395
0.0
0.08725631
0.08112906
10.353201689999999
10.879863199999999
5.0

20.85591504
20.79772082
0.0
0.10192113
0.06824587
10.3169135
10.41256145
5.0

20.84638823
20.813582
0.0
0.07835791
0.068385
10.37034071
10.374856289999999
5.0

20.74529026
20.709600769999998
0.0
0.07691439
0.0619604
10.28527657
10.3623638
5.0

20.75476386
20.71852909
0.0
0.07505006
0.059735800000000006
10.300192039999999
10.35860125
5.0

20.786456859999998
20.764755190000002
0.0
0.06102803
0.06261342
10.42705855
10.27508322
5.0

20.74165947
20.71530771
0.0
0.06564584
0.05857176
10.29307065
10.363665300000001
4.95
