
0.1769515
0.0327358
-0.6598461
0.6925819
0.1442157
1.0

0.14601429999999999
0.055082599999999995
-0.4214981
0.4765807
0.09093169999999999
1.0

0.2251413
0.1077452
-0.4532955
0.5610407
0.1173961
1.0

0.12531789999999998
0.0301857
-0.6395148
0.6697005
0.0951322
1.0

0.2361115
0.1108417
-0.4174573
0.528299
0.12526980000000001
1.0

0.1091934
0.029721400000000002
-0.34813890000000003
0.3778603
0.079472
1.0

0.0890705
0.019732799999999998
-0.3032052
0.322938
0.0693377
1.0

0.07873619999999999
0.0178145
-0.2936503
0.3114648
0.060921699999999995
1.0

0.1374744
0.07678610000000001
-0.30594709999999997
0.3827332
0.0606883
1.0

0.0772273
0.017440599999999997
-0.2822003
0.29964090000000004
0.0597867
1.0
