
18.8614635
18.554578199999998
3.9214295
14.6331487
0.30688529999999997
1.0

19.5324075
18.3731687
3.1944698
15.1786989
1.1592388
1.0

17.324709300000002
17.2500162
3.313175
13.9368412
0.07469310000000001
1.0

19.2676394
19.160376399999997
4.1282491
15.0321273
0.107263
1.0

20.7009468
20.1992612
2.7620457000000003
17.4372155
0.5016856
1.0

18.956327100000003
18.684705899999997
3.5774911
15.107214800000001
0.2716212
1.0

20.427950199999998
20.0055722
3.9610404
16.0445318
0.422378
1.0

21.600022199999998
20.8523527
5.2909572
15.5613955
0.7476695
1.0

21.377721100000002
20.6046957
4.943234599999999
15.6614611
0.7730254
1.0

25.4887919
25.249480600000002
7.4521977999999995
17.7972828
0.23931129999999998
1.0
