
0.2883735
0.0502006
-1.5260683000000002
1.5762688999999999
0.2381729
1.0

0.14868689999999998
0.060837
-0.4284748
0.48931179999999996
0.0878499
1.0

0.1868338
0.0781408
-0.48956679999999997
0.5677076
0.108693
1.0

0.4291138
0.2950318
-0.700074
0.9951058
0.134082
1.0

0.3140208
0.1851422
-0.6057615
0.7909037
0.1288786
1.0

0.5218709
0.4430988
-0.3571958
0.8002946
0.07877210000000001
1.0

0.0757977
0.0192218
-0.3299121
0.3491339
0.0565759
1.0

0.07743889999999999
0.0189684
-0.324004
0.3429724
0.0584705
1.0

0.138843
0.018274099999999998
-0.3372815
0.35555559999999997
0.12056889999999999
1.0

0.0751149
0.017214200000000002
-0.324697
0.3419112
0.0579007
1.0
