
0.18076479999999998
0.033286
-0.6640223000000001
0.6973083
0.1474788
1.0

0.1901871
0.11649989999999999
-0.3539835
0.4704834
0.0736872
1.0

0.195193
0.11570760000000001
-0.4632812
0.5789888000000001
0.0794854
1.0

0.16807829999999999
0.0792232
-0.46797540000000004
0.5471986
0.0888551
1.0

0.1729342
0.08436010000000001
-0.3821198
0.4664799
0.0885741
1.0

0.0898443
0.0243225
-0.364875
0.3891975
0.0655218
1.0

0.0735395
0.017297
-0.3086421
0.3259391
0.0562425
1.0

0.07036780000000001
0.0173246
-0.2880616
0.3053862
0.0530432
1.0

0.1389724
0.08322310000000001
-0.2954456
0.3786687
0.0557493
1.0

0.0591833
0.0142652
-0.2651958
0.279461
0.044918099999999996
1.0
