
0.2021181
0.040546
-0.9362796
0.9768256
0.1615721
1.0

0.115446
0.0285369
-0.3627938
0.39133070000000003
0.0869091
1.0

0.1713755
0.07142380000000001
-0.4607676
0.5321914
0.09995169999999999
1.0

0.3928417
0.27392540000000004
-0.3900094
0.6639348
0.1189163
1.0

0.1939168
0.05722
-0.4537136
0.5109336
0.13669679999999998
1.0

0.3925933
0.3047825
-0.3703252
0.6751077
0.08781080000000001
1.0

0.1194936
0.0233118
-0.3307406
0.35405240000000004
0.0961818
1.0

0.0900024
0.021038599999999998
-0.2821201
0.3031587
0.0689638
1.0

0.1073506
0.022180599999999998
-0.30016970000000004
0.3223503
0.08517
1.0

0.1295355
0.0218828
-0.31802220000000003
0.339905
0.1076527
1.0
