
0.18278429999999998
0.031278099999999996
-0.7734988
0.8047769
0.1515062
1.0

0.1328703
0.0525631
-0.36493
0.41749309999999995
0.0803072
1.0

0.215739
0.1188916
-0.39333409999999996
0.5122257
0.0968474
1.0

0.3245476
0.2219732
-0.4139055
0.6358786999999999
0.1025744
1.0

0.1935196
0.063372
-0.36059979999999997
0.4239718
0.1301476
1.0

0.0766384
0.018603
-0.2448314
0.2634344
0.0580354
1.0

0.12692910000000002
0.0491764
-0.5988770999999999
0.6480535
0.0777527
1.0

0.0668138
0.017718
-0.2140598
0.23177779999999998
0.0490958
1.0

0.066139
0.016331
-0.2216187
0.23794970000000001
0.049808
1.0

0.1181026
0.014042899999999999
-0.2059425
0.2199854
0.10405969999999999
1.0
