
0.16011
0.0338795
-0.6644846
0.6983640999999999
0.1262305
1.0

0.1389836
0.0719892
-1.0170297
1.0890189
0.0669944
1.0

0.15657010000000002
0.0838976
-0.3705934
0.454491
0.0726725
1.0

0.32985390000000003
0.2428675
-0.3981617
0.6410292
0.08698639999999999
1.0

0.199915
0.13379229999999998
-0.29123459999999995
0.42502690000000004
0.06612269999999999
1.0

0.6557764
0.6021829000000001
-0.2288589
0.8310418
0.0535935
1.0

0.06543840000000001
0.0167603
-0.2239805
0.24074079999999998
0.0486781
1.0

0.061078400000000005
0.015767200000000002
-0.2057028
0.22147
0.045311199999999996
1.0

0.0715282
0.021297299999999998
-0.3001992
0.3214965
0.0502309
1.0

0.055709699999999994
0.0130009
-0.1927796
0.2057805
0.042708800000000005
1.0
