
0.1877799
0.0304115
-1.3834814
1.4138929
0.1573684
1.0

0.07630730000000001
0.020593900000000002
-0.27055759999999995
0.2911515
0.0557134
1.0

0.1429635
0.0749353
-0.34467159999999997
0.4196069
0.0680282
1.0

0.2689959
0.1901447
-0.39472440000000003
0.5848691
0.0788512
1.0

0.1601586
0.0983669
-0.31778490000000004
0.41615179999999996
0.0617917
1.0

0.0663575
0.017992099999999997
-0.2371522
0.2551443
0.0483654
1.0

0.0660965
0.0167307
-0.2288629
0.2455936
0.0493658
1.0

0.059884099999999996
0.0159112
-0.213902
0.22981320000000002
0.0439729
1.0

0.066907
0.0182519
-0.5625303
0.5807821999999999
0.0486551
1.0

0.0591988
0.0134702
-0.21007879999999998
0.223549
0.0457286
1.0
