
0.2343614
0.02883
-0.5810953000000001
0.6099253
0.2055314
1.0

0.125992
0.022417700000000002
-1.0568278999999998
1.0792456000000001
0.10357430000000001
1.0

0.1550772
0.0615226
-0.42237220000000003
0.4838948
0.0935546
1.0

0.15754379999999998
0.0829404
-0.6568715
0.7398119000000001
0.0746034
1.0

0.1238466
0.06750969999999999
-0.2967698
0.3642795
0.0563369
1.0

0.3049674
0.2556478
-0.2269471
0.48259490000000005
0.0493196
1.0

0.06961819999999999
0.0255588
-0.22228070000000003
0.2478395
0.0440594
1.0

0.0636402
0.015701299999999998
-0.2003211
0.2160224
0.0479389
1.0

0.0632127
0.015922
-0.2087933
0.22471529999999998
0.0472907
1.0

0.056651
0.0146681
-0.2157974
0.2304655
0.041982900000000004
1.0
