
0.17605379999999998
0.0292145
-0.6783142
0.7075286999999999
0.14683929999999998
1.0

0.1063532
0.0325595
-0.3467085
0.379268
0.0737937
1.0

0.222396
0.0923099
-0.3767454
0.4690553
0.1300861
1.0

0.18117160000000002
0.0861828
-0.39075109999999996
0.4769339
0.0949888
1.0

0.15066179999999998
0.0736531
-0.447996
0.5216491
0.0770087
1.0

0.0743768
0.018187
-0.252971
0.271158
0.056189800000000005
1.0

0.0757302
0.0266644
-0.2315357
0.2582001
0.0490658
1.0

0.0621522
0.0157967
-0.20090639999999998
0.2167031
0.0463555
1.0

0.1078
0.0614645
-0.206823
0.2682875
0.0463355
1.0

0.0548739
0.0129241
-0.19063429999999998
0.2035584
0.0419498
1.0
