
0.1834981
0.0393895
-0.7291451999999999
0.7685346999999999
0.1441086
1.0

0.0986886
0.026842099999999997
-0.3431617
0.3700038
0.0718465
1.0

0.2235251
0.1390351
-0.3931388
0.5321739
0.08449
1.0

0.4456245
0.34786409999999995
-0.3845741
0.7324381999999999
0.0977604
1.0

0.1015456
0.026843099999999998
-0.322499
0.3493421
0.0747025
1.0

0.0866489
0.0214904
-0.2554373
0.2769277
0.0651585
1.0

0.0738251
0.0176792
-0.2303041
0.2479833
0.0561459
1.0

0.059825800000000005
0.0155073
-0.47272
0.4882273
0.0443185
1.0

0.0609108
0.0152475
-0.208415
0.2236625
0.045663300000000004
1.0

0.0619049
0.0142031
-0.201495
0.2156981
0.0477018
1.0
