
0.138855
0.0261068
-0.6121607
0.6382675
0.11274819999999999
1.0

0.3309046
0.019800400000000003
-0.33583440000000003
0.3556348
0.3111042
1.0

0.1699655
0.08582039999999999
-0.3977206
0.483541
0.0841451
1.0

0.1788958
0.1051642
-0.4982183
0.6033825
0.07373160000000001
1.0

0.2153034
0.1380732
-0.34634770000000004
0.48442090000000004
0.0772302
1.0

0.1507927
0.039214900000000004
-0.2518949
0.2911098
0.1115778
1.0

0.0801048
0.0348956
-0.2230289
0.2579245
0.0452092
1.0

0.058054699999999994
0.014736
-0.1970353
0.2117713
0.043318699999999995
1.0

0.06951
0.023287
-0.2221838
0.2454708
0.046223
1.0

0.0546005
0.013459299999999999
-0.1951134
0.2085727
0.041141199999999996
1.0
