
0.1571606
0.0305945
-0.8434592
0.8740536999999999
0.12656610000000001
1.0

0.0918896
0.0217362
-0.3466027
0.3683389
0.07015339999999999
1.0

0.1757009
0.10732739999999999
-0.3877817
0.49510909999999997
0.0683735
1.0

0.1962651
0.0721131
-0.402342
0.47445509999999996
0.124152
1.0

0.1248361
0.0607588
-0.2774942
0.338253
0.0640773
1.0

0.3257682
0.2744325
-0.243173
0.5176055
0.0513357
1.0

0.0736326
0.0263655
-0.22265770000000001
0.2490232
0.0472671
1.0

0.060346199999999996
0.014799
-0.1962326
0.2110316
0.045547199999999996
1.0

0.1083803
0.018991900000000003
-0.2203986
0.2393905
0.08938839999999999
1.0

0.0559866
0.014402100000000001
-0.19424570000000002
0.2086478
0.0415845
1.0
