
0.14908770000000002
0.0276547
-1.2138381999999999
1.2414929
0.121433
1.0

0.0888104
0.0203455
-0.309921
0.3302665
0.0684649
1.0

0.15150160000000001
0.0811676
-0.351334
0.4325016
0.070334
1.0

0.2059071
0.027195900000000002
-0.38443940000000004
0.4116353
0.17871120000000001
1.0

0.1283724
0.066207
-0.3436284
0.4098354
0.0621654
1.0

0.3444799
0.2910066
-0.2414322
0.5324388000000001
0.0534733
1.0

0.0629691
0.0158967
-0.227524
0.24342070000000002
0.0470724
1.0

0.062222099999999995
0.0162244
-0.2098274
0.2260518
0.045997699999999996
1.0

0.2205048
0.1689695
-0.2208779
0.3898474
0.051535300000000006
1.0

0.0576819
0.014418
-0.2134146
0.2278326
0.0432639
1.0
