
0.1420359
0.0288004
-0.9815604
1.0103608
0.1132355
1.0

0.0868727
0.023453599999999998
-0.394528
0.41798159999999995
0.06341909999999999
1.0

0.09713
0.022731599999999998
-0.3992956
0.4220272
0.07439839999999999
1.0

0.2649408
0.1763914
-0.474777
0.6511684
0.0885494
1.0

0.1387324
0.07828489999999999
-0.373396
0.4516809
0.0604475
1.0

0.5121692999999999
0.4516065
-0.3660008
0.8176073
0.0605628
1.0

0.0659265
0.015787799999999998
-0.2886391
0.3044269
0.050138699999999994
1.0

0.061514400000000004
0.015390899999999999
-0.261791
0.27718190000000004
0.0461235
1.0

0.06671730000000001
0.0158118
-0.273631
0.2894428
0.0509055
1.0

0.0568985
0.0135564
-0.2586784
0.2722348
0.0433421
1.0
