
0.1607139
0.028099700000000002
-0.6070006
0.6351003000000001
0.13261420000000002
1.0

0.09551760000000001
0.0223894
-0.3195834
0.34197279999999997
0.07312819999999999
1.0

0.176661
0.0968505
-0.386421
0.4832715
0.0798105
1.0

0.21335479999999998
0.1258284
-0.41118720000000003
0.5370155999999999
0.08752639999999999
1.0

0.24626789999999998
0.135254
-1.0619698
1.1972238
0.1110139
1.0

0.3171286
0.2625312
-0.3113094
0.5738405999999999
0.054597400000000004
1.0

0.0675086
0.0178057
-0.2282843
0.24609
0.0497029
1.0

0.0603768
0.0161542
-0.2140374
0.2301916
0.0442226
1.0

0.1097374
0.0604677
-0.2104311
0.2708988
0.0492697
1.0

0.0524688
0.0133665
-0.1983558
0.2117223
0.0391023
1.0
