
0.30468140000000005
0.0627305
-0.899535
0.9622655
0.2419509
1.0

0.103927
0.04148
-0.3757125
0.4171925
0.062447
1.0

0.0803542
0.025712099999999998
-0.3214278
0.3471399
0.0546421
1.0

0.25983839999999997
0.1694445
-1.7435091
1.9129536
0.0903939
1.0

0.1398268
0.0269407
-0.2660593
0.293
0.1128861
1.0

0.3796983
0.3244543
-0.41549440000000004
0.7399486999999999
0.055244
1.0

0.0689934
0.0165933
-0.2345773
0.2511706
0.0524001
1.0

0.0621101
0.0161794
-0.2003895
0.21656889999999998
0.0459307
1.0

0.1682287
0.06728210000000001
-0.2104282
0.27771029999999997
0.10094660000000001
1.0

0.0676049
0.0173979
-0.1992415
0.21663939999999998
0.050207
1.0
