
0.1572336
0.0274991
-0.6135864
0.6410855
0.1297345
1.0

0.07742289999999999
0.022134400000000002
-0.30885490000000004
0.3309893
0.0552885
1.0

0.1940538
0.08378039999999999
-0.4014603
0.4852407
0.1102734
1.0

0.1579005
0.06310919999999999
-0.4169966
0.48010579999999997
0.09479130000000001
1.0

0.15558829999999998
0.08946280000000001
-1.0806376000000002
1.1701004
0.0661255
1.0

0.0693302
0.017854599999999998
-0.2405072
0.2583618
0.051475599999999996
1.0

0.0692416
0.0188727
-0.24709170000000003
0.26596440000000005
0.0503689
1.0

0.0605254
0.0163228
-0.1978124
0.2141352
0.0442026
1.0

0.1119671
0.0639525
-0.2290728
0.2930253
0.0480146
1.0

0.1859508
0.0130819
-0.1961229
0.2092048
0.1728689
1.0
