
0.1664325
0.028459099999999998
-0.9081183
0.9365774
0.1379734
1.0

0.1260983
0.0640946
-0.3328893
0.3969839
0.062003699999999995
1.0

0.1317275
0.0597512
-0.4147517
0.4745029
0.07197630000000001
1.0

0.2379925
0.1556825
-0.4019616
0.5576441
0.08231
1.0

0.1221232
0.058888699999999995
-0.2969357
0.35582440000000004
0.0632345
1.0

0.538749
0.2596927
-1.1798308
1.4395235
0.2790563
1.0

0.0632489
0.0157184
-0.2152175
0.2309359
0.0475305
1.0

0.0564237
0.0150676
-0.1962334
0.211301
0.0413561
1.0

0.19077339999999998
0.016284899999999998
-0.1986907
0.21497560000000002
0.1744885
1.0

0.0527043
0.0134926
-0.19171670000000002
0.20520929999999998
0.039211699999999995
1.0
