
0.1574775
0.0285124
-0.9071749
0.9356873
0.1289651
1.0

0.0886034
0.0210175
-0.3125529
0.33357040000000004
0.06758589999999999
1.0

0.1409295
0.0609452
-0.3784034
0.4393486
0.07998430000000001
1.0

0.13205160000000002
0.0436286
-0.3957928
0.4394214
0.088423
1.0

0.1944794
0.0514682
-0.3727973
0.4242655
0.1430112
1.0

0.5338044000000001
0.460721
-1.0701645
1.5308855
0.07308339999999999
1.0

0.0784165
0.0191353
-0.24769760000000002
0.26683290000000004
0.0592812
1.0

0.0794098
0.0215063
-0.2282671
0.2497734
0.0579035
1.0

0.1381349
0.0763173
-0.2371107
0.313428
0.0618176
1.0

0.056318099999999996
0.013281
-0.1997841
0.2130651
0.0430371
1.0
