
0.2136078
0.035499300000000004
-1.3487223000000002
1.3842216
0.1781085
1.0

0.107184
0.0258321
-0.3375069
0.363339
0.08135189999999999
1.0

0.25348770000000004
0.1550496
-0.5178797
0.6729293000000001
0.0984381
1.0

0.20166920000000002
0.10401039999999999
-0.3774146
0.481425
0.0976588
1.0

0.18095229999999998
0.093659
-0.3292368
0.4228958
0.0872933
1.0

0.3354493
0.2691793
-0.2607679
0.5299472
0.06627
1.0

0.0852399
0.018494200000000002
-0.2481596
0.2666538
0.06674569999999999
1.0

0.0885071
0.0199715
-0.2570224
0.2769939
0.0685356
1.0

0.0700187
0.0187224
-0.222801
0.2415234
0.0512963
1.0

0.062016800000000004
0.0148858
-0.205827
0.2207128
0.047131
1.0
