
0.147505
0.025839900000000002
-0.5949991
0.620839
0.12166510000000001
1.0

0.07467810000000001
0.0213455
-0.3124111
0.33375659999999996
0.0533326
1.0

0.08419689999999999
0.0251855
-0.34678909999999996
0.3719746
0.0590114
1.0

0.5034978
0.417896
-0.3895916
0.8074876
0.0856018
1.0

0.1843134
0.07287560000000001
-0.3524219
0.4252975
0.1114378
1.0

0.31213759999999996
0.2596863
-0.2578378
0.5175240999999999
0.052451300000000006
1.0

0.0686756
0.0246857
-0.2214461
0.24613179999999998
0.0439899
1.0

0.0659605
0.0166799
-0.2154125
0.2320924
0.0492806
1.0

0.066121
0.017387
-0.2126034
0.22999039999999998
0.048734
1.0

0.055707099999999996
0.0146001
-0.199626
0.2142261
0.041107
1.0
