
0.2584636
0.0469895
-0.8469297
0.8939191999999999
0.2114741
1.0

0.148007
0.0378011
-0.3980615
0.4358626
0.1102059
1.0

0.14611770000000002
0.07059889999999999
-0.3891545
0.45975340000000003
0.0755188
1.0

0.4995138
0.40696190000000004
-0.41436
0.8213219
0.09255189999999999
1.0

0.211945
0.1181402
-0.3865048
0.504645
0.09380480000000001
1.0

0.6168653000000001
0.4708803
-0.35155440000000004
0.8224347
0.145985
1.0

0.07404430000000001
0.0179428
-0.2522373
0.2701801
0.0561015
1.0

0.0902934
0.0225521
-0.2594564
0.2820085
0.0677413
1.0

0.0815837
0.019490599999999997
-0.2515267
0.27101729999999996
0.0620931
1.0

0.07340819999999999
0.020603
-0.2438175
0.2644205
0.0528052
1.0
