
0.2872167
0.1316556
-1.0580066000000001
1.1896622
0.1555611
1.0

0.1287618
0.0595114
-0.3565784
0.4160898
0.06925039999999999
1.0

0.22649560000000002
0.1253244
-0.3650965
0.49042090000000005
0.1011712
1.0

0.3585374
0.2837732
-0.34197259999999996
0.6257458
0.0747642
1.0

0.13005060000000002
0.0633072
-0.30995740000000005
0.3732646
0.0667434
1.0

0.081278
0.0170258
-0.2364079
0.2534337
0.0642522
1.0

0.072749
0.0190931
-0.227785
0.24687810000000002
0.0536559
1.0

0.0698705
0.018091
-0.2059022
0.2239932
0.0517795
1.0

0.109838
0.056419
-0.2154945
0.2719135
0.053419
1.0

0.0876242
0.0196417
-0.24013320000000002
0.2597749
0.0679825
1.0
