
0.176727
0.029511799999999998
-0.6658042
0.695316
0.14721520000000002
1.0

0.10610939999999999
0.0252943
-0.31662440000000003
0.3419187
0.0808151
1.0

0.1715375
0.0913039
-0.3674233
0.4587272
0.0802336
1.0

0.3470982
0.2565217
-0.3949573
0.651479
0.0905765
1.0

0.312805
0.2230453
-0.4015188
0.6245641
0.0897597
1.0

0.6935624
0.6247851999999999
-0.2788045
0.9035896999999999
0.0687772
1.0

0.0751085
0.0180287
-1.0876071
1.1056358
0.0570798
1.0

0.1372932
0.0721672
-0.2324922
0.3046594
0.065126
1.0

0.0772537
0.0184737
-0.223371
0.24184470000000002
0.05878
1.0

0.0725415
0.0173088
-0.2116263
0.2289351
0.055232699999999996
1.0
