
0.1941352
0.0296168
-0.8239556
0.8535724
0.16451839999999998
1.0

0.0779943
0.0195942
-0.30600540000000004
0.3255996
0.058400099999999996
1.0

0.2809407
0.1965001
-1.5570377
1.7535378000000001
0.0844406
1.0

0.1740099
0.0935141
-0.3476735
0.44118759999999996
0.0804958
1.0

0.1256758
0.0468434
-0.3513938
0.3982372
0.0788324
1.0

0.5655584
0.5040709
-0.2688797
0.7729505999999999
0.0614875
1.0

0.08919360000000001
0.021645099999999997
-0.2422334
0.2638785
0.0675485
1.0

0.0811616
0.0206662
-0.21440810000000002
0.23507429999999999
0.060495400000000005
1.0

0.0847004
0.0187679
-0.2237597
0.2425276
0.0659325
1.0

0.0643829
0.0169019
-0.2096965
0.2265984
0.047481
1.0
