
0.1616578
0.0298891
-0.6420129
0.671902
0.13176870000000002
1.0

0.1157398
0.0573308
-0.3056366
0.3629674
0.058409
1.0

0.11079
0.0520681
-0.3364445
0.3885126
0.0587219
1.0

0.16800210000000002
0.1018261
-0.4014142
0.5032403
0.066176
1.0

0.09345210000000001
0.039763
-0.3064901
0.3462531
0.0536891
1.0

0.0736133
0.018370400000000002
-0.2412944
0.2596648
0.055242900000000005
1.0

0.0637224
0.0159445
-0.2295758
0.2455203
0.0477779
1.0

0.179416
0.0176413
-0.22010770000000002
0.237749
0.16177470000000002
1.0

0.0667438
0.018665599999999997
-0.9522355
0.9709011
0.048078199999999995
1.0

0.056207099999999996
0.013685200000000002
-0.19487929999999998
0.2085645
0.0425219
1.0
