
0.1865208
0.038075
-1.7237227
1.7617977
0.1484458
1.0

0.08196869999999999
0.0214925
-0.3167589
0.33825140000000004
0.060476199999999994
1.0

0.1203355
0.052839800000000006
-0.36709159999999996
0.4199314
0.06749569999999999
1.0

0.1645716
0.0305865
-0.3896406
0.42022709999999996
0.1339851
1.0

0.1150703
0.0419086
-0.3388676
0.3807762
0.0731617
1.0

0.3979587
0.2798199
-0.2539795
0.5337994
0.1181388
1.0

0.0682413
0.017356
-0.2209599
0.2383159
0.0508853
1.0

0.0571549
0.0143052
-0.1925636
0.2068688
0.0428497
1.0

0.0659701
0.0161533
-0.2108039
0.2269572
0.0498168
1.0

0.0733963
0.0330672
-0.1915397
0.2246069
0.0403291
1.0
