
0.219382
0.0396714
-1.1073438
1.1470152
0.1797106
1.0

0.1125857
0.028167
-0.3605478
0.38871479999999997
0.0844187
1.0

0.175023
0.0723915
-1.39355
1.4659415
0.1026315
1.0

0.15210970000000001
0.06762989999999999
-0.3404875
0.4081174
0.08447980000000001
1.0

0.1747439
0.033646
-0.3286228
0.3622688
0.1410979
1.0

0.4509435
0.3121258
-0.31695829999999997
0.6290840999999999
0.13881770000000002
1.0

0.0915835
0.0229057
-0.2400868
0.2629925
0.0686778
1.0

0.0789753
0.0188544
-0.21572529999999998
0.2345797
0.060120900000000005
1.0

0.084059
0.017145599999999997
-0.227203
0.2443486
0.0669134
1.0

0.0728241
0.0179846
-0.207013
0.2249976
0.0548395
1.0
