
0.3197395
0.1773524
-0.9581375
1.1354898999999998
0.14238710000000002
1.0

0.1021003
0.0256075
-0.33684040000000004
0.36244790000000005
0.0764928
1.0

0.0993065
0.028195099999999997
-0.3342268
0.3624219
0.07111139999999999
1.0

0.1781824
0.0857956
-1.8189054
1.904701
0.0923868
1.0

0.17435710000000001
0.0925141
-0.3979665
0.4904806
0.081843
1.0

0.483355
0.4058038
-0.5322438
0.9380476
0.0775512
1.0

0.1388739
0.0737704
-0.3020831
0.3758535
0.0651035
1.0

0.0674998
0.0193585
-0.2206964
0.2400549
0.048141300000000005
1.0

0.216316
0.1161308
-0.2097929
0.32592370000000004
0.1001852
1.0

0.057009800000000006
0.0140319
-0.19872220000000002
0.2127541
0.0429779
1.0
