
0.17438910000000002
0.0322264
-1.2835337
1.3157601
0.1421627
1.0

0.0774113
0.0222532
-0.3511633
0.3734165
0.0551581
1.0

0.236958
0.1623758
-0.3707703
0.5331461
0.0745822
1.0

0.1952121
0.0992073
-0.4048417
0.504049
0.0960048
1.0

0.1970481
0.1097464
-0.3863355
0.4960819
0.0873017
1.0

0.6388334
0.5671225999999999
-0.29062790000000005
0.8577505
0.0717108
1.0

0.089785
0.035687699999999996
-0.23097779999999998
0.2666655
0.0540973
1.0

0.080016
0.0285627
-0.2374334
0.26599609999999996
0.0514533
1.0

0.0600157
0.0151196
-0.2243695
0.2394891
0.0448961
1.0

0.0563711
0.013597
-0.2157861
0.2293831
0.042774099999999995
1.0
