
0.3461695
0.1675583
-0.6844412
0.8519995
0.17861120000000003
1.0

0.1177185
0.026147200000000002
-0.4057323
0.4318795
0.09157130000000001
1.0

0.1167198
0.0289333
-0.37011
0.3990433
0.0877865
1.0

0.1124419
0.029232
-0.2970204
0.3262524
0.08320989999999999
1.0

0.1928578
0.0727991
-0.26019570000000003
0.3329948
0.12005869999999999
1.0

0.3835815
0.3245648
-0.24581029999999998
0.5703751
0.0590167
1.0

0.06802230000000001
0.0172308
-0.2322141
0.2494449
0.0507915
1.0

0.0807563
0.0158734
-0.2076734
0.2235468
0.06488290000000001
1.0

0.08658489999999999
0.0163495
-0.21601379999999998
0.2323633
0.07023539999999999
1.0

0.0553625
0.0131602
-0.1953048
0.208465
0.042202300000000005
1.0
