
0.15850879999999998
0.0295208
-0.6330904
0.6626112
0.128988
1.0

0.0956521
0.0225797
-0.3379557
0.3605354
0.0730724
1.0

0.13407070000000001
0.0662667
-0.4165656
0.4828323
0.067804
1.0

0.3476965
0.25749720000000004
-0.3964662
0.6539634
0.0901993
1.0

0.16208679999999998
0.0825548
-1.0030534
1.0856082
0.079532
1.0

0.3543575
0.3090524
-0.22895870000000001
0.5380111
0.0453051
1.0

0.06617819999999999
0.017273900000000002
-0.2225839
0.23985779999999998
0.048904300000000005
1.0

0.0568808
0.0150696
-0.2032116
0.2182812
0.0418112
1.0

0.05894
0.014218399999999999
-0.2371565
0.2513749
0.0447216
1.0

0.0528747
0.012833
-0.19359
0.206423
0.0400417
1.0
