
0.1499385
0.0263648
-0.8227094
0.8490742
0.1235737
1.0

0.0763748
0.0198153
-0.34188609999999997
0.3617014
0.0565595
1.0

0.0807547
0.027078099999999997
-0.3329422
0.3600203
0.0536766
1.0

0.4371056
0.30810990000000005
-1.837274
2.1453839
0.1289957
1.0

0.16074739999999998
0.0890972
-0.38286509999999996
0.4719623
0.0716502
1.0

0.3091351
0.2599084
-0.2415375
0.5014459
0.0492267
1.0

0.0630406
0.015428
-0.210277
0.225705
0.0476126
1.0

0.0625603
0.0161633
-0.20774289999999998
0.2239062
0.046397
1.0

0.0659192
0.0179137
-0.22431410000000002
0.2422278
0.0480055
1.0

0.054877800000000004
0.0129317
-0.1925015
0.2054332
0.0419461
1.0
