
0.187326
0.043027300000000004
-0.684285
0.7273123
0.1442987
1.0

0.099893
0.0257107
-0.9734558000000001
0.9991665
0.0741823
1.0

0.1987712
0.1188707
-0.38516259999999997
0.5040333
0.0799005
1.0

0.1617115
0.0714743
-0.4068615
0.4783358
0.0902372
1.0

0.1582519
0.0847778
-0.31504879999999996
0.3998266
0.0734741
1.0

0.4565955
0.34222640000000004
-0.2596074
0.6018338000000001
0.1143691
1.0

0.07451260000000001
0.0187433
-0.2395172
0.2582605
0.0557693
1.0

0.06294369999999999
0.0157821
-0.2088642
0.2246463
0.0471616
1.0

0.0681545
0.016452900000000003
-0.2294996
0.2459525
0.0517016
1.0

0.111996
0.06911039999999999
-0.200419
0.26952940000000003
0.042885599999999996
1.0
