
0.1720305
0.0312962
-0.9724153000000001
1.0037115
0.14073429999999998
1.0

0.07465469999999999
0.0209186
-0.3288975
0.34981609999999996
0.0537361
1.0

0.15195039999999999
0.08096060000000001
-0.353601
0.4345616
0.0709898
1.0

0.1804495
0.0921011
-0.3883899
0.480491
0.0883484
1.0

0.2585884
0.1345316
-1.1188475
1.2533791
0.12405680000000001
1.0

0.4878642
0.4280213
-0.3323742
0.7603955
0.059842900000000004
1.0

0.064894
0.0174002
-0.2243551
0.24175529999999998
0.0474938
1.0

0.12015769999999999
0.0157076
-0.218741
0.2344486
0.1044501
1.0

0.1124259
0.0624769
-0.2185484
0.2810253
0.049949
1.0

0.0583594
0.0157039
-0.2095355
0.2252394
0.0426555
1.0
