
0.1494765
0.0260019
-0.6141021999999999
0.6401041
0.1234746
1.0

0.0720033
0.0180798
-0.32225909999999997
0.3403389
0.0539235
1.0

0.1414588
0.0857189
-0.3523155
0.43803440000000005
0.0557399
1.0

0.25011120000000003
0.182584
-0.3850711
0.5676551
0.0675272
1.0

0.1262684
0.06884219999999999
-0.298679
0.3675212
0.0574262
1.0

0.3618663
0.3119214
-0.2305307
0.5424521
0.0499449
1.0

0.06630660000000001
0.0234877
-0.2229617
0.24644939999999999
0.0428189
1.0

0.0655099
0.0177106
-0.21949960000000002
0.2372102
0.0477993
1.0

0.0594822
0.0149518
-0.20771479999999998
0.2226666
0.044530400000000005
1.0

0.0651769
0.0238195
-0.1932211
0.2170406
0.0413574
1.0
