
0.1785976
0.0323204
-0.856021
0.8883414000000001
0.14627720000000002
1.0

0.1107155
0.031837700000000003
-0.3571181
0.38895579999999996
0.0788778
1.0

0.1583281
0.06992469999999999
-0.436064
0.5059887
0.0884034
1.0

0.1864169
0.0925187
-0.4170162
0.5095349
0.0938982
1.0

0.1249803
0.027843
-0.3374352
0.3652782
0.09713730000000001
1.0

0.3924535
0.3241582
-0.29380090000000003
0.6179591
0.0682953
1.0

0.0742308
0.0193288
-0.2222905
0.24161929999999998
0.054902
1.0

0.1209858
0.0177952
-0.2178879
0.2356831
0.10319060000000001
1.0

0.1853809
0.111967
-0.2218335
0.3338005
0.07341389999999999
1.0

0.0647298
0.015573700000000001
-0.2001075
0.21568120000000002
0.0491561
1.0
