
0.2194688
0.0817586
-0.9767418
1.0585004
0.1377102
1.0

0.0734604
0.0199239
-0.3013545
0.3212784
0.0535365
1.0

0.0803768
0.022565400000000003
-0.2691949
0.2917603
0.0578114
1.0

0.10757860000000001
0.025605
-0.6032794
0.6288844
0.08197360000000001
1.0

0.1306308
0.067709
-0.31531709999999996
0.3830261
0.0629218
1.0

0.12061430000000001
0.0271211
-1.0829701999999999
1.1100913000000001
0.0934932
1.0

0.0747362
0.019264299999999998
-0.2559975
0.2752618
0.055471900000000005
1.0

0.0625564
0.0151384
-0.2056428
0.2207812
0.047418
1.0

0.0880545
0.0380428
-0.2211611
0.2592039
0.0500117
1.0

0.0568712
0.014106200000000001
-0.1991258
0.213232
0.042765
1.0
