
0.2281217
0.0802233
-0.8712586999999999
0.951482
0.14789839999999999
1.0

0.08821269999999999
0.0215025
-0.32083290000000003
0.3423354
0.0667102
1.0

0.16251110000000002
0.070969
-0.4647821
0.5357510999999999
0.0915421
1.0

0.1930907
0.0701372
-1.2428108
1.312948
0.1229535
1.0

0.19486979999999998
0.10464910000000001
-0.4067257
0.5113748
0.0902207
1.0

0.3836799
0.317716
-0.2762638
0.5939798000000001
0.06596389999999999
1.0

0.0668291
0.01683
-0.230024
0.246854
0.0499991
1.0

0.0650425
0.0159385
-0.2108003
0.2267388
0.049104
1.0

0.113198
0.0179449
-0.2199402
0.23788510000000002
0.09525310000000001
1.0

0.0625966
0.01465
-0.2003867
0.21503670000000003
0.0479466
1.0
