
0.18787710000000002
0.0339885
-1.6291951
1.6631836
0.15388860000000001
1.0

0.3188087
0.1924766
-0.4912472
0.6837238
0.1263321
1.0

0.1432445
0.0399225
-0.4598793
0.49980179999999996
0.103322
1.0

0.1787454
0.0741783
-0.4156209
0.4897992
0.10456710000000001
1.0

0.14862720000000001
0.060743
-0.3230265
0.3837695
0.0878842
1.0

0.4599667
0.3818372
-0.2552253
0.6370625
0.0781295
1.0

0.0920942
0.0214225
-0.2511542
0.2725767
0.0706717
1.0

0.0927099
0.020542400000000002
-0.2320507
0.2525931
0.0721675
1.0

0.1085666
0.025863
-0.2521176
0.27798059999999997
0.0827036
1.0

0.08906410000000001
0.0195204
-0.24105870000000001
0.2605791
0.0695437
1.0
