
0.15598079999999998
0.0304875
-0.6760215
0.706509
0.1254933
1.0

0.1784973
0.07561739999999999
-0.3995692
0.47518659999999996
0.1028799
1.0

0.23185160000000002
0.1309614
-0.4258868
0.5568481999999999
0.1008902
1.0

0.1174293
0.0308908
-0.3178296
0.34872040000000004
0.0865385
1.0

0.16792010000000002
0.0758103
-0.2959775
0.3717878
0.0921098
1.0

0.1598869
0.10505039999999999
-0.2461055
0.3511559
0.0548365
1.0

0.0685763
0.0159574
-0.2254716
0.241429
0.0526189
1.0

0.0578709
0.014087200000000001
-0.2024031
0.2164903
0.043783699999999995
1.0

0.0630294
0.015494299999999999
-0.6520308
0.6675251
0.0475351
1.0

0.1601461
0.0144301
-0.20205579999999998
0.21648589999999998
0.145716
1.0
