
0.1507196
0.0286662
-0.6428801
0.6715463
0.12205339999999999
1.0

0.09395780000000001
0.020593900000000002
-0.2992938
0.3198877
0.0733639
1.0

0.2828589
0.20508089999999998
-0.4026349
0.6077158
0.077778
1.0

0.5157354000000001
0.3590041
-0.3771825
0.7361866
0.1567313
1.0

0.1281964
0.0421167
-0.3729362
0.4150529
0.0860797
1.0

0.07018189999999999
0.0183031
-0.2559194
0.2742225
0.0518788
1.0

0.06936819999999999
0.0183578
-0.2390004
0.25735820000000004
0.051010400000000004
1.0

0.0624955
0.0156635
-0.2079045
0.223568
0.046832
1.0

0.13621029999999998
0.0864376
-0.1986483
0.2850859
0.049772699999999996
1.0

0.0597538
0.0151425
-0.2185464
0.2336889
0.0446113
1.0
