
0.1718786
0.030587200000000002
-1.4758939
1.5064811
0.14129139999999998
1.0

0.0904366
0.029130200000000002
-0.2883903
0.3175205
0.061306400000000004
1.0

0.1422036
0.082153
-0.4021571
0.48431009999999997
0.060050599999999996
1.0

0.1548681
0.0708086
-0.4128075
0.4836161
0.0840595
1.0

0.1343468
0.06417980000000001
-0.29193559999999996
0.3561154
0.070167
1.0

0.07665419999999999
0.0194665
-0.26535390000000003
0.28482040000000003
0.057187699999999994
1.0

0.0709079
0.021327099999999998
-0.24942920000000002
0.2707563
0.0495808
1.0

0.0629526
0.0157195
-0.2220596
0.2377791
0.0472331
1.0

0.0679511
0.016767400000000002
-0.22012520000000002
0.2368926
0.0511837
1.0

0.0555482
0.014614700000000001
-0.1946523
0.209267
0.0409335
1.0
