
0.20725829999999998
0.0333943
-0.8907245
0.9241188
0.173864
1.0

0.1900343
0.1104866
-0.48915790000000003
0.5996445
0.0795477
1.0

0.2461448
0.1474762
-0.4429283
0.5904045
0.09866860000000001
1.0

0.4430885
0.33979709999999996
-0.43069840000000004
0.7704955
0.10329139999999999
1.0

0.1658555
0.07830060000000001
-0.4226965
0.5009971
0.08755489999999999
1.0

0.3928277
0.3329465
-0.2879935
0.62094
0.059881199999999996
1.0

0.13856179999999998
0.07237460000000001
-0.32008220000000004
0.3924568
0.0661872
1.0

0.0685132
0.0170392
-0.242514
0.2595532
0.051474
1.0

0.0692893
0.0184251
-0.2246164
0.2430415
0.0508642
1.0

0.06636660000000001
0.0144538
-0.2161106
0.2305644
0.0519128
1.0
