
0.1712678
0.0314976
-0.602482
0.6339796
0.1397702
1.0

0.0959248
0.0313492
-0.3795531
0.4109023
0.0645756
1.0

0.07193010000000001
0.02442
-0.2675685
0.2919885
0.0475101
1.0

0.1328721
0.07700489999999999
-0.2486566
0.3256615
0.0558672
1.0

0.224251
0.0493499
-0.2336319
0.2829818
0.1749011
1.0

0.35765
0.3094479
-0.2424545
0.5519024
0.0482021
1.0

0.0624583
0.0146432
-0.2186095
0.2332527
0.0478151
1.0

0.0660892
0.018933400000000003
-0.2117526
0.230686
0.047155800000000005
1.0

0.11655739999999999
0.0631537
-0.2355131
0.2986668
0.0534037
1.0

0.1114039
0.0638001
-0.28676470000000004
0.3505648
0.0476038
1.0
