
0.17970260000000002
0.0374839
-1.4109371000000002
1.448421
0.1422187
1.0

0.197027
0.0733529
-0.4247121
0.498065
0.12367410000000001
1.0

0.2192873
0.08795839999999999
-0.46456240000000004
0.5525208
0.1313289
1.0

0.132079
0.0411625
-0.43167059999999996
0.47283309999999995
0.0909165
1.0

0.1428945
0.0624435
-0.2834633
0.3459068
0.080451
1.0

0.4360897
0.3520602
-0.3101228
0.662183
0.0840295
1.0

0.1067907
0.0241669
-0.2735532
0.2977201
0.0826238
1.0

0.111841
0.0254867
-0.280641
0.3061277
0.08635430000000001
1.0

0.1051684
0.0227645
-0.282881
0.3056455
0.08240389999999999
1.0

0.0901719
0.0189585
-0.242526
0.2614845
0.0712134
1.0
