
0.1837575
0.032422599999999996
-0.7861674000000001
0.81859
0.1513349
1.0

0.2266068
0.137056
-1.7125787
1.8496347
0.0895508
1.0

0.25632879999999997
0.1277508
-0.6001116999999999
0.7278625
0.128578
1.0

0.2078925
0.1086675
-0.49500520000000003
0.6036727
0.099225
1.0

0.1874587
0.0947796
-0.40518540000000003
0.499965
0.0926791
1.0

0.4817109
0.38319309999999995
-0.2937335
0.6769265999999999
0.0985178
1.0

0.5217608
0.0199262
-0.2474066
0.2673328
0.5018346
1.0

0.0796259
0.018790599999999998
-0.27049429999999997
0.2892849
0.0608353
1.0

0.1669406
0.09901910000000001
-0.23329439999999999
0.3323135
0.0679215
1.0

0.0651593
0.016539099999999998
-0.2144469
0.230986
0.048620199999999995
1.0
