
0.1611282
0.0301567
-0.7203854000000001
0.7505421
0.1309715
1.0

0.1069352
0.0267627
-0.378629
0.4053917
0.0801725
1.0

0.16314820000000002
0.071912
-0.3839488
0.4558608
0.0912362
1.0

0.1517194
0.0663956
-0.4013109
0.4677065
0.0853238
1.0

0.1757835
0.0685343
-0.3449165
0.4134508
0.1072492
1.0

0.4832828
0.4226008
-0.2375755
0.6601763
0.060682
1.0

0.0978382
0.041162199999999996
-0.2536852
0.29484740000000004
0.056676
1.0

0.061115300000000004
0.0158557
-0.2135255
0.2293812
0.0452596
1.0

0.1033685
0.0552585
-0.3219245
0.377183
0.04811
1.0

0.0548
0.0129251
-0.1986551
0.21158020000000002
0.0418749
1.0
