
0.1530318
0.0352511
-0.6876496
0.7229007
0.1177807
1.0

0.18087679999999998
0.1018625
-0.45229179999999997
0.5541543000000001
0.07901430000000001
1.0

0.1412365
0.0419175
-0.4643359
0.5062534000000001
0.099319
1.0

0.13269029999999998
0.0478999
-0.4163435
0.46424340000000003
0.08479039999999999
1.0

0.184527
0.09157219999999999
-0.4542658
0.545838
0.0929548
1.0

0.5287731999999999
0.45677870000000004
-0.44385020000000003
0.9006289000000001
0.0719945
1.0

0.07717410000000001
0.025138599999999997
-0.26193920000000004
0.2870778
0.0520355
1.0

0.288297
0.0181541
-0.24313189999999998
0.261286
0.2701429
1.0

0.068361
0.0179192
-0.23032070000000002
0.24823989999999999
0.0504418
1.0

0.057432800000000006
0.015135
-0.197917
0.213052
0.0422978
1.0
