
0.2306385
0.0793433
-0.854659
0.9340023000000001
0.15129520000000002
1.0

0.1499671
0.0585745
-0.4764564
0.5350309
0.0913926
1.0

0.21043489999999998
0.11314460000000001
-0.48558809999999997
0.5987327
0.0972903
1.0

0.1268756
0.04352
-0.4099846
0.4535046
0.0833556
1.0

0.27561220000000003
0.1451031
-0.42226820000000004
0.5673713
0.13050910000000002
1.0

0.0835247
0.0251543
-0.30255909999999997
0.32771340000000004
0.0583704
1.0

0.11314160000000001
0.0500588
-0.2496672
0.299726
0.06308280000000001
1.0

0.06843830000000001
0.0180378
-0.2245096
0.2425474
0.0504005
1.0

0.0706275
0.0175886
-0.2238898
0.24147839999999998
0.0530389
1.0

0.054482300000000004
0.0132523
-0.1914309
0.2046832
0.04123
1.0
