
0.1960606
0.0349086
-0.8406501999999999
0.8755588000000001
0.161152
1.0

0.19454079999999999
0.09746039999999999
-0.8129232
0.9103836
0.0970804
1.0

0.2207805
0.049397
-0.4371919
0.48658890000000005
0.1713835
1.0

0.17664020000000002
0.0863445
-0.3923657
0.47871020000000003
0.09029569999999999
1.0

0.100151
0.029243099999999998
-0.2798805
0.3091236
0.0709079
1.0

0.34933509999999995
0.2729905
-0.2732692
0.5462596999999999
0.07634460000000001
1.0

0.093514
0.0229993
-0.2600359
0.2830352
0.0705147
1.0

0.0850662
0.0202846
-0.2594647
0.2797493
0.0647816
1.0

0.21631039999999999
0.1523534
-0.23498460000000002
0.387338
0.063957
1.0

0.0693701
0.0167286
-0.2101083
0.2268369
0.0526415
1.0
