
0.1602077
0.0305262
-0.7399694
0.7704956
0.1296815
1.0

0.1241289
0.029633700000000002
-0.5733571999999999
0.6029909
0.0944952
1.0

0.1688461
0.07469260000000001
-1.3516165
1.4263091
0.0941535
1.0

0.1220488
0.029975599999999998
-0.44918790000000003
0.4791635
0.0920732
1.0

0.13963810000000001
0.0550483
-0.4395571
0.49460540000000003
0.0845898
1.0

0.17952479999999998
0.0343524
-0.2663993
0.3007517
0.1451724
1.0

0.0786265
0.0280015
-0.2401005
0.268102
0.050625
1.0

0.0629811
0.0160527
-0.2254974
0.24155010000000002
0.0469284
1.0

0.1002136
0.051728300000000005
-0.2123873
0.26411559999999995
0.0484853
1.0

0.0601468
0.0152837
-0.2180369
0.23332060000000002
0.044863099999999996
1.0
