
0.2098442
0.054957900000000004
-0.7510901
0.806048
0.15488629999999998
1.0

0.09143989999999999
0.024372099999999997
-0.4214213
0.4457934
0.0670678
1.0

0.23023670000000002
0.10349960000000001
-1.8890528
1.9925524
0.12673710000000002
1.0

0.240105
0.1497147
-0.4667159
0.6164305999999999
0.0903903
1.0

0.11579510000000001
0.0470229
-0.31786220000000004
0.36488509999999996
0.06877219999999999
1.0

0.0796066
0.023057
-0.2696211
0.2926781
0.0565496
1.0

0.0648558
0.016325
-0.2338276
0.2501526
0.048530800000000006
1.0

0.0592849
0.0154315
-0.20749979999999998
0.2229313
0.0438534
1.0

0.06846819999999999
0.0173216
-0.2222106
0.2395322
0.0511466
1.0

0.0553187
0.0131723
-0.1951628
0.2083351
0.0421464
1.0
