
0.17565139999999999
0.036165699999999995
-0.7879089
0.8240746
0.13948570000000002
1.0

0.2184624
0.0849255
-0.4680559
0.5529814000000001
0.1335369
1.0

0.18001579999999998
0.0842029
-0.44508970000000003
0.5292926
0.09581289999999999
1.0

0.2661145
0.1707433
-0.6094755
0.7802188000000001
0.0953712
1.0

0.15189029999999998
0.058809
-0.39234909999999995
0.45115809999999995
0.0930813
1.0

0.1329754
0.029646099999999998
-0.3750203
0.40466640000000004
0.1033293
1.0

0.0991994
0.025479599999999998
-0.2456323
0.2711119
0.0737198
1.0

0.0976447
0.0233737
-0.2453471
0.2687208
0.074271
1.0

0.0918133
0.021277
-0.24733029999999998
0.2686073
0.0705363
1.0

0.1942923
0.0190829
-0.738178
0.7572609
0.1752094
1.0
