
0.2142914
0.0293031
-0.7494995
0.7788026
0.1849883
1.0

0.27858140000000003
0.1625945
-0.5321669
0.6947614
0.11598689999999999
1.0

0.19417920000000002
0.1116192
-0.5157081
0.6273273
0.08256
1.0

0.33495790000000003
0.2545469
-0.3702592
0.6248061
0.080411
1.0

0.219828
0.0921788
-0.3737081
0.46588690000000005
0.1276492
1.0

0.083459
0.022391099999999997
-0.26896329999999996
0.2913544
0.0610679
1.0

0.0865842
0.0274077
-0.2423408
0.2697485
0.0591765
1.0

0.0719097
0.0182902
-0.2233116
0.24160179999999998
0.0536195
1.0

0.0698821
0.0161378
-0.2312771
0.2474149
0.0537443
1.0

0.0886886
0.0201505
-0.202198
0.2223485
0.0685381
1.0
