
0.1995083
0.0318548
-1.0065764
1.0384312
0.1676535
1.0

0.1702919
0.0831247
-0.485051
0.5681757
0.0871672
1.0

0.4700225
0.2422187
-1.9991856000000001
2.2414042999999997
0.2278038
1.0

0.1625047
0.0797997
-0.4190747
0.4988744
0.082705
1.0

0.18934120000000002
0.0329665
-0.4617877
0.49475420000000003
0.1563747
1.0

0.1538832
0.0266733
-0.31002820000000003
0.3367015
0.1272099
1.0

0.0846774
0.0226526
-0.2405112
0.2631638
0.062024800000000005
1.0

0.0706915
0.0167251
-0.2131069
0.229832
0.053966400000000005
1.0

0.1185174
0.057012400000000005
-0.25124589999999997
0.3082583
0.061505
1.0

0.062292400000000005
0.0159697
-0.218265
0.23423470000000002
0.046322699999999994
1.0
