
0.1725497
0.033539
-0.7033837
0.7369226999999999
0.13901070000000001
1.0

0.0947987
0.026526900000000003
-0.4340374
0.4605643
0.06827180000000001
1.0

0.482551
0.3790092
-0.3917326
0.7707418
0.1035418
1.0

0.13515870000000002
0.0699437
-0.3167162
0.3866599
0.065215
1.0

0.1129584
0.062187
-0.2476708
0.30985779999999996
0.0507714
1.0

0.08180810000000001
0.0184249
-0.3109828
0.3294077
0.0633832
1.0

0.0640219
0.0150656
-0.2253476
0.24041320000000002
0.0489563
1.0

0.0651596
0.0175165
-0.2289072
0.24642370000000002
0.0476431
1.0

0.061850800000000004
0.0159494
-0.2129428
0.22889220000000002
0.0459014
1.0

0.0552977
0.013915299999999999
-0.8116634
0.8255787
0.0413824
1.0
