
0.1834559
0.045130199999999995
-0.7784179
0.8235481
0.13832570000000002
1.0

0.14915920000000002
0.0537881
-0.42258629999999997
0.47637440000000003
0.0953711
1.0

0.2786154
0.1832825
-1.7657555
1.949038
0.0953329
1.0

0.4804321
0.360489
-0.44636109999999996
0.8068501
0.11994310000000001
1.0

0.1396449
0.0340009
-0.3323008
0.3663017
0.105644
1.0

0.103904
0.026530900000000003
-0.3855765
0.4121074
0.0773731
1.0

0.0860422
0.0225208
-0.28413309999999997
0.30665390000000003
0.0635214
1.0

0.1356811
0.054326599999999996
-0.3279218
0.38224840000000004
0.0813545
1.0

0.103261
0.0350836
-0.2907292
0.3258128
0.0681774
1.0

0.0772355
0.017975099999999997
-0.2358966
0.25387170000000003
0.059260400000000005
1.0
