
0.171436
0.0313557
-0.8210285
0.8523841999999999
0.1400803
1.0

0.0925907
0.0264111
-0.45658540000000003
0.4829965
0.0661796
1.0

0.2713664
0.1485757
-0.4968039
0.6453795999999999
0.1227907
1.0

0.1522046
0.07048030000000001
-0.39649890000000004
0.46697920000000004
0.0817243
1.0

0.2251247
0.1470052
-0.37646620000000003
0.5234714
0.0781195
1.0

0.182046
0.1249243
-0.2698156
0.39473990000000003
0.0571217
1.0

0.11799639999999999
0.0685623
-0.22849470000000002
0.297057
0.0494341
1.0

0.0654506
0.0165124
-0.21445270000000002
0.2309651
0.048938199999999994
1.0

0.2209161
0.1673653
-0.2209613
0.38832659999999997
0.0535508
1.0

0.077895
0.0343191
-0.1990284
0.2333475
0.0435759
1.0
