
0.1802325
0.038092
-0.9309921999999999
0.9690842
0.1421405
1.0

0.1056178
0.0297988
-0.4330456
0.46284440000000004
0.075819
1.0

0.1811985
0.1002311
-0.4149552
0.5151863
0.0809674
1.0

0.1800849
0.0953378
-0.4990383
0.5943761
0.0847471
1.0

0.11907469999999999
0.048521699999999994
-0.34038440000000003
0.3889061
0.070553
1.0

0.0888199
0.0235843
-0.2726894
0.29627370000000003
0.0652356
1.0

0.08756130000000001
0.0208676
-0.2444979
0.2653655
0.0666937
1.0

0.0882768
0.0215091
-0.2325428
0.2540519
0.0667677
1.0

0.08514160000000001
0.0194245
-0.22689489999999998
0.2463194
0.0657171
1.0

0.0792198
0.0179358
-0.223882
0.2418178
0.061284
1.0
