
0.1484065
0.0306872
-0.8935089
0.9241961
0.1177193
1.0

0.09193180000000001
0.022978400000000003
-0.42496009999999995
0.4479385
0.0689534
1.0

0.1414377
0.0675705
-0.449501
0.5170715
0.0738672
1.0

0.2138556
0.1400711
-0.3740369
0.514108
0.0737845
1.0

0.1074329
0.0528226
-0.2876333
0.34045590000000003
0.0546103
1.0

0.08060139999999999
0.0292847
-0.2667835
0.2960682
0.0513167
1.0

0.07351060000000001
0.020852
-0.2411275
0.2619795
0.0526586
1.0

0.0568032
0.0154135
-0.21192539999999999
0.22733889999999998
0.041389699999999995
1.0

0.10653539999999999
0.059089199999999995
-0.21622670000000002
0.2753159
0.047446199999999994
1.0

0.0545315
0.0136585
-0.19781420000000002
0.2114727
0.040873
1.0
