
12.2077294
12.151583857142857
0.0
0.20870382857142858
0.22107151428571428
5.729235014285714
6.201277328571429
3.130434782608696

11.799138
11.394701628571429
0.0
0.47224088571428574
0.15748410000000002
5.570797285714286
5.666420242857143
3.3333333333333335

11.303885785714286
11.219361271428571
0.0
0.14916875714285716
0.09902075714285714
5.457517342857143
5.662823171428571
3.5

11.5803404
11.523272228571429
0.0
0.1358969714285714
0.11044960000000001
5.913821785714285
5.499000842857143
3.5

11.450364728571428
11.403547199999998
0.0
0.098623
0.07584068571428572
5.694806057142857
5.632900457142857
3.5

11.195610285714286
11.141408514285713
0.0
0.0930678
0.0621715
5.427521628571428
5.651715385714286
3.5

11.228645271428572
11.114864342857143
0.0
0.1753902142857143
0.08507281428571428
5.516649442857142
5.513142085714286
3.5

11.378174885714285
11.317613628571427
0.0
0.1097433
0.08613191428571429
5.3534558
5.878025914285715
3.5

11.124433842857142
11.075672571428571
0.0
0.10570664285714286
0.08513711428571429
5.414457257142857
5.5760782
3.5

11.24336192857143
11.203512728571427
0.0
0.11946955714285715
0.10801115714285715
5.408911057142857
5.686590514285714
3.238095238095238
