
12.195932857142857
12.187823314285714
0.0
0.14815455714285714
0.20367912857142856
5.8005716
6.183572585714285
3.130434782608696

11.5799981
11.4604873
0.0
0.1772241857142857
0.10206925714285714
5.638525757142856
5.719892285714286
3.3333333333333335

11.523034571428571
11.459847271428572
0.0
0.1318218
0.10569967142857142
5.683518042857143
5.670629557142857
3.5

11.681944871428572
11.268101114285715
0.0
0.45894772857142857
0.0814369857142857
5.510746514285715
5.675917614285714
3.5

11.475001
11.42878232857143
0.0
0.10030718571428572
0.08274122857142857
5.727813128571428
5.618227971428571
3.5

11.348902157142858
11.292704757142857
0.0
0.09331615714285715
0.0596921
5.470975771428571
5.762036885714286
3.5

11.198193657142857
11.103075228571427
0.0
0.12730111428571428
0.04888301428571429
5.478251514285715
5.5759407
3.5

11.157165385714285
11.104088371428572
0.0
0.08636267142857143
0.050387828571428574
5.521753785714285
5.531946757142856
3.5

11.182960757142856
11.142960257142857
0.0
0.07545258571428572
0.05265317142857143
5.446038914285714
5.644268171428571
3.5

11.35593157142857
11.3208562
0.0
0.08358997142857143
0.17953345714285712
5.500847485714286
5.640475257142857
3.238095238095238
