
25.513434914285714
18.084179128571428
7.2579363
0.17131948571428574
0.7262212571428572
10.949356971428571
6.408600900000001
3.130434782608696

21.1795792
16.85562092857143
4.1410015
0.18295677142857142
0.5302720142857142
10.58323892857143
5.742109985714285
3.3333333333333335

20.10077467142857
17.165089028571426
2.8194435428571425
0.1162421
0.5858559428571429
10.514351128571429
6.064881957142857
3.5

20.18400821428571
16.633054185714286
3.384440185714286
0.16651384285714285
0.474537
10.4810395
5.677477685714286
3.5

20.6102153
16.94596364285714
3.5133631857142857
0.15088847142857142
0.4619971
11.021674857142857
5.462291685714286
3.5

20.263097657142858
16.526391457142857
3.6217292857142858
0.11497691428571429
0.46072832857142854
10.41836057142857
5.647302557142858
3.5

20.676966085714284
16.3357527
3.822242814285714
0.5189705714285714
0.3665189857142857
10.373016414285713
5.5962173
3.5

19.883590714285713
16.381262785714284
3.273852971428571
0.22847495714285715
0.3723645142857143
10.414129314285715
5.594768957142857
3.5

20.978130628571428
17.182829757142855
3.6790167714285715
0.1162841
0.4525824
10.435616342857143
6.294631014285715
3.5

21.036567814285714
16.627618414285713
4.227045657142857
0.18190374285714284
0.38168065714285715
10.5260613
5.719876457142857
3.238095238095238
