
12.316847728571428
12.3289275
0.0
0.2149860285714286
0.5381093285714286
5.630445214285714
6.160372957142857
3.130434782608696

11.429977614285715
11.316679885714285
0.0
0.19022654285714286
0.15192112857142856
5.297351714285715
5.867407042857143
3.3333333333333335

11.577385557142858
11.47986952857143
0.0
0.15533798571428573
0.09457285714285714
5.726807099999999
5.6584895714285715
3.5

11.71400542857143
11.650775814285714
0.0
0.11695768571428572
0.0879057142857143
5.648962128571428
5.913907971428571
3.5

11.530447657142856
11.455981785714286
0.0
0.12541727142857143
0.07781991428571429
5.693107814285714
5.685054057142858
3.5

10.979947571428571
10.927760914285713
0.0
0.09799997142857143
0.07208507142857143
5.278631142857143
5.5770447
3.5

11.230066242857143
11.120668842857143
0.0
0.14971694285714285
0.06524391428571429
5.495040442857142
5.560384485714286
3.5

11.984825714285714
11.927733842857142
0.0
0.10163142857142857
0.06939422857142857
5.423287542857143
6.435052071428572
3.5

11.360161142857145
11.300288871428572
0.0
0.10764464285714286
0.07874205714285715
5.531513842857143
5.690032971428571
3.5

12.442572142857143
12.404952757142857
0.0
0.09231407142857144
0.080847
5.623352085714285
6.700753671428571
3.238095238095238
