
12.174858971428572
12.212736071428571
0.0
0.13717037142857144
0.2275842857142857
5.7265226857142855
6.258629099999999
3.130434782608696

11.518100842857143
11.4165195
0.0
0.16229712857142856
0.10908907142857144
5.715813428571428
5.591617
3.3333333333333335

11.444261571428571
11.365986571428571
0.0
0.14360762857142856
0.1188005
5.551531985714286
5.695654085714286
3.5

11.340782842857143
11.281832514285714
0.0
0.10447138571428571
0.07640411428571428
5.725298757142856
5.480129642857142
3.5

11.38010507142857
11.274549657142858
0.0
0.1470000714285714
0.06927585714285714
5.487296728571429
5.717977071428572
3.5

11.464412485714286
11.397226
0.0
0.10590567142857142
0.0622348
5.498603328571429
5.836387871428571
3.5

11.138580628571429
11.060526928571429
0.0
0.10904331428571429
0.04906248571428572
5.4561033142857145
5.555361128571429
3.5

11.105460971428572
11.049165742857143
0.0
0.09048324285714286
0.05417241428571429
5.729086214285714
5.265907114285714
3.5

11.184521485714287
11.151426157142858
0.0
0.07063989999999999
0.05602618571428571
5.464663942857142
5.6307360285714285
3.5

11.468472685714286
11.439426571428571
0.0
0.09830347142857143
0.09090887142857142
5.558380185714285
5.790137514285714
3.238095238095238
