
12.1135632
12.095957471428571
0.0
0.16739387142857143
0.20908241428571428
5.6691552142857145
6.217719842857143
3.130434782608696

11.863484885714286
11.772930014285713
0.0
0.15725060000000002
0.11626741428571429
5.6231266
6.033536
3.3333333333333335

11.57552182857143
11.513988328571429
0.0
0.13303124285714285
0.13076988571428572
5.652998114285714
5.730220328571429
3.5

11.5593976
11.506101628571429
0.0
0.11838445714285714
0.10454684285714286
5.565576257142856
5.835978528571428
3.5

11.5232902
11.446532471428572
0.0
0.13247387142857145
0.08308532857142857
5.672872728571429
5.690574414285715
3.5

11.2513501
11.187963514285713
0.0
0.1031297142857143
0.06238047142857143
5.7837223714285715
5.341860671428571
3.5

11.122288314285715
11.066188228571429
0.0
0.09017147142857143
0.05187091428571429
5.442541142857142
5.571776171428572
3.5

11.215064114285715
11.152149571428572
0.0
0.10933968571428572
0.065206
5.428918642857143
5.658024928571428
3.5

11.348964800000001
11.203778285714286
0.0
0.18413629999999997
0.057973671428571426
5.4623170142857145
5.683487599999999
3.5

11.302854885714286
11.262209314285714
0.0
0.09270511428571429
0.10805824285714286
5.363324457142857
5.790826614285714
3.238095238095238
