
11.960108971428571
12.053383514285713
0.0
0.15744952857142858
0.3236700571428572
5.587472942857143
6.142240514285715
3.130434782608696

11.643322342857143
11.535893699999999
0.0
0.17174241428571427
0.14550015714285716
5.4912895285714285
5.899104014285714
3.3333333333333335

11.449028514285713
11.359667228571428
0.0
0.14347748571428573
0.08905971428571428
5.605677828571428
5.664929685714286
3.5

11.435487357142856
11.332687742857143
0.0
0.1418775
0.06626208571428571
5.564911242857144
5.701514414285715
3.5

11.393570271428572
11.331647214285715
0.0
0.1015825142857143
0.09541902857142857
5.6096572714285715
5.626570914285715
3.5

11.539660357142857
11.501588442857143
0.0
0.09391378571428571
0.11906632857142857
5.419835157142857
5.962686957142857
3.5

11.090967157142858
10.991984014285713
0.0
0.13731045714285714
0.05688618571428571
5.379655185714286
5.555442642857143
3.5

11.100839471428571
11.057544485714287
0.0
0.08056644285714286
0.05823952857142857
5.492167085714286
5.507137871428571
3.5

11.150820071428571
11.110554185714285
0.0
0.07440481428571429
0.052207728571428566
5.4612263
5.597120157142857
3.5

11.689119271428572
11.642625757142858
0.0
0.08904397142857143
0.09494642857142857
5.551623014285714
5.996056314285714
3.238095238095238
