
11.97590332857143
12.0867551
0.0
0.1260194
0.3697766857142857
5.6102652285714285
6.106713185714286
3.130434782608696

11.627565957142858
11.548550371428572
0.0
0.14903944285714285
0.1141379
5.644659057142857
5.789753414285714
3.3333333333333335

11.36524317142857
11.298646199999999
0.0
0.1141744857142857
0.08337822857142857
5.556463757142857
5.6588042142857145
3.5

11.577084028571429
11.513775814285713
0.0
0.12338335714285714
0.0929747
5.4916558
5.929145314285714
3.5

11.398902642857143
11.34972667142857
0.0
0.09325931428571428
0.09412104285714286
5.596279971428571
5.659325657142857
3.5

11.20069747142857
11.1560574
0.0
0.08145084285714285
0.055491985714285715
5.583237857142858
5.517327557142857
3.5

11.1709788
11.097812985714286
0.0
0.10415338571428572
0.04860152857142857
5.479523271428571
5.569688185714286
3.5

11.069893014285713
11.020011199999999
0.0
0.08423555714285715
0.05344151428571429
5.476523114285714
5.4900465714285716
3.5

11.187447728571428
11.130416442857143
0.0
0.09223405714285714
0.053570242857142854
5.455798214285714
5.621047985714285
3.5

11.458764171428571
11.418178285714285
0.0
0.08344660000000001
0.06322377142857143
5.565940585714285
5.789013928571428
3.238095238095238
