
12.29590317142857
12.32218782857143
0.0
0.1282125857142857
0.2047072857142857
5.689683185714286
6.4277973571428575
3.130434782608696

11.5001856
11.409582028571428
0.0
0.1606722857142857
0.15464981428571428
5.441252742857143
5.813679471428571
3.3333333333333335

11.404168228571429
11.341864785714286
0.0
0.11853785714285714
0.12422789999999999
5.5725950285714285
5.645041857142857
3.5

11.626448185714287
11.57038487142857
0.0
0.10178945714285714
0.0731715
5.536450542857143
5.960762828571428
3.5

11.32458217142857
11.244671028571428
0.0
0.12548727142857144
0.07317338571428572
5.524112085714285
5.647385557142857
3.5

11.2288331
11.178559585714286
0.0
0.08779765714285714
0.06011327142857143
5.5465390857142856
5.571907228571429
3.5

11.2925209
11.086289942857142
0.0
0.23841964285714287
0.049251914285714286
5.487058614285714
5.549979414285715
3.5

11.669584114285716
11.608641628571428
0.0
0.09571308571428572
0.05191335714285714
5.434925557142858
6.121802714285715
3.5

11.42472032857143
11.358338671428571
0.0
0.10456111428571428
0.06265571428571429
5.622816442857142
5.672866514285714
3.5

12.135207699999999
12.094442914285715
0.0
0.09244715714285714
0.11832391428571429
5.686274242857143
6.289844757142856
3.238095238095238
