
12.106309514285714
12.106194185714285
0.0
0.1293107857142857
0.20152794285714284
5.713186042857143
6.1914802
3.130434782608696

12.27685117142857
12.146906885714285
0.0
0.19312741428571428
0.14425624285714284
5.596166357142858
6.406484285714286
3.3333333333333335

11.357641128571428
11.252658414285714
0.0
0.16917405714285713
0.10353994285714285
5.499995657142857
5.649122814285715
3.5

11.307278342857144
11.25885752857143
0.0
0.08837647142857143
0.06797139999999999
5.545394557142857
5.645491571428572
3.5

11.301908285714285
11.2174324
0.0
0.1277240857142857
0.10149887142857142
5.448612614285714
5.667320914285715
3.5

11.484872342857143
11.440012557142857
0.0
0.08212977142857143
0.06593595714285713
5.437662642857143
5.9364139571428565
3.5

11.176717514285713
11.08838857142857
0.0
0.12173225714285714
0.052352557142857144
5.450409028571428
5.585626985714286
3.5

11.166122157142857
11.116431371428572
0.0
0.08581612857142858
0.06973354285714287
5.493627099999999
5.553070728571429
3.5

11.309818528571428
11.261250642857144
0.0
0.08559562857142858
0.06293102857142857
5.572004085714285
5.626315528571428
3.5

12.329675442857143
12.299945371428572
0.0
0.08621647142857143
0.08880107142857144
5.754963828571428
6.4561804714285715
3.238095238095238
