
12.176561785714286
12.1970066
0.0
0.13788637142857144
0.3007869285714286
5.712275099999999
6.1839445714285715
3.130434782608696

11.723043828571429
11.607336285714286
0.0
0.1732925
0.10290310000000001
6.173443028571429
5.330990157142857
3.3333333333333335

11.33799917142857
11.29262352857143
0.0
0.1071864142857143
0.10848672857142856
5.494229814285714
5.689906985714286
3.5

11.320691342857144
11.2703106
0.0
0.0879285
0.06386821428571428
5.5693145571428575
5.637127828571429
3.5

11.609457942857142
11.520738742857143
0.0
0.12836078571428572
0.06437327142857144
5.743547628571428
5.712817842857143
3.5

11.317451528571429
11.250842942857142
0.0
0.10353298571428571
0.05708578571428572
5.5133781
5.680379057142858
3.5

11.221919814285714
11.081097214285714
0.0
0.17402612857142857
0.0527986
5.4562662714285715
5.572032342857143
3.5

11.606758614285715
11.568808128571428
0.0
0.0723608
0.057351757142857146
5.433972057142857
6.077484314285714
3.5

11.134898757142857
11.082154028571429
0.0
0.08901867142857142
0.053556371428571434
5.436257228571429
5.592340428571428
3.5

12.055292442857143
11.78389932857143
0.0
0.3152653142857143
0.09178791428571428
5.5998147000000005
6.092296714285714
3.238095238095238
