
11.858327857142857
11.751894814285714
0.0
0.2278553857142857
0.16944151428571427
5.529819057142857
6.052634242857144
3.130434782608696

11.61808587142857
11.500438157142858
0.0
0.17787211428571428
0.1072313
5.643399085714285
5.749807771428571
3.3333333333333335

11.436949371428572
11.346273557142858
0.0
0.1443151
0.09064531428571428
5.524905928571428
5.730722314285714
3.5

11.584953771428571
11.488447785714285
0.0
0.14675255714285715
0.08708687142857142
5.852729342857143
5.548631571428571
3.5

11.463801885714284
11.41608417142857
0.0
0.10274154285714286
0.1241835
5.6695169142857145
5.622383757142857
3.5

11.258258185714286
11.193966357142857
0.0
0.10777611428571428
0.06815377142857143
5.5647996428571425
5.561012942857142
3.5

11.206543842857142
11.100789314285715
0.0
0.14079477142857144
0.05369047142857143
5.495249142857142
5.5518497
3.5

11.125857585714286
11.080661471428572
0.0
0.0808332857142857
0.05684792857142857
5.449431614285714
5.5743819285714284
3.5

11.509264728571427
11.437556471428572
0.0
0.10693087142857143
0.05428514285714286
5.496048157142857
5.887223171428571
3.5

11.445037271428571
11.35080762857143
0.0
0.1364527142857143
0.06242025714285715
5.5757555142857145
5.712631857142857
3.238095238095238
