
12.490888842857142
12.449266385714285
0.0
0.22193644285714287
0.25347494285714284
5.822152714285714
6.373638728571429
3.130434782608696

11.889530242857143
11.805556342857143
0.0
0.1470944714285714
0.10531437142857142
5.662753957142857
6.037488014285715
3.3333333333333335

11.4388389
11.368328985714287
0.0
0.12306485714285714
0.10752428571428571
5.590316857142858
5.670487842857143
3.5

11.505842742857144
11.441612814285714
0.0
0.10787719999999999
0.07528541428571428
5.510903314285714
5.855424085714286
3.5

11.392754185714287
11.339001971428571
0.0
0.09486684285714285
0.0681149857142857
5.6564172
5.614469785714285
3.5

11.446462857142857
11.393404528571429
0.0
0.09632102857142857
0.0682449
5.609098385714286
5.716061242857143
3.5

11.227218528571429
11.090681714285715
0.0
0.1711216857142857
0.053531
5.456502085714285
5.580648628571429
3.5

11.136458057142857
11.075056228571428
0.0
0.09638748571428571
0.053133042857142855
5.458268371428572
5.563654814285714
3.5

11.174996785714285
11.141247157142857
0.0
0.07048860000000001
0.07105841428571429
5.403881314285714
5.666307428571428
3.5

11.61911192857143
11.596047585714286
0.0
0.07163104285714286
0.09073805714285714
5.749804714285714
5.755504814285715
3.238095238095238
