
12.432475971428572
12.354598699999999
0.0
0.22724167142857143
0.19705464285714286
6.287895742857144
5.8696483142857145
3.130434782608696

11.644302042857142
11.544495871428571
0.0
0.16053979999999998
0.11969089999999999
5.845603771428571
5.5792012
3.3333333333333335

11.47584517142857
11.424010314285715
0.0
0.10647345714285714
0.09417535714285714
5.653868171428572
5.6759667857142855
3.5

11.389119357142857
11.335447642857144
0.0
0.10101184285714285
0.08871995714285713
5.660346185714285
5.5863815
3.5

11.4317924
11.30511282857143
0.0
0.17204975714285714
0.07411338571428572
5.515906671428572
5.715092771428571
3.5

11.341012585714287
11.273795614285715
0.0
0.11374734285714286
0.07017687142857142
5.7543017857142855
5.449316957142857
3.5

11.18033092857143
11.051514714285714
0.0
0.16523964285714288
0.058069414285714285
5.429328442857143
5.564116857142857
3.5

11.119660957142857
11.060188957142858
0.0
0.09478854285714286
0.056096
5.432096371428572
5.5719965857142855
3.5

11.306534242857143
11.218083285714286
0.0
0.12474788571428572
0.05335505714285714
5.536070071428572
5.628658157142857
3.5

11.579048242857143
11.5308107
0.0
0.09322285714285715
0.06340564285714285
5.7491322857142855
5.7182727714285715
3.238095238095238
