
11.784032057142857
11.739407285714286
0.0
0.1762469714285714
0.1863178857142857
5.444955228571429
6.1081341714285715
3.130434782608696

11.409957028571428
11.304552614285715
0.0
0.16570705714285713
0.15846125714285716
5.434653571428572
5.711437785714286
3.3333333333333335

11.362472042857142
11.317972114285714
0.0
0.09751604285714287
0.10416908571428571
5.547138885714286
5.666664142857143
3.5

11.6690565
11.592127314285714
0.0
0.12280967142857142
0.07272551428571429
5.4965163142857145
6.022885485714285
3.5

11.404925028571428
11.362207242857144
0.0
0.08408915714285715
0.10058712857142858
5.619173771428571
5.642446342857143
3.5

11.185384842857143
11.136652957142857
0.0
0.08557212857142858
0.05770234285714286
5.525786028571429
5.553164585714285
3.5

11.153256814285713
11.027215985714287
0.0
0.15996202857142858
0.05151512857142857
5.399279714285715
5.576421142857143
3.5

11.11452682857143
11.077910257142857
0.0
0.07130710000000001
0.05528324285714285
5.427693571428572
5.594933442857142
3.5

11.171711214285715
11.1103919
0.0
0.09815825714285714
0.06175518571428571
5.6732429714285715
5.375393742857144
3.5

11.400625671428571
11.37034662857143
0.0
0.07263004285714286
0.06208358571428571
5.587359571428572
5.720903471428572
3.238095238095238
