
12.2058444
12.2039273
0.0
0.15704454285714287
0.2063258285714286
5.891375128571428
6.106226342857143
3.130434782608696

11.646610014285713
11.533228085714287
0.0
0.17122782857142857
0.10047832857142858
5.755344971428571
5.677404785714286
3.3333333333333335

11.476013228571428
11.39693517142857
0.0
0.13322858571428572
0.0909963
5.6208576571428575
5.685081214285715
3.5

11.372430657142857
11.186887771428571
0.0
0.22920814285714286
0.09157764285714286
5.528202385714286
5.567107742857143
3.5

11.464120328571429
11.377639
0.0
0.12860882857142858
0.0650229
5.662828128571428
5.649787971428571
3.5

11.229093599999999
11.175761571428572
0.0
0.09044877142857143
0.059805
5.556179771428571
5.5597768
3.5

11.2716394
11.13051457142857
0.0
0.17344134285714286
0.05121262857142857
5.496291742857143
5.5830102
3.5

11.24986932857143
11.193193314285715
0.0
0.08951377142857143
0.05248264285714285
5.4313378142857145
5.709372857142857
3.5

11.198637485714286
11.159236
0.0
0.07613012857142858
0.053485257142857144
5.472706228571429
5.633044514285714
3.5

11.972930014285714
11.923788385714285
0.0
0.09207558571428572
0.059570171428571426
5.9786971285714285
5.885521085714285
3.238095238095238
