
12.149841814285715
12.153116
0.0
0.15047827142857143
0.3288231857142857
5.738097528571429
6.086195285714285
3.130434782608696

11.7583971
11.646240157142858
0.0
0.19912507142857142
0.14921279999999998
5.713801357142858
5.783226
3.3333333333333335

11.586459771428572
11.51235947142857
0.0
0.1321717
0.0929999
5.753782928571428
5.665576642857142
3.5

11.697649357142856
11.609619028571428
0.0
0.13576621428571428
0.08760180000000001
5.510207514285715
6.0118097142857145
3.5

11.33620992857143
11.269299685714286
0.0
0.11989585714285715
0.08177332857142858
5.550937
5.636589357142857
3.5

11.331365371428571
11.276809614285716
0.0
0.09596012857142858
0.06550625714285714
5.5353308
5.675972557142858
3.5

11.168476742857143
11.085891157142857
0.0
0.11711212857142858
0.052276885714285716
5.459684857142857
5.573929414285715
3.5

11.122466228571428
11.059345728571428
0.0
0.09818372857142857
0.05306264285714286
5.4459647
5.560318385714286
3.5

11.141299414285713
11.102812471428571
0.0
0.07452442857142856
0.0570975
5.4705568285714286
5.575158142857143
3.5

11.718657714285715
11.548538471428571
0.0
0.21842614285714287
0.07109111428571428
5.894883328571429
5.582564028571428
3.238095238095238
