
0.247168043
0.12626479
-0.332591136
0.45885592599999997
0.120903253
8.629310344827585

0.179607708
0.072011934
-0.186091435
0.258103369
0.107595774
9.154545454545454

0.110782549
0.045204709
-0.236765092
0.28196980099999996
0.06557784
9.794117647058824

0.107028227
0.038939527
-0.164626941
0.203566468
0.0680887
9.754901960784315

0.088383104
0.04160537
-0.192550004
0.234155374
0.046777733999999994
10.0

0.073829886
0.035100709
-0.144534014
0.179634723
0.038729177000000004
9.757281553398059

0.078748165
0.014424606
-0.232173342
0.246597948
0.064323559
9.92079207920792

0.05128067
0.011104705
-0.142868572
0.153973277
0.040175964999999994
10.0

0.051988102
0.010798571
-0.157324188
0.16812275899999998
0.041189531
9.900990099009901

0.074534738
0.012794724
-0.18949502799999998
0.20228975200000002
0.061740014
9.00909090909091
