
0.292913403
0.09272747
-0.429881024
0.522608494
0.20018593299999998
8.629310344827585

0.118401031
0.050552623
-0.212844297
0.26339692
0.067848408
9.154545454545454

0.135618258
0.047686347999999996
-0.188579807
0.236266155
0.08793191
9.794117647058824

0.14768128700000002
0.05353357
-0.157847559
0.21138112899999997
0.094147717
9.660194174757281

0.110725137
0.051103444000000005
-0.193675554
0.244778998
0.059621692999999996
10.0

0.058777951
0.014814738
-0.156294946
0.171109684
0.043963213
9.757281553398059

0.097048352
0.019940504
-0.150407381
0.170347885
0.07710784799999999
10.02

0.080121704
0.018514302
-0.146642472
0.165156774
0.061607402
10.0

0.101591596
0.029944722
-0.14385240100000002
0.173797123
0.071646874
9.900990099009901

0.110365468
0.040303999
-0.20994912899999998
0.250253128
0.070061469
9.00909090909091
