
13.679914733333332
13.639602333333334
0.0
0.20214086666666667
0.1961531
7.406318133333333
6.0371311
1.3636363636363635

13.544884966666666
13.522088566666666
0.0
0.10519486666666666
0.3388988333333333
6.177347033333334
7.0058427000000005
1.5

12.414620166666666
12.378035933333333
0.0
0.09219203333333334
0.12519266666666667
6.180899133333334
6.071944133333334
1.5

12.714758199999999
12.6077869
0.0
0.15071479999999998
0.06888566666666668
6.194769099999999
6.344132133333334
1.5

12.534137733333333
12.491852433333333
0.0
0.08882523333333334
0.07916363333333333
6.4901871
5.9225017
1.5

12.391014766666668
12.374592166666666
0.0
0.058473800000000006
0.1283292
6.022639766666667
6.2236232000000005
1.5

12.537004366666666
12.423141966666666
0.0
0.15278523333333333
0.0640745
6.092200833333333
6.266866633333334
1.5

12.055393466666667
12.0371317
0.0
0.04919936666666667
0.05185713333333333
5.879932433333334
6.105342133333334
1.5

12.303739066666667
12.287781366666668
0.0
0.046205800000000005
0.0562679
5.988118466666667
6.243395
1.5

12.132423833333334
12.112911066666667
0.0
0.05465623333333333
0.052508533333333336
5.887786766666666
6.172615766666667
1.5
