
13.126835199999999
13.759647666666666
0.0
0.20622970000000002
1.5025404
5.734550133333334
6.522557133333334
1.3636363636363635

12.703343533333333
12.647114
0.0
0.1411923
0.15481096666666666
6.1623599
6.329943133333334
1.5

12.798079033333334
12.7629839
0.0
0.12027276666666667
0.12569283333333334
6.331238133333334
6.3060529333333335
1.5

12.212369333333333
12.169187533333334
0.0
0.09578210000000001
0.0911323
5.872636
6.205419233333333
1.5

12.080096699999999
12.045890866666667
0.0
0.0973538
0.10177516666666667
5.730019833333333
6.214095866666666
1.5

12.326617833333334
12.345116699999998
0.0
0.0656785
0.10739106666666666
6.036834566666666
6.200891066666666
1.5

12.214825866666667
12.18545
0.0
0.07440573333333333
0.0675407
5.9903676
6.1275417
1.5

12.032531833333334
11.961680466666667
0.0
0.11201583333333333
0.06128446666666667
5.7553450999999995
6.1450509
1.5

11.978077766666667
11.916998133333333
0.0
0.10138206666666666
0.059145
5.7221616
6.1356915333333335
1.5

12.424583433333334
12.384790866666668
0.0
0.07781060000000001
0.05636213333333333
5.897336233333333
6.4310925
1.5
