
13.583624966666667
13.5414171
0.0
0.1917112
0.1982761
6.883141533333333
6.459999466666667
1.3636363636363635

12.7121244
12.663602733333333
0.0
0.12446186666666667
0.11031076666666666
6.261264966666666
6.292027
1.5

12.932683
12.9151188
0.0
0.10151373333333334
0.1228104
6.244232466666666
6.548075933333333
1.5

12.657934800000001
12.520325666666666
0.0
0.19314513333333333
0.083742
6.555350166666667
5.8812335
1.5

12.394096033333334
12.296461433333334
0.0
0.15020473333333334
0.079949
6.032771866666666
6.183740566666667
1.5

12.558433800000001
12.488406766666667
0.0
0.1544378
0.11136896666666667
6.226353866666666
6.150683933333333
1.5

12.415390933333333
12.392169866666666
0.0
0.06440733333333333
0.0650182
5.927604866666666
6.3995467999999995
1.5

12.0795545
12.053594333333335
0.0
0.0655463
0.0595615
5.8441205
6.149912333333333
1.5

12.228837333333335
12.210632966666667
0.0
0.05659903333333333
0.0581926
5.980420633333334
6.172019733333333
1.5

12.101355166666666
12.032609633333333
0.0
0.10464763333333334
0.05278016666666666
5.833855266666666
6.1459742
1.5
