
14.394310033333333
14.255395366666667
0.0
0.31576043333333337
0.2265692
7.5187998
6.510026366666667
1.3636363636363635

13.187795666666666
13.122849866666668
0.0
0.16746670000000002
0.1445286
6.674866266666666
6.303455
1.5

13.585808333333334
13.6619429
0.0
0.16311253333333334
0.34508106666666666
3.8780976000000003
9.438764233333332
1.5

12.542488233333332
12.485143166666665
0.0
0.11006383333333333
0.07862093333333334
6.1329085999999995
6.273613633333333
1.5

13.4274311
13.350342633333334
0.0
0.18269036666666666
0.15232776666666667
6.1406152
7.057399666666667
1.5

12.832831800000001
12.805374266666668
0.0
0.12184063333333334
0.1648482
6.363582066666666
6.276944
1.5

12.7369675
12.663552800000001
0.0
0.12469623333333334
0.08568293333333334
6.042935933333333
6.534933933333334
1.5

12.133914266666668
12.120862666666666
0.0
0.05459113333333333
0.06601683333333333
5.899991066666667
6.154854766666666
1.5

12.2924966
12.271565866666668
0.0
0.0600915
0.0787168
5.9781618666666665
6.2146872
1.5

12.435260300000001
12.4177859
0.0
0.056804433333333335
0.0554422
6.1562235
6.2061202
1.5
