
12.9831252
12.979149
0.0
0.17349483333333335
0.4246160333333333
5.919271333333333
6.635261633333334
1.3636363636363635

13.223214666666665
13.2036356
0.0
0.0991375
0.21130323333333334
6.273134833333333
6.719197533333333
1.5

12.764863533333333
12.536259733333333
0.0
0.3321245333333333
0.2240205
6.026091366666666
6.286147866666666
1.5

12.620763766666668
12.5398764
0.0
0.1325574
0.08419560000000001
6.331770733333333
6.123910066666666
1.5

12.405225366666667
12.353340333333334
0.0
0.10006323333333333
0.07248310000000001
5.9427197000000005
6.338137533333334
1.5

12.270329066666667
12.233708199999999
0.0
0.08399480000000001
0.10093869999999999
6.031279566666666
6.101489933333333
1.5

12.099422266666668
12.0599728
0.0
0.07840526666666667
0.07543823333333334
5.8228479
6.161686666666667
1.5

12.033726266666667
12.015385566666666
0.0
0.052314400000000004
0.0736077
5.803701066666666
6.1380767999999994
1.5

12.009900566666666
11.9861039
0.0
0.06471
0.07678803333333334
5.8174079333333335
6.091907933333333
1.5

12.205591666666667
12.161245366666668
0.0
0.07591743333333334
0.04706223333333333
5.8641749333333335
6.2500082
1.5
