
13.3985958
13.333300566666667
0.0
0.20190493333333331
0.18745603333333333
6.4371407000000005
6.708703833333333
1.3636363636363635

13.058084566666667
13.041303599999999
0.0
0.1114664
0.3884576333333334
6.076887133333334
6.575958833333333
1.5

12.969017366666668
12.942194633333333
0.0
0.10709576666666666
0.11748316666666667
5.967476466666667
6.857235
1.5

12.210725733333332
12.155963733333332
0.0
0.09853916666666668
0.07405389999999999
5.880397933333334
6.201511900000001
1.5

12.6163426
12.590916633333332
0.0
0.0876508
0.14234970000000002
6.3623321
6.086234833333333
1.5

12.387699533333333
12.301558633333332
0.0
0.13362823333333335
0.10685483333333333
6.015419033333333
6.179284766666667
1.5

12.0727668
12.0376376
0.0
0.0841103
0.09637396666666666
5.867837433333333
6.0734262
1.5

12.336066466666667
12.340112633333332
0.0
0.05963823333333333
0.08419013333333333
5.996776666666667
6.259145833333333
1.5

12.0763152
12.055538133333332
0.0
0.054097033333333336
0.0518015
5.864004433333333
6.1397322
1.5

12.117405933333334
12.1021907
0.0
0.0481944
0.051604833333333336
5.870707433333334
6.179878433333333
1.5
