
13.667158033333333
13.6580878
0.0
0.17260196666666666
0.2795781666666667
6.4410199666666665
6.937489666666667
1.3636363636363635

12.753561766666667
12.779497966666666
0.0
0.11659816666666667
0.26880936666666666
6.1468735
6.3638151
1.5

13.143319766666668
13.098488300000001
0.0
0.13480363333333334
0.13457773333333334
6.685101400000001
6.278809166666667
1.5

12.311707933333334
12.231003933333334
0.0
0.14558243333333332
0.09937393333333333
5.8491523
6.2824777
1.5

12.545567199999999
12.513916266666667
0.0
0.1040348
0.10553143333333334
6.162441533333333
6.2459432999999995
1.5

12.372692833333334
12.293733099999999
0.0
0.1284109
0.07522326666666666
5.8138596
6.404650233333333
1.5

12.604137466666668
12.508209366666668
0.0
0.1636910666666667
0.2341054
6.084346666666667
6.1897573
1.5

12.264050166666665
12.240768033333334
0.0
0.06297246666666667
0.06115996666666667
5.877907400000001
6.301700666666667
1.5

11.926222166666665
11.9057288
0.0
0.07539766666666667
0.09428743333333334
5.6688912333333334
6.142550133333334
1.5

12.2861336
12.2338029
0.0
0.0881015
0.0544177
6.3809947000000005
5.7983905
1.5
