
13.166542633333332
13.113278633333334
0.0
0.18225816666666667
0.25064563333333334
6.479450233333333
6.383182766666667
1.3636363636363635

12.846358133333332
12.884036633333332
0.0
0.09173216666666667
0.24898853333333332
6.2871135
6.347934599999999
1.5

13.217323766666668
13.138524666666665
0.0
0.1784467
0.22555883333333335
5.988232933333333
6.9247329
1.5

12.868817266666667
12.797238
0.0
0.1222317
0.10185716666666667
6.044160866666666
6.651219966666667
1.5

12.481238233333332
12.439557033333333
0.0
0.08659196666666666
0.06878663333333333
6.112103166666667
6.258667233333333
1.5

12.366301833333335
12.313311800000001
0.0
0.10385960000000001
0.0779741
5.7803622
6.4549755
1.5

12.1686376
12.131337266666668
0.0
0.0712375
0.10003210000000001
5.942856666666667
6.0884485
1.5

12.024359766666668
11.997408133333332
0.0
0.0587467
0.049089433333333335
5.808926833333333
6.139391866666666
1.5

12.004425699999999
11.970308300000001
0.0
0.07399553333333334
0.0748192
5.758301366666666
6.137187733333334
1.5

12.156410666666666
12.084720066666666
0.0
0.10433426666666666
0.049093533333333335
5.861569666666667
6.174056866666667
1.5
