
13.759292133333332
13.735577333333334
0.0
0.15932333333333334
0.20169073333333334
6.9836334
6.5502532
1.3636363636363635

13.656967033333332
13.608295233333333
0.0
0.12005366666666667
0.23183596666666667
7.394295166666667
5.982164099999999
1.5

13.2446875
13.201838266666668
0.0
0.1142563
0.26270346666666666
6.878824533333333
6.060310266666667
1.5

13.055091599999999
12.894973
0.0
0.21730866666666665
0.1342614
6.721278233333333
6.039433366666667
1.5

12.376302433333334
12.332644033333333
0.0
0.08984356666666667
0.07368519999999999
6.244952733333333
6.0140061
1.5

12.719552266666668
12.705040066666667
0.0
0.05857173333333333
0.06700876666666666
5.9371246
6.7009067
1.5

12.089415566666666
12.059033933333334
0.0
0.06975093333333333
0.06115266666666667
5.887803166666667
6.1100781
1.5

11.852335133333332
11.837193933333333
0.0
0.048674199999999994
0.05160626666666667
5.631830666666667
6.153757
1.5

12.0874432
12.0695168
0.0
0.05038516666666666
0.050484433333333335
5.892252066666666
6.1267803
1.5

12.141267533333334
12.116282666666667
0.0
0.056991099999999996
0.04715846666666667
5.977479166666667
6.091645033333333
1.5
