
13.504859333333334
13.514390866666668
0.0
0.17744883333333333
0.3941091
6.629569733333334
6.490712033333333
1.3636363636363635

12.9970218
12.858967666666667
0.0
0.29445673333333333
0.2158744
6.158266966666667
6.4848263
1.5

12.654412833333334
12.633260033333332
0.0
0.09211563333333334
0.10379463333333333
6.3752208
6.154244599999999
1.5

12.3124547
12.249598166666667
0.0
0.1158505
0.07883773333333334
6.075278633333334
6.0954818
1.5

12.514914433333333
12.461407233333333
0.0
0.11515833333333333
0.1082045
6.2372295
6.115973233333333
1.5

12.435108233333333
12.3560736
0.0
0.12923696666666665
0.07632786666666667
6.2038367999999995
6.075908933333333
1.5

12.109485766666667
12.078957933333333
0.0
0.1067354
0.15250273333333333
5.7739045
6.1525507
1.5

12.134652733333333
12.120273933333333
0.0
0.0558125
0.0771748
5.883955133333334
6.159144
1.5

12.156561666666667
12.122945533333333
0.0
0.06976793333333334
0.0570345
5.957407866666666
6.108503166666667
1.5

12.059963633333332
11.9713264
0.0
0.12250336666666667
0.05008753333333333
5.8345666
6.086672266666667
1.5
