
13.547282233333332
13.5336655
0.0
0.12800013333333332
0.15337563333333334
6.413316099999999
6.9669737666666665
1.3636363636363635

13.032297699999999
12.997203366666668
0.0
0.12609093333333332
0.2527505
6.480969933333333
6.263482933333334
1.5

12.939316466666666
12.918432133333333
0.0
0.0806679
0.10502993333333334
6.7270153666666666
6.086386833333333
1.5

12.533199233333333
12.4725204
0.0
0.1186419
0.09012719999999999
5.922883566666666
6.459509633333334
1.5

12.6955797
12.6837734
0.0
0.06442593333333334
0.08229913333333333
6.209831599999999
6.391642666666667
1.5

12.3448933
12.3353976
0.0
0.05082066666666667
0.0710045
5.941674900000001
6.322718200000001
1.5

12.113475366666668
12.072198133333332
0.0
0.07690306666666667
0.056015433333333337
5.898941866666666
6.117240833333333
1.5

12.1809916
12.161834533333334
0.0
0.05435606666666667
0.062485033333333335
5.9521169333333335
6.147232566666666
1.5

12.132780633333333
12.101043666666666
0.0
0.06474393333333334
0.06382816666666666
5.889404666666667
6.147810833333333
1.5

12.154850633333332
12.362170233333332
0.0
0.05003726666666667
0.27387846666666665
5.703995766666667
6.384296
1.5
