
14.042181466666667
14.088771666666666
0.0
0.22198316666666665
0.5350525
6.548473866666666
7.0052452999999995
1.3636363636363635

12.999984166666666
13.063962733333332
0.0
0.17404416666666667
0.5491079333333333
5.9868299
6.5280249
1.5

13.146242633333333
13.0473474
0.0
0.1942827
0.1399411
6.639433533333333
6.2679727666666665
1.5

12.007195300000001
11.9427348
0.0
0.13150496666666667
0.10814436666666667
5.676453700000001
6.1581367333333334
1.5

12.2668036
12.17865
0.0
0.15609776666666667
0.14131913333333332
5.871304933333334
6.166025933333334
1.5

13.671866133333333
13.349166833333333
0.0
0.38817093333333336
0.1349494
5.825451133333334
7.3887662999999995
1.5

12.322929166666666
12.325656933333333
0.0
0.12600106666666666
0.21549073333333335
6.0913889
6.0187773
1.5

12.185028
12.138361199999999
0.0
0.1040199
0.1498436
5.854096833333333
6.134420766666667
1.5

12.226347800000001
12.181364466666667
0.0
0.0958745
0.09785153333333334
5.9653032
6.118209733333333
1.5

12.189038766666668
12.1904274
0.0
0.059193300000000004
0.0785581
5.895507533333333
6.216361766666666
1.5
