
13.4702334
13.711912366666667
0.0
0.12383116666666667
0.42992006666666666
6.3525427
6.9294496
1.3636363636363635

12.925803933333334
12.9897014
0.0
0.10681460000000001
0.34198033333333333
6.291765533333333
6.355955533333333
1.5

13.176965366666668
13.007074
0.0
0.2439861
0.1786297
6.426382666666667
6.402061633333334
1.5

12.999671366666668
12.944274933333334
0.0
0.12387413333333333
0.11155293333333334
6.814862766666667
6.017859233333334
1.5

12.418448733333333
12.403605433333334
0.0
0.07921366666666667
0.17148006666666668
5.9709604
6.261164966666667
1.5

12.556777033333333
12.519788133333332
0.0
0.07657053333333334
0.11053056666666666
6.5834857
5.825771866666666
1.5

12.046882133333332
12.0314511
0.0
0.05300026666666667
0.06138483333333333
5.778166933333334
6.191899333333333
1.5

12.15462
12.121631066666666
0.0
0.07130489999999999
0.06052476666666667
5.884943333333333
6.176162966666666
1.5

12.2099145
12.181546766666667
0.0
0.06608226666666667
0.0582985
6.023838133333334
6.0994101333333335
1.5

12.3855925
12.375377233333332
0.0
0.0582053
0.06464303333333334
5.986580633333333
6.324153566666666
1.5
