
13.569688966666666
13.247048166666666
0.0
0.45991086666666664
0.2174235
6.278882366666666
6.7507423
1.3636363636363635

13.3624782
13.3066943
0.0
0.15300233333333335
0.2869063
6.826763533333334
6.1930244666666665
1.5

13.232060933333333
13.2123719
0.0
0.11964873333333334
0.13016466666666668
6.2169137333333335
6.8652935
1.5

13.0567133
13.0201377
0.0
0.11081066666666667
0.12147653333333334
6.069410400000001
6.829250766666666
1.5

12.522209366666667
12.5015992
0.0
0.08056156666666667
0.11509843333333333
6.099903066666666
6.286597700000001
1.5

12.144595533333334
12.118282033333333
0.0
0.06959943333333334
0.153631
5.844674133333334
6.1199769
1.5

12.326605033333333
12.298101266666668
0.0
0.06319473333333334
0.0743477
5.7737726
6.449980966666667
1.5

12.1630518
12.148571666666665
0.0
0.0471857
0.0527296
5.902551266666666
6.1932908
1.5

12.180787133333332
12.1553492
0.0
0.061981433333333336
0.05595396666666667
6.1555966
5.9437986333333335
1.5

11.992089266666667
11.992821766666667
0.0
0.048501199999999994
0.06592933333333333
5.784201599999999
6.142690833333333
1.5
