
13.735830966666667
13.590683199999999
0.0
0.3264147666666667
0.23744193333333333
6.436568233333333
6.916673033333333
1.3636363636363635

12.799217166666667
12.772289733333333
0.0
0.11493113333333334
0.18360816666666666
6.3062681
6.282413466666667
1.5

12.994919099999999
12.868018433333333
0.0
0.20111626666666665
0.1682929333333333
6.317278433333334
6.382447066666667
1.5

12.802724366666666
12.776107699999999
0.0
0.09407493333333333
0.11271353333333334
6.034107766666667
6.629286400000001
1.5

12.466054833333335
12.374657833333334
0.0
0.15541273333333333
0.1468815
5.788263433333333
6.4395129
1.5

12.301794966666666
12.200965366666667
0.0
0.1625529
0.08855773333333333
5.9176007
6.194806933333334
1.5

12.226546266666668
12.2134214
0.0
0.09597639999999999
0.11997336666666666
5.985831366666666
6.107616666666667
1.5

12.1749415
12.114435133333332
0.0
0.10340006666666667
0.06501363333333333
5.882139666666667
6.167281833333333
1.5

12.128991599999999
12.092360033333334
0.0
0.07679673333333334
0.06329363333333334
5.862093066666667
6.166973333333333
1.5

12.108714
12.079471766666668
0.0
0.06711493333333333
0.05685223333333333
5.702403933333334
6.3202156
1.5
