
13.766770066666666
13.780007933333334
0.0
0.1237968
0.33078959999999996
6.506962933333334
6.9422554000000005
1.3636363636363635

12.974212166666666
12.952179633333333
0.0
0.0860619
0.20775316666666666
6.320995866666666
6.4234306
1.5

13.702337400000001
13.647634533333333
0.0
0.11968706666666666
0.18898563333333332
7.5445789
5.91407
1.5

12.253001033333334
12.188840533333334
0.0
0.10201593333333334
0.0627405
5.830608366666667
6.295491666666667
1.5

12.117235633333333
12.076708133333334
0.0
0.08117763333333333
0.07161843333333333
5.7895294
6.2155603
1.5

12.401825933333333
12.375201266666668
0.0
0.06820223333333333
0.061838
5.9479709666666665
6.3653923
1.5

12.466806266666667
12.451589866666668
0.0
0.05381973333333333
0.060506033333333334
6.592024266666667
5.799059566666666
1.5

11.8693168
11.8363323
0.0
0.06537416666666666
0.05417533333333334
5.6322109000000005
6.149946066666667
1.5

12.0001493
11.968330666666667
0.0
0.06259866666666666
0.049205533333333336
5.820201
6.098924133333334
1.5

12.069053199999999
12.0426185
0.0
0.05713986666666667
0.0487473
5.795568933333334
6.1983022666666665
1.5
