
13.9763575
13.854637233333332
0.0
0.274003
0.22370166666666666
6.834536433333334
6.796399133333334
1.3636363636363635

13.315587766666667
13.229481033333332
0.0
0.2003293
0.25524
6.182510333333333
6.7917307000000005
1.5

12.851740566666667
12.747828066666667
0.0
0.1828119666666667
0.11516739999999999
6.720694633333334
5.911966033333333
1.5

12.6861353
12.619894
0.0
0.1329385
0.0992304
6.3080923
6.2125713
1.5

12.794148133333334
12.709366433333333
0.0
0.1509674
0.09690389999999999
6.378111033333333
6.2343515
1.5

13.056437266666668
12.9836306
0.0
0.13481946666666667
0.14919546666666667
6.661286
6.173149133333334
1.5

13.0786233
12.906485933333334
0.0
0.25141203333333334
0.12610593333333334
6.1596851
6.6206949
1.5

12.236025966666666
12.1874629
0.0
0.0988362
0.0737643
5.9317287
6.1819699
1.5

12.218590433333334
12.1764133
0.0
0.08575063333333333
0.0680349
5.798394533333333
6.309983866666666
1.5

12.089891199999999
12.0660534
0.0
0.06211983333333333
0.05568803333333333
5.8642355
6.146129866666667
1.5
