
13.903730766666667
13.8087038
0.0
0.24525239999999998
0.18491796666666668
7.129185866666666
6.494599966666667
1.3636363636363635

13.263067166666666
13.267395800000001
0.0
0.11919823333333333
0.25742933333333334
6.503613533333334
6.506352933333334
1.5

13.083937933333333
13.074859400000001
0.0
0.09504566666666667
0.2190176
6.5117617999999995
6.34408
1.5

12.794253833333334
12.754337966666666
0.0
0.09701176666666667
0.09668703333333334
6.263931133333334
6.3937197999999995
1.5

12.328128300000001
12.248747333333334
0.0
0.1268889
0.10379636666666667
5.906067533333333
6.238883433333333
1.5

12.336288066666667
12.332003533333333
0.0
0.0509019
0.07003213333333333
6.0317671
6.2302043
1.5

12.376800066666666
12.343749066666666
0.0
0.0755963
0.06627163333333333
5.965466866666667
6.312010566666666
1.5

12.103766199999999
12.088722433333334
0.0
0.04841906666666666
0.05313073333333333
5.9050737
6.130518
1.5

12.159962233333333
12.143096966666667
0.0
0.049245
0.06024906666666666
5.957562366666666
6.125285533333333
1.5

12.0210932
12.004757066666667
0.0
0.0470008
0.045708566666666665
5.854551266666666
6.104497233333333
1.5
