
13.827272433333334
13.7670035
0.0
0.22341563333333334
0.45074159999999996
6.526471266666666
6.789790633333333
1.3636363636363635

12.870349566666667
12.8130123
0.0
0.12583123333333335
0.23731946666666667
6.0948709
6.480821933333334
1.5

13.696913266666668
13.658783333333334
0.0
0.10529953333333333
0.16534856666666667
7.004316766666666
6.489118
1.5

12.691312366666667
12.6628685
0.0
0.08053256666666667
0.07924026666666666
6.235850766666666
6.347777466666667
1.5

12.565320866666667
12.521089266666667
0.0
0.09695576666666667
0.08766396666666666
6.221500666666667
6.211924633333334
1.5

12.602892733333332
12.583098633333332
0.0
0.06626973333333333
0.07072613333333333
6.267442233333333
6.244930266666667
1.5

12.262021966666667
12.221150033333334
0.0
0.10065563333333333
0.082645
5.8622663
6.276238733333334
1.5

12.176614800000001
12.149096733333332
0.0
0.06172243333333333
0.0803329
5.9024972
6.166266633333334
1.5

12.269617633333333
12.2019286
0.0
0.11263183333333333
0.07741346666666667
5.957298533333333
6.1672166
1.5

12.085430533333334
12.066808933333334
0.0
0.05131236666666667
0.0482601
5.839211033333333
6.1793378
1.5
