
13.5519001
13.5197923
0.0
0.19885596666666666
0.22485460000000002
6.779867433333334
6.515070266666666
1.3636363636363635

13.5904296
13.570072099999999
0.0
0.1320189333333333
0.3299136
6.5444322999999995
6.6957262
1.5

13.787748666666666
13.640531933333333
0.0
0.24036023333333334
0.27843429999999997
7.314963933333334
6.0471337
1.5

12.307714733333333
12.232097300000001
0.0
0.15350623333333333
0.11305130000000001
5.9427444000000005
6.1763015999999995
1.5

12.485626733333332
12.411191133333332
0.0
0.15865326666666665
0.12080393333333334
6.0922202
6.198167
1.5

12.860348766666668
12.760181733333333
0.0
0.180188
0.19189796666666667
6.433536533333333
6.134747233333333
1.5

12.3261453
12.280608866666666
0.0
0.10867689999999999
0.09783633333333333
5.7872778
6.395494733333333
1.5

12.1421122
12.1148103
0.0
0.0863565
0.08566703333333334
5.8873514
6.141791866666666
1.5

12.394228
12.339737766666667
0.0
0.1114078
0.079985
6.225831933333334
6.033920833333333
1.5

12.144106233333332
12.112178333333334
0.0
0.0898695
0.08360566666666668
5.905317466666666
6.1232552
1.5
