
0.6229750799999999
0.30436732
-0.37772424
0.68209156
0.31860776
5.2631578947368425

0.20545982000000002
0.059242199999999995
-0.1724011
0.2316433
0.14621762
10.0

0.13117
0.0456265
-0.1277439
0.1733704
0.0855435
10.0

0.14305224
0.0523796
-0.1327955
0.1851751
0.09067264
10.0

0.09439244000000001
0.031847099999999996
-0.102541
0.1343881
0.06254533999999999
10.0

0.11255503
0.0352546
-0.1136386
0.1488932
0.07730042999999999
10.0

0.08605606
0.0205901
-0.0914506
0.1120407
0.06546596
10.0

0.09200163
0.0234872
-0.10420789999999999
0.1276951
0.06851442999999999
10.0

0.10329449
0.027345
-0.1156227
0.1429677
0.07594949000000001
10.0

0.08528475
0.0219205
-0.0808192
0.1027397
0.06336425
10.0
