
0.3731971
0.10749572
-0.6129819799999999
0.7204777
0.26570138
5.2631578947368425

0.20866235
0.07192810000000001
-0.2390018
0.31092990000000004
0.13673425
10.0

0.18821826
0.0573435
-0.2120255
0.269369
0.13087476
10.0

0.16615979
0.051575699999999995
-0.199917
0.2514927
0.11458409
10.0

0.13717079000000001
0.041511099999999995
-0.17883929999999998
0.2203504
0.09565969
10.0

0.14810428
0.041747900000000004
-0.1595762
0.2013241
0.10635638
10.0

0.15875074
0.034702300000000005
-0.15341470000000001
0.188117
0.12404844
10.0

0.1179867
0.029883299999999998
-0.1352234
0.16510670000000002
0.0881034
10.0

0.11269272999999999
0.031848
-0.139248
0.171096
0.08084472999999999
10.0

0.12469856
0.035346
-0.1315437
0.1668897
0.08935256
10.0
