
0.5295074399999999
0.32946959000000003
-0.42876656
0.75823615
0.20003785000000002
5.2631578947368425

0.17827010000000001
0.0690128
-0.1860371
0.2550499
0.1092573
10.0

0.17161028
0.05741
-0.169226
0.226636
0.11420028
10.0

0.1448843
0.0458255
-0.1490265
0.194852
0.0990588
10.0

0.11536331
0.038296199999999996
-0.1278651
0.16616129999999998
0.07706711
10.0

0.12202555999999999
0.039552800000000006
-0.1422515
0.1818043
0.08247275999999999
10.0

0.14361623
0.0300464
-0.1170803
0.1471267
0.11356983
10.0

0.10560833
0.0295805
-0.11883919999999999
0.14841970000000002
0.07602783
10.0

0.11883633
0.0364733
-0.1337226
0.17019589999999998
0.08236303
10.0

0.10381164999999999
0.0309127
-0.09703869999999999
0.1279514
0.07289895
10.0
