
11.476333619999998
11.296280869999999
10.079172609999999
1.21710826
0.18005275
5.2631578947368425

11.766708470000001
11.649437599999999
10.8932539
0.7561836999999999
0.11727087
10.0

11.92833286
11.8030529
11.0297599
0.773293
0.12527996
10.0

11.426328199999999
11.319667599999999
10.474462800000001
0.8452048000000001
0.10666060000000001
10.0

11.93230637
11.8432927
11.1612708
0.6820219000000001
0.08901367
10.0

12.31707164
12.222221300000001
11.5745472
0.6476741
0.09485033999999999
10.0

12.00517678
11.8317015
11.2388836
0.5928179
0.17347528
10.0

11.183725039999999
11.0676223
10.457298199999999
0.6103240999999999
0.11610274000000001
10.0

11.11100748
11.049391
10.4487145
0.6006765
0.06161648
10.0

10.95817592
10.8877273
10.3687619
0.5189654
0.07044861999999999
10.0
