
0.50216503
0.33476482
-1.15731403
1.4920788500000002
0.16740021
5.2631578947368425

0.16450432
0.06348430000000001
-0.1689849
0.23246920000000001
0.10102002
10.0

0.16219058
0.0539167
-0.1544388
0.2083555
0.10827388
10.0

0.13514624
0.042585
-0.1377704
0.1803554
0.09256124
10.0

0.12458559
0.0393221
-0.1455596
0.1848817
0.08526349000000001
10.0

0.11461892
0.0380637
-0.119897
0.1579607
0.07655522000000001
10.0

0.11283025
0.0293467
-0.1141667
0.14351339999999999
0.08348355
10.0

0.10651591
0.0272935
-0.1174485
0.144742
0.07922241000000001
10.0

0.10448326
0.0335495
-0.1104905
0.14404
0.07093376
10.0

0.13279779
0.0327571
-0.139911
0.17266810000000002
0.10004069
10.0
