
0.76504605
0.5693924
-0.41032209999999997
0.9797145
0.19565364999999998
5.2631578947368425

0.4489428
0.07477189999999999
-1.0188552
1.0936271000000002
0.37417090000000003
10.0

0.17017725
0.054384199999999994
-0.1659921
0.2203763
0.11579305000000001
10.0

0.14177177
0.0464177
-0.154574
0.20099170000000002
0.09535407000000001
10.0

0.11970354
0.0387476
-0.1347734
0.173521
0.08095594
10.0

0.14546736
0.0481307
-0.1548824
0.2030131
0.09733666
10.0

0.10771536999999999
0.0309625
-0.1195377
0.1505002
0.07675287
10.0

0.1486653
0.0252578
-0.1073107
0.1325685
0.1234075
10.0

0.16028277
0.027399200000000002
-0.1119161
0.13931529999999998
0.13288357
10.0

0.10570589
0.0289644
-0.1033791
0.1323435
0.07674149000000001
10.0
