
0.62450284
0.08083519
-0.43053471000000004
0.5113699
0.5436676500000001
5.2631578947368425

0.15408839000000002
0.0506693
-0.1788721
0.2295414
0.10341908999999999
10.0

0.13117385
0.0454597
-0.1343437
0.1798034
0.08571414999999999
10.0

0.11866771000000001
0.0374961
-0.12295210000000001
0.1604482
0.08117161
10.0

0.08891800999999999
0.0284154
-0.109557
0.1379724
0.06050261
10.0

0.11189225
0.0349314
-0.12457489999999999
0.1595063
0.07696085000000001
10.0

0.09318828
0.0238681
-0.0947084
0.1185765
0.06932018
10.0

0.08358705
0.0237247
-0.0914638
0.1151885
0.05986235
10.0

0.07852083
0.0206241
-0.100667
0.1212911
0.05789673
10.0

0.07920745
0.0199932
-0.0815945
0.1015877
0.05921425
10.0
