
0.74592986
0.3884333
-0.50142631
0.88985961
0.35749656
5.2631578947368425

0.16117475
0.057583
-0.17867470000000002
0.23625770000000001
0.10359175
10.0

0.14557347
0.0491745
-0.15147739999999998
0.2006519
0.09639897
10.0

0.11866615
0.037218
-0.1369755
0.1741935
0.08144815
10.0

0.1002525
0.0336018
-0.12499439999999999
0.15859620000000002
0.0666507
10.0

0.19932306
0.1222728
-0.121267
0.2435398
0.07705026
10.0

0.09408161
0.024043400000000003
-0.1093335
0.1333769
0.07003821
10.0

0.08026424
0.0208023
-0.0955037
0.116306
0.059461940000000005
10.0

0.07907628
0.0214753
-0.0956832
0.1171585
0.05760098
10.0

0.08915603999999999
0.023985299999999998
-0.08177910000000001
0.1057644
0.06517074
10.0
