
0.69235363
0.5145039699999999
-0.41559653999999996
0.93010051
0.17784966
5.2631578947368425

0.16458882
0.0606806
-0.1544381
0.21511870000000002
0.10390822
10.0

0.32076978
0.23140529999999998
-1.064171
1.2955763
0.08936448
10.0

0.11775921
0.0400892
-0.1305316
0.1706208
0.07767001
10.0

0.09108775999999999
0.030367099999999998
-0.1134252
0.14379229999999998
0.06072066
10.0

0.11225106
0.036756300000000006
-0.1195724
0.15632870000000001
0.07549476
10.0

0.09256416
0.0241025
-0.09242389999999999
0.11652639999999999
0.06846166000000001
10.0

0.07628022
0.0202955
-0.0914346
0.11173010000000001
0.05598472
10.0

0.07312766999999999
0.0194833
-0.08979569999999999
0.109279
0.053644370000000004
10.0

0.08063851
0.022780599999999998
-0.08319710000000001
0.1059777
0.057857910000000005
10.0
