
0.5126214099999999
0.30610497999999997
-0.35804706
0.66415204
0.20651643
5.2631578947368425

0.28921049
0.056981300000000006
-0.15048979999999998
0.20747110000000002
0.23222919
10.0

0.12822613
0.044467099999999996
-0.12084660000000001
0.1653137
0.08375903
10.0

0.11865194
0.0371315
-0.1177279
0.15485939999999998
0.08152044
10.0

0.10195101
0.0358484
-0.105077
0.1409254
0.06610261
10.0

0.15366159
0.041904199999999996
-0.11092360000000001
0.15282779999999999
0.11175739
10.0

0.25682669
0.070724
-0.1335748
0.20429879999999997
0.18610269000000002
10.0

0.08084946000000001
0.020206400000000003
-0.0930637
0.11327010000000001
0.06064306
10.0

0.07546663
0.0206379
-0.0888794
0.1095173
0.054828730000000006
10.0

0.08819553
0.022339400000000002
-0.0862448
0.10858419999999999
0.06585613
10.0
