
0.56941252
0.21799342000000002
-0.40659069
0.62458411
0.3514191
5.2631578947368425

0.15419903
0.056163300000000006
-0.16380060000000002
0.2199639
0.09803573
10.0

0.13622877
0.044838199999999995
-0.1338865
0.17872470000000001
0.09139057
10.0

0.13337493
0.047611099999999996
-0.1293066
0.1769177
0.08576383
10.0

0.09888219000000001
0.034418199999999996
-0.10960489999999999
0.14402310000000001
0.06446399
10.0

0.11863945
0.036221
-0.1231025
0.1593235
0.08241844999999999
10.0

0.08973222
0.021929900000000002
-0.0952585
0.1171884
0.06780232000000001
10.0

0.07267797999999999
0.0208795
-0.089528
0.1104075
0.05179848
10.0

0.07612406
0.0210652
-0.0886323
0.1096975
0.05505886
10.0

0.08415892
0.0226318
-0.0850198
0.1076516
0.061527120000000005
10.0
