
0.54875197
0.35185973
-0.4686705
0.82053023
0.19689224
5.2631578947368425

0.15688778
0.0579454
-0.152588
0.21053339999999998
0.09894238000000001
10.0

0.1317394
0.0449101
-0.1372205
0.1821306
0.0868293
10.0

0.11325575
0.0403659
-0.11852539999999999
0.15889129999999999
0.07288985
10.0

0.09567042999999999
0.031457900000000004
-0.12388880000000001
0.1553467
0.06421253
10.0

0.09904321
0.0317773
-0.1055123
0.1372896
0.06726591
10.0

0.09273305
0.0221299
-0.1105681
0.132698
0.07060314999999999
10.0

0.07517104
0.0194632
-0.089257
0.1087202
0.055707839999999995
10.0

0.07314103999999999
0.0203763
-0.0871815
0.10755780000000001
0.05276474
10.0

0.07755922999999999
0.0233724
-0.07777389999999999
0.10114630000000001
0.05418683
10.0
