
23.752343266666667
23.819077033333336
0.0
0.19442123333333333
0.3217713666666666
11.366682466666667
12.130623199999999
1.55

22.343649033333335
22.236667866666668
0.0
0.1637575
0.10063383333333333
11.086551066666667
11.049482966666666
1.5

23.069789399999998
22.142617433333335
0.0
0.9938559333333333
0.1103208
10.925012633333333
11.107284
1.5

22.141498866666666
22.061293266666667
0.0
0.1290803
0.07447519999999999
10.769087166666665
11.217730900000001
1.45

22.677745466666664
22.655024066666666
0.0
0.06784206666666666
0.07566963333333333
10.984557866666668
11.594796566666666
1.5

22.180447266666665
22.116489433333335
0.0
0.10625506666666666
0.06964816666666668
10.995462766666668
11.0513785
1.5

22.156837866666667
22.132882300000002
0.0
0.06334756666666666
0.06730883333333333
11.0112766
11.054296866666666
1.5

22.140411966666665
22.125803633333334
0.0
0.047851066666666664
0.06303343333333333
10.942048333333334
11.120721866666667
1.5

22.359006033333333
22.32908786666667
0.0
0.05967786666666667
0.07231983333333333
11.0136724
11.243095633333333
1.5

22.121733266666666
22.08418533333333
0.0
0.071695
0.04965616666666666
10.972526433333334
11.062002733333333
1.5
