
46.56198096666667
35.006559366666664
11.208368533333333
0.34705306666666663
1.5598231
21.401078766666664
12.0456575
1.55

43.30650446666667
33.425326033333334
9.728540366666667
0.15263806666666668
1.1333686333333333
20.535902766666666
11.756054633333333
1.5

41.72710743333333
33.051103133333335
8.468281966666666
0.20772233333333334
1.1361085333333334
21.21252266666667
10.702471933333333
1.5

42.1527253
32.7467908
9.2864044
0.1195301
0.9776906
20.6443537
11.1247465
1.45

42.527123
32.60721566666667
9.7142025
0.20570483333333334
1.0340797666666668
20.392156466666666
11.180979433333334
1.5

42.936775700000005
32.6904175
10.012082833333334
0.23427536666666668
0.6990085666666667
20.776295100000002
11.215113833333334
1.5

42.901386366666664
32.7281317
10.0162984
0.15695626666666665
0.6881755
20.767241733333336
11.272714466666667
1.5

42.93307686666667
32.5718092
10.100530699999998
0.2607369666666667
0.7471470333333333
20.6536182
11.171043966666668
1.5

42.69820796666667
32.56404473333333
9.8717158
0.26244743333333337
0.6821003
20.695009199999998
11.186935233333333
1.5

42.251499366666664
32.50333833333333
9.488996533333333
0.2591645
0.6929849333333333
20.6534175
11.1569359
1.5
