
22.818652566666668
22.8928819
0.0
0.21667826666666667
0.32786143333333334
11.052904666666667
11.5121158
1.55

22.65935066666667
22.55635666666667
0.0
0.1537151
0.08011596666666666
11.833140333333334
10.643100366666667
1.5

22.401138566666667
22.3408896
0.0
0.11240710000000001
0.07675883333333333
11.019240466666666
11.244890300000002
1.5

22.338388
22.275740566666666
0.0
0.1035326
0.06451933333333333
10.852693733333332
11.3585275
1.45

22.110702433333334
22.094026566666667
0.0
0.05960386666666667
0.06895623333333334
10.888962833333334
11.1361075
1.5

22.305031966666665
22.304558166666666
0.0
0.06461426666666667
0.15156883333333335
10.970531366666668
11.182457966666666
1.5

22.11280186666667
22.0886234
0.0
0.06264766666666667
0.06779276666666666
10.916821166666667
11.104009466666668
1.5

22.192710266666666
22.175899
0.0
0.048441566666666665
0.04989246666666667
10.9007347
11.225271833333334
1.5

22.004059833333333
21.976574566666667
0.0
0.0568443
0.04616276666666667
10.901170800000001
11.029241
1.5

21.984255033333334
21.954218566666665
0.0
0.062150033333333334
0.0479918
10.908449300000001
10.997777466666667
1.5
