
22.931662133333333
23.001640833333333
0.0
0.21428003333333331
0.49774536666666663
11.6151056
10.888789866666666
1.55

22.561432433333334
22.470216899999997
0.0
0.16341043333333333
0.10520623333333334
11.297963266666667
11.0670474
1.5

22.1958074
22.125342233333335
0.0
0.13623046666666666
0.10098453333333333
10.882228699999999
11.142129
1.5

22.091988
22.030011233333333
0.0
0.1190461
0.2907565
10.596216266666667
11.143038466666667
1.45

22.318377233333333
22.284999933333335
0.0
0.0943487
0.09732436666666666
10.9485827
11.239092866666667
1.5

22.42413266666667
22.412122333333333
0.0
0.06725923333333333
0.07982239999999999
11.430434733333332
10.9018652
1.5

22.1488605
22.124029033333336
0.0
0.0966058
0.10128530000000001
10.792805966666666
11.229937766666668
1.5

22.15252016666667
22.1200961
0.0
0.07713410000000001
0.07222436666666666
11.0050812
11.042790533333333
1.5

22.411205666666667
22.384053266666665
0.0
0.0679738
0.06208576666666667
10.922822033333333
11.399145466666667
1.5

22.246741
22.2275001
0.0
0.06600463333333333
0.06600826666666666
10.971773
11.189718833333334
1.5
