
23.164458933333332
23.23988466666667
0.0
0.19932186666666668
0.35311623333333336
11.263759833333333
11.6230086
1.55

22.751949766666666
22.6170625
0.0
0.20395756666666667
0.10312930000000001
11.135735466666667
11.378197733333332
1.5

22.208972966666664
22.1210258
0.0
0.16962633333333335
0.11627910000000001
10.898196866666668
11.106549833333334
1.5

22.162087399999997
22.082008766666664
0.0
0.1343584
0.09139806666666667
10.838753733333332
11.151856966666667
1.45

22.224489433333332
22.194197533333334
0.0
0.09471606666666667
0.09313010000000001
10.935470733333332
11.1655967
1.5

22.364590433333333
22.311438866666666
0.0
0.1053622
0.08299530000000001
11.0345223
11.193921266666667
1.5

22.210468566666666
22.211312
0.0
0.08029623333333334
0.12076933333333333
10.925018300000001
11.165524366666666
1.5

22.140026666666667
22.111225
0.0
0.069544
0.07678526666666666
10.938839699999999
11.095600033333334
1.5

22.016306800000002
21.979436433333333
0.0
0.0808704
0.0722546
10.800417266666667
11.106764566666666
1.5

21.9062778
21.878621933333335
0.0
0.07008203333333334
0.0618636
10.691837966666666
11.124920366666666
1.5
