
23.2492159
23.320704666666668
0.0
0.22244239999999998
0.43385996666666665
11.9267867
10.960058
1.55

22.8787418
22.817781233333335
0.0
0.12987266666666666
0.09842333333333333
11.088430266666668
11.630927633333332
1.5

22.6240609
22.560667233333334
0.0
0.12290476666666666
0.08799056666666667
10.971360133333333
11.501316533333334
1.5

22.325931399999998
22.28328936666667
0.0
0.0845794
0.06527140000000001
10.838024066666666
11.3799939
1.45

22.210872666666667
22.210344733333333
0.0
0.06316666666666666
0.08953943333333333
11.0310315
11.089773800000001
1.5

22.3053101
22.288609366666666
0.0
0.058962966666666665
0.07394263333333333
11.503937
10.710729733333332
1.5

22.346906333333333
22.3279158
0.0
0.05903066666666666
0.06071306666666666
10.914975433333334
11.352227300000001
1.5

22.129354566666667
22.110005566666665
0.0
0.053003699999999994
0.052282300000000004
11.123050333333333
10.934672933333333
1.5

22.125712699999998
22.040977733333335
0.0
0.11529546666666667
0.04749636666666667
10.829552666666666
11.1639287
1.5

22.030973433333333
22.010844433333332
0.0
0.05501536666666667
0.05082626666666667
10.8762481
11.083770066666666
1.5
