
23.560364466666666
23.650421066666667
0.0
0.27650046666666667
0.4224505
11.877008166666666
11.3509624
1.55

23.299141
22.649157233333334
0.0
0.7409400333333334
0.3045506333333334
11.082480766666668
11.262125833333334
1.5

22.666400433333333
22.6200609
0.0
0.18046146666666668
0.26704056666666665
11.155308566666667
11.197711766666668
1.5

22.794798266666664
22.7024012
0.0
0.17585693333333333
0.12021536666666667
11.358208166666666
11.223977666666666
1.45

22.804127100000002
22.764784300000002
0.0
0.11158539999999999
0.11636853333333334
12.06267
10.585745766666667
1.5

22.429856766666667
22.408770966666665
0.0
0.08924453333333333
0.10062226666666667
10.998184933333334
11.309963766666668
1.5

22.818652933333333
22.7937006
0.0
0.09148696666666666
0.10092480000000001
11.006702133333333
11.686073666666665
1.5

22.419420366666667
22.375183966666665
0.0
0.1006685
0.11104633333333333
11.0779861
11.186151533333334
1.5

22.288419433333335
22.264489266666665
0.0
0.07392763333333333
0.07692193333333333
11.050562466666667
11.137004866666667
1.5

22.271619100000002
22.247060633333334
0.0
0.08511160000000001
0.0874398
10.996475466666666
11.163145366666667
1.5
