
23.465840533333335
23.454646733333334
0.0
0.30043606666666667
0.37491456666666667
11.280651233333332
11.799080933333334
1.55

22.8729195
22.810200566666666
0.0
0.14791413333333334
0.15785273333333333
11.290801733333332
11.3615461
1.5

22.692262933333332
22.5814805
0.0
0.1828604
0.102494
11.020272833333333
11.458713666666666
1.5

22.149828633333332
22.0909974
0.0
0.10774723333333333
0.07331513333333334
10.8641936
11.153488666666666
1.45

22.222068800000002
22.2036037
0.0
0.08188396666666665
0.12396096666666666
10.929616699999999
11.150026033333333
1.5

22.049872899999997
22.0532371
0.0
0.06889089999999999
0.14041026666666667
10.900852033333333
11.0119748
1.5

22.120988699999998
22.104259766666665
0.0
0.06740066666666668
0.08399516666666668
10.874363133333333
11.145901466666666
1.5

22.133407300000002
22.107703100000002
0.0
0.0646659
0.058429833333333334
11.016045666666667
11.0332276
1.5

22.098150233333335
22.0638021
0.0
0.07617683333333333
0.06513186666666666
10.816964133333332
11.1817061
1.5

22.131444033333334
22.111097766666667
0.0
0.05920433333333334
0.05641623333333333
10.866461699999999
11.188219833333333
1.5
