
23.540213766666664
23.610158266666666
0.0
0.18992589999999998
0.29845540000000004
11.567477199999999
11.744225666666667
1.55

22.870102366666668
22.827904766666666
0.0
0.10222836666666667
0.11801489999999999
11.089576833333334
11.620313033333334
1.5

22.49056
22.380029699999998
0.0
0.16674073333333334
0.08126833333333333
10.905949533333333
11.392811833333335
1.5

22.402634733333333
22.367654266666666
0.0
0.07329033333333333
0.06046286666666667
10.890211800000001
11.4169796
1.45

22.186754133333334
22.154706033333333
0.0
0.0732956
0.11937289999999999
10.8554002
11.179932933333333
1.5

22.077010533333336
22.051373466666664
0.0
0.06445506666666667
0.1161903
11.065199566666667
10.8699836
1.5

22.241027600000002
22.2220385
0.0
0.05825076666666667
0.06641493333333333
10.818296933333334
11.337326633333333
1.5

22.093421966666664
22.065403933333332
0.0
0.061472
0.09091856666666667
11.174664466666666
10.7998209
1.5

22.140972666666666
22.0569287
0.0
0.11469993333333334
0.103246
10.823157199999999
11.1305255
1.5

22.103045566666665
22.0776915
0.0
0.058769966666666666
0.0485779
10.904625866666667
11.124487733333332
1.5
