
22.903610166666667
22.9477442
0.0
0.19286913333333333
0.40503303333333335
11.560120966666666
10.982590199999999
1.55

22.617671466666664
22.498765566666666
0.0
0.17455816666666665
0.0892048
11.0720474
11.337513366666666
1.5

22.478774466666664
22.421153399999998
0.0
0.10918723333333334
0.08139166666666667
10.903905199999999
11.435856533333332
1.5

22.2149901
22.174632300000003
0.0
0.07851126666666666
0.0588982
10.950562333333334
11.165171766666667
1.45

22.13022086666667
22.115499399999997
0.0
0.0587429
0.09136533333333333
10.804106933333333
11.220027133333334
1.5

22.230897466666665
22.205995566666665
0.0
0.0626462
0.05979333333333334
11.037354033333333
11.108848199999999
1.5

22.156443733333333
22.134617833333333
0.0
0.05905976666666667
0.07791743333333333
10.882682633333333
11.174017766666667
1.5

22.1301544
22.116978
0.0
0.0462486
0.05047913333333333
10.881364266666667
11.1851346
1.5

22.0654273
22.062615266666665
0.0
0.0496033
0.10280023333333334
10.6716905
11.288124533333333
1.5

22.094618433333334
22.08274236666667
0.0
0.0454969
0.05022443333333333
10.822100366666668
11.210417566666667
1.5
