
23.7769949
23.7861876
0.0
0.3202864
0.4285371333333334
11.506330966666667
11.8513195
1.55

22.794348233333334
22.719958033333334
0.0
0.1824115
0.15314543333333333
11.114750933333333
11.452061666666665
1.5

22.746724
22.640774933333333
0.0
0.18743033333333334
0.12031019999999999
10.989525866666668
11.530938866666666
1.5

22.366496533333336
22.322256333333332
0.0
0.11005256666666667
0.100329
11.030804666666667
11.191122666666667
1.45

22.267630466666667
22.2251484
0.0
0.11286806666666667
0.11308589999999999
10.9478463
11.164216199999998
1.5

22.33145886666667
22.300160933333334
0.0
0.09498386666666667
0.14191706666666667
11.0011895
11.157054366666667
1.5

22.329298233333333
22.306440966666663
0.0
0.08909803333333334
0.0999389
11.001967
11.204535066666667
1.5

22.184056166666668
22.1337789
0.0
0.10811553333333335
0.11784213333333333
10.967454233333333
11.048482533333333
1.5

22.442624566666666
22.414679333333332
0.0
0.08026180000000001
0.07680876666666667
11.0068674
11.331003166666665
1.5

22.044127533333334
22.0155016
0.0
0.08518573333333333
0.08199523333333333
10.809624
11.123882366666667
1.5
