
23.176876166666666
23.235961266666667
0.0
0.21742856666666668
0.3313547
11.686893866666667
11.2177127
1.55

22.603499466666666
22.5337225
0.0
0.12444556666666666
0.2197024
10.922362866666667
11.391657233333332
1.5

22.461723066666668
22.421550633333332
0.0
0.09639223333333334
0.08126716666666667
10.9248378
11.415445666666667
1.5

22.228471833333334
22.097599133333333
0.0
0.17029856666666668
0.06128686666666667
10.8589161
11.177396166666666
1.45

22.127597733333335
22.070206300000002
0.0
0.10090696666666665
0.07348930000000001
10.8670125
11.1297045
1.5

22.052253433333334
22.097077566666666
0.0
0.056731166666666666
0.12345773333333333
10.9318123
11.041807533333333
1.5

22.177611066666667
22.162631100000002
0.0
0.0539321
0.07458796666666666
10.877129966666667
11.210913166666666
1.5

22.209760566666667
22.1911922
0.0
0.05215656666666667
0.0888637
11.048925966666667
11.053402533333333
1.5

22.2890815
22.267988933333335
0.0
0.05091063333333333
0.04732226666666667
10.869579866666667
11.351086800000001
1.5

22.089374933333335
22.075787966666663
0.0
0.047302533333333334
0.04821553333333333
10.902934866666667
11.124637566666667
1.5
