
23.09619866666667
23.2420012
0.0
0.2438630333333333
0.45917556666666665
11.2451959
11.537629733333333
1.55

22.593563433333333
22.503901833333334
0.0
0.15794239999999998
0.10305413333333333
11.076375800000001
11.3244719
1.5

22.673372699999998
22.528010466666665
0.0
0.21020743333333333
0.11817573333333334
11.059027366666667
11.350807366666666
1.5

22.232754766666666
22.169262066666665
0.0
0.1103763
0.07840533333333333
10.922120066666666
11.168736666666666
1.45

22.196707033333336
22.1839673
0.0
0.06878666666666668
0.110214
11.178921333333333
10.894831966666667
1.5

22.237125233333334
22.224355199999998
0.0
0.0623649
0.07721746666666666
10.901420300000002
11.245717433333333
1.5

22.2429928
22.227880966666664
0.0
0.06121586666666667
0.07047736666666667
10.858717166666667
11.298686433333334
1.5

22.303787
22.278171366666665
0.0
0.06494276666666667
0.10856216666666667
10.8957748
11.2738344
1.5

22.077840233333333
22.041556333333332
0.0
0.07282403333333334
0.05821543333333334
10.870303300000002
11.1130376
1.5

22.1314592
22.106271366666668
0.0
0.06453573333333333
0.0577472
10.890782133333333
11.157742033333333
1.5
