
23.147819600000002
23.1986818
0.0
0.2513304666666667
0.382307
11.363932333333334
11.452442466666668
1.55

22.91154183333333
22.774751600000002
0.0
0.20932489999999998
0.10827623333333333
11.289781699999999
11.376693666666666
1.5

22.384687033333336
22.326744066666667
0.0
0.1290074
0.11069806666666666
10.9976295
11.2184165
1.5

22.312025933333334
22.2622141
0.0
0.10401213333333333
0.0821645
10.999460833333334
11.180588766666668
1.45

22.229641100000002
22.197626399999997
0.0
0.0900523
0.09175913333333333
10.958501266666667
11.147366
1.5

22.314585733333335
22.285331600000003
0.0
0.08579226666666666
0.08761966666666667
10.852667333333335
11.3450446
1.5

22.282714966666664
22.170584533333336
0.0
0.17268086666666665
0.09056560000000001
10.897623266666667
11.182395666666666
1.5

22.252941866666667
22.231227866666668
0.0
0.07213486666666667
0.09492226666666666
10.907550533333334
11.228755066666666
1.5

22.245445733333334
22.209020833333334
0.0
0.07830376666666666
0.066804
10.992091666666665
11.150125166666665
1.5

22.18367213333333
22.159782333333332
0.0
0.07373723333333333
0.07216023333333334
11.059256766666667
11.028365333333333
1.5
