
23.091431633333332
23.1143948
0.0
0.2569924666666667
0.3328392666666667
11.553000266666668
11.228555266666667
1.55

22.58129986666667
22.479617366666666
0.0
0.17213626666666668
0.10738276666666666
11.0368409
11.3353937
1.5

22.2965945
22.221154
0.0
0.13591873333333335
0.0927862
10.9130337
11.2153341
1.5

22.126360266666666
22.079360733333335
0.0
0.08910856666666667
0.06822623333333333
11.047514766666668
10.963619733333333
1.45

22.5605578
22.5349795
0.0
0.07149203333333334
0.09432936666666666
10.6766147
11.764035433333333
1.5

22.2117202
22.197685333333332
0.0
0.05397573333333333
0.0980076
10.874619533333334
11.2250582
1.5

22.215707266666666
22.206156399999998
0.0
0.06552323333333333
0.080771
11.101678866666667
11.023706533333334
1.5

22.028008800000002
21.99206763333333
0.0
0.07064106666666667
0.09459463333333333
10.8047176
11.0927554
1.5

22.110896733333334
22.0904085
0.0
0.054745166666666664
0.05589273333333333
10.907853
11.126662766666668
1.5

22.015986766666664
22.000045033333336
0.0
0.05194136666666667
0.05183326666666667
10.859753633333332
11.088458133333333
1.5
