
23.17300433333333
23.288442733333333
0.0
0.2737521666666667
0.44283543333333336
12.342301800000001
10.5033055
1.55

22.684815066666665
22.546321533333334
0.0
0.214448
0.10841866666666668
11.1061517
11.331751166666667
1.5

22.372297566666667
22.328778533333335
0.0
0.1001393
0.14985820000000002
10.9313506
11.247569733333332
1.5

22.323189399999997
22.278857300000002
0.0
0.08312433333333333
0.06352496666666667
10.882704833333333
11.3326275
1.45

22.148987466666664
22.128321800000002
0.0
0.07559623333333333
0.0976152
11.289771866666667
10.740934733333333
1.5

22.4391518
22.433858133333334
0.0
0.06361793333333333
0.07767916666666667
11.033084033333333
11.323094933333334
1.5

22.21922186666667
22.2449806
0.0
0.050060400000000005
0.10910766666666667
10.783127266666668
11.352745666666666
1.5

22.18383933333333
22.154773
0.0
0.06169476666666667
0.06995130000000001
10.915043966666667
11.169777733333332
1.5

22.08806536666667
22.048601733333335
0.0
0.06889196666666667
0.053247666666666665
10.743457800000002
11.251896266666668
1.5

22.04319436666667
22.0254756
0.0
0.0510596
0.04805103333333333
10.866365766666668
11.1110588
1.5
