
23.111609166666668
23.1907024
0.0
0.2184594
0.3675994
12.001075666666667
10.822027333333335
1.55

22.5437999
22.460253100000003
0.0
0.14063070000000003
0.08862289999999999
11.058811866666668
11.312818333333334
1.5

22.288617466666665
22.247982366666665
0.0
0.09926383333333333
0.1867171
10.878944433333334
11.182320833333334
1.5

22.255420966666666
22.194797966666666
0.0
0.09867603333333334
0.06119666666666666
11.273688033333332
10.859913266666668
1.45

22.267636866666667
22.259445266666667
0.0
0.06577733333333333
0.08482043333333333
10.821191533333334
11.3534333
1.5

22.1655321
22.155799166666668
0.0
0.051415199999999994
0.11729983333333333
10.8910125
11.147486833333334
1.5

22.142696366666666
22.137069266666664
0.0
0.053203099999999996
0.07014973333333334
11.218617733333332
10.848301800000002
1.5

22.072771333333332
22.0483255
0.0
0.05770683333333334
0.055110566666666666
10.970735466666667
11.022479466666667
1.5

22.042056066666667
22.007117899999997
0.0
0.06575493333333333
0.050857566666666666
10.830592
11.125668333333333
1.5

22.0735852
22.066083366666668
0.0
0.050722333333333335
0.05872313333333333
10.7712101
11.236150133333332
1.5
