
23.1240001
23.138984033333337
0.0
0.26083933333333337
0.35043906666666663
11.465125766666668
11.3234192
1.55

22.607584966666664
22.477090733333334
0.0
0.20999166666666666
0.20697846666666667
10.958160066666666
11.311952199999999
1.5

22.688458
22.6358615
0.0
0.15798033333333333
0.4878945
10.955915033333333
11.192051966666666
1.5

22.309509600000002
22.252419600000003
0.0
0.11434183333333332
0.08652593333333333
11.284960566666667
10.8809331
1.45

22.393705333333333
22.377443399999997
0.0
0.07108643333333334
0.10521113333333333
10.898228833333334
11.374003433333334
1.5

22.213288666666667
22.186726266666664
0.0
0.07474526666666666
0.07140043333333333
11.005258666666666
11.110067166666665
1.5

22.17981866666667
22.173754933333335
0.0
0.07434563333333333
0.0932533
11.323597966666666
10.756903666666666
1.5

22.1467055
22.127029733333334
0.0
0.0660104
0.10097683333333334
10.907694966666666
11.118357933333334
1.5

22.075684066666668
22.047853533333335
0.0
0.06916053333333334
0.06610453333333334
10.824894833333333
11.156854166666665
1.5

22.108206266666667
22.086548399999998
0.0
0.06349133333333333
0.06080153333333333
10.854629366666668
11.1711175
1.5
