
23.490561033333336
23.559717133333333
0.0
0.18907546666666666
0.33369523333333334
11.628152833333335
11.597869066666666
1.55

22.740763233333336
22.657699333333333
0.0
0.15100386666666668
0.104308
10.985894
11.567497333333334
1.5

22.6418716
22.588196066666665
0.0
0.1176746
0.09382589999999999
11.059778866666667
11.434591300000001
1.5

22.625925266666666
22.58040766666667
0.0
0.08675923333333334
0.0636516
10.9565301
11.560225966666668
1.45

22.186221933333332
22.178026933333335
0.0
0.06044806666666667
0.08020603333333334
11.477747933333333
10.620072966666667
1.5

22.165056633333332
22.169828133333333
0.0
0.05599623333333333
0.0852598
10.950683133333333
11.1338852
1.5

22.3624788
22.340089066666668
0.0
0.06349496666666667
0.0651881
10.954545533333333
11.320355433333333
1.5

22.0822102
22.057918966666666
0.0
0.05877313333333333
0.0522419
10.912536733333333
11.093140333333334
1.5

21.9904715
21.958338566666665
0.0
0.06389703333333334
0.0669725
10.868112033333333
11.023254033333334
1.5

22.195691866666667
22.17409466666667
0.0
0.05640953333333333
0.05100713333333333
10.894118833333334
11.2289687
1.5
