
23.657803633333334
23.756872633333334
0.0
0.27435563333333335
0.5825450333333333
11.365647133333333
11.808680466666667
1.55

22.743432933333334
22.626527633333332
0.0
0.20029523333333335
0.12098086666666667
11.575928466666667
10.929618300000001
1.5

22.370532
22.3040144
0.0
0.14850036666666666
0.12200063333333333
11.087097366666667
11.0949164
1.5

22.257437466666666
22.2053088
0.0
0.120016
0.10788036666666667
11.490842733333333
10.6065857
1.45

22.844370100000003
22.820720233333333
0.0
0.10949260000000001
0.2435404
10.842250466666666
11.734929366666668
1.5

22.1775192
22.151670366666668
0.0
0.08026016666666667
0.18714563333333334
10.8174972
11.147027533333333
1.5

22.110236866666668
22.0950008
0.0
0.08630913333333333
0.1070903
10.862199666666665
11.125710833333335
1.5

22.173420033333336
22.149139899999998
0.0
0.07722356666666666
0.10841546666666665
11.018990233333332
11.0217342
1.5

22.2458615
22.211857300000002
0.0
0.0818493
0.07506536666666667
10.9992667
11.137525233333333
1.5

22.220566766666664
22.1945837
0.0
0.07604893333333333
0.07512863333333333
10.9916071
11.127847966666668
1.5
