
23.23419313333333
23.29885236666667
0.0
0.25454946666666667
0.38774533333333333
11.291798400000001
11.619308633333333
1.55

22.504041066666666
22.4475859
0.0
0.1158475
0.10317633333333333
11.079847566666666
11.264562
1.5

22.4512016
22.465283033333336
0.0
0.1256923
0.17453076666666667
10.932502133333333
11.358250133333334
1.5

22.239546333333333
22.164541033333336
0.0
0.1155931
0.06411903333333334
10.844721400000001
11.255700599999999
1.45

22.965797600000002
22.94204733333333
0.0
0.0755377
0.0942418
10.926862433333334
11.920943099999999
1.5

22.170781233333333
22.149748766666665
0.0
0.0620067
0.0647071
10.952097766666668
11.1329439
1.5

22.188322199999998
22.174996466666666
0.0
0.055261566666666664
0.07328356666666666
10.926464133333333
11.175248766666668
1.5

22.20807183333333
22.192645266666666
0.0
0.056590433333333336
0.08582276666666666
11.067421699999999
11.039400800000001
1.5

21.9687448
21.885955233333334
0.0
0.11915663333333333
0.06497956666666667
10.671521066666667
11.1494546
1.5

22.066761966666665
22.050909766666667
0.0
0.05336796666666667
0.056761933333333334
10.859154533333333
11.134993300000001
1.5
