
23.345363033333335
23.459643066666665
0.0
0.23649983333333335
0.41487046666666666
11.398070266666668
11.646702333333334
1.55

22.752927233333335
22.680086066666668
0.0
0.14054123333333335
0.10718913333333333
11.2729234
11.299973533333333
1.5

22.346658533333336
22.278253133333333
0.0
0.13534366666666667
0.0988159
10.9914249
11.188012333333335
1.5

22.3677079
22.278711433333335
0.0
0.13048083333333332
0.06254280000000001
10.8267907
11.389377933333334
1.45

22.152877066666665
22.146409033333335
0.0
0.06300126666666667
0.08063696666666666
10.8412305
11.224541566666666
1.5

22.19206666666667
22.163713033333334
0.0
0.06639903333333334
0.060122166666666664
11.195747233333332
10.907843633333332
1.5

22.343348266666666
22.370864166666667
0.0
0.07579960000000001
0.14067653333333333
10.921481566666666
11.308706066666666
1.5

22.089218533333334
22.051339666666667
0.0
0.07763056666666666
0.11193073333333334
10.8165091
11.122899833333333
1.5

22.112366166666668
22.091154
0.0
0.056835199999999995
0.055164566666666665
11.083533800000001
10.952455633333333
1.5

22.150700866666668
22.132619733333335
0.0
0.06004926666666667
0.06033876666666667
10.886526866666667
11.1857541
1.5
