
23.295356733333335
23.343322033333337
0.0
0.2114597
0.3032397
11.506007866666668
11.534074466666667
1.55

22.963361966666664
22.824420933333332
0.0
0.20387153333333333
0.22184326666666665
11.483144733333333
11.119432933333334
1.5

22.3505209
22.212450966666665
0.0
0.2211743
0.1207161
10.981975
11.109759866666668
1.5

22.370210633333333
22.31255733333333
0.0
0.10542823333333334
0.07613346666666666
10.895828266666667
11.3405956
1.45

22.104147
22.088450833333333
0.0
0.07532016666666667
0.0831263
11.361416199999999
10.643908333333334
1.5

22.334102766666664
22.288557066666666
0.0
0.08192696666666666
0.09308043333333334
11.0546166
11.140860033333333
1.5

22.377056933333332
22.368590933333333
0.0
0.05474723333333333
0.07476626666666666
10.880222300000002
11.413602366666668
1.5

22.157723433333334
22.129098066666668
0.0
0.06312633333333334
0.07373576666666666
10.9459051
11.1094572
1.5

22.096974033333336
22.070698399999998
0.0
0.06253806666666667
0.07455196666666666
10.822116166666666
11.174030266666668
1.5

22.083130866666668
22.066271533333335
0.0
0.05399993333333333
0.05464473333333333
10.859857933333334
11.151768866666668
1.5
