
23.2505346
23.351420333333333
0.0
0.20430410000000002
0.3840694
12.312032666666665
10.655318266666667
1.55

22.7576821
22.622893633333334
0.0
0.2114137
0.11184336666666667
11.268398466666667
11.2426518
1.5

22.221676433333332
22.221108233333336
0.0
0.11164653333333334
0.141976
10.9212174
11.157914833333335
1.5

22.485692399999998
22.438871
0.0
0.10074816666666667
0.08216503333333335
10.975817900000001
11.380888066666666
1.45

22.179357633333332
22.1674581
0.0
0.10914043333333333
0.13477276666666665
10.876550466666666
11.156134866666667
1.5

22.2665812
22.263866399999998
0.0
0.0789272
0.10425353333333334
10.756273866666668
11.403339
1.5

22.38269736666667
22.38260963333333
0.0
0.0689235
0.11384280000000001
10.930435333333334
11.3383315
1.5

22.1779291
22.149910600000002
0.0
0.07428546666666666
0.06913106666666667
10.932404266666667
11.148375266666667
1.5

22.251190966666666
22.217296933333333
0.0
0.07530973333333334
0.0667382
10.817393233333332
11.3331655
1.5

22.209225033333336
22.177907766666667
0.0
0.08058046666666666
0.07257576666666667
11.166710433333334
10.938621566666667
1.5
