
24.026509366666666
23.997075866666666
0.0
0.3035176
0.3213104666666667
11.499939633333334
12.175825766666668
1.55

23.020170699999998
22.922718600000003
0.0
0.18297529999999998
0.1336765
11.478118933333334
11.310923166666665
1.5

22.17785233333333
22.129706533333334
0.0
0.11004136666666667
0.11775619999999999
10.8033152
11.208635133333333
1.5

22.2072715
22.153830233333334
0.0
0.09676523333333334
0.07346236666666667
11.0931565
10.987211366666667
1.45

22.267237899999998
22.24865583333333
0.0
0.0666604
0.09284646666666665
10.879791033333333
11.276018333333335
1.5

22.039698966666666
22.012793300000002
0.0
0.06706143333333334
0.0629923
10.843405766666667
11.106395233333332
1.5

22.141725566666665
22.128546133333334
0.0
0.059433599999999996
0.07003593333333333
10.860042733333332
11.198467466666667
1.5

22.043210866666666
22.0015816
0.0
0.07649510000000001
0.0533905
11.0650777
10.883113400000001
1.5

22.31446366666667
22.28942586666667
0.0
0.05763646666666667
0.05274196666666667
10.966275733333333
11.270408166666666
1.5

22.002527
21.967777100000003
0.0
0.07155243333333333
0.053841433333333334
10.933891833333334
10.980043833333333
1.5
