
23.922510033333335
23.909727533333335
0.0
0.3003634333333334
0.37266083333333333
11.494557666666665
12.042509033333333
1.55

22.5053152
22.443702266666666
0.0
0.12365793333333333
0.19212166666666666
10.978297466666668
11.273283133333333
1.5

22.75053786666667
22.695760333333332
0.0
0.13650813333333334
0.28713740000000004
10.939329166666665
11.469293766666668
1.5

22.264333633333333
22.15723183333333
0.0
0.15656536666666668
0.445391
10.602703166666666
11.109137666666665
1.45

22.694868433333333
22.67366313333333
0.0
0.08140256666666666
0.08658413333333333
10.960261166666665
11.626817833333334
1.5

22.2760702
22.252542100000003
0.0
0.08937816666666668
0.09326556666666666
11.019809366666667
11.139467166666666
1.5

22.393533633333334
22.3839205
0.0
0.06707713333333333
0.0834529
10.877544166666667
11.422923433333333
1.5

22.10260763333333
22.1036642
0.0
0.05059473333333333
0.07586996666666666
10.942574800000001
11.085219433333334
1.5

22.142971966666664
22.117596666666667
0.0
0.0579381
0.05972673333333333
10.761986066666667
11.295883866666667
1.5

22.032575899999998
22.008567033333335
0.0
0.06773
0.06315253333333333
10.9940428
10.9513717
1.5
