
23.360244466666664
23.4385262
0.0
0.20528946666666667
0.3472573333333333
11.854012599999999
11.237256266666668
1.55

22.711095699999998
22.561042233333335
0.0
0.2038857
0.09502056666666667
11.101713333333334
11.364308333333334
1.5

22.565571600000002
22.4874028
0.0
0.13043956666666667
0.28918173333333336
10.875604933333333
11.322616133333334
1.5

22.219610733333333
22.16580833333333
0.0
0.09222516666666668
0.06000973333333333
10.931774933333333
11.174023666666667
1.45

22.134033433333332
22.115992766666665
0.0
0.058641033333333335
0.0659831
10.883906199999998
11.166103466666668
1.5

22.076650533333336
22.0511254
0.0
0.06129326666666667
0.05754953333333333
10.856814566666666
11.1367613
1.5

22.3066353
22.28363733333333
0.0
0.06110203333333333
0.06044943333333334
10.8698979
11.35329
1.5

22.1734594
22.144378966666665
0.0
0.061530466666666665
0.05048326666666667
10.881943266666667
11.211952433333334
1.5

22.081225033333336
22.063999233333334
0.0
0.04718103333333333
0.0460075
10.796886533333334
11.221105199999998
1.5

22.270904533333336
22.117226766666665
0.0
0.18832233333333334
0.050935666666666664
10.9122228
11.1540683
1.5
