
23.77174116666667
23.8014934
0.0
0.26353493333333333
0.36499323333333333
11.3899882
12.046511966666667
1.55

22.624210100000003
22.44404116666667
0.0
0.24300266666666664
0.19243306666666668
10.996258
11.2553501
1.5

22.3435796
22.315499233333334
0.0
0.10841666666666668
0.2548936333333333
10.8113991
11.2492065
1.5

22.1827438
22.162026233333336
0.0
0.0844873
0.08951836666666667
10.8553771
11.217130766666667
1.45

22.1138301
22.091389399999997
0.0
0.06963623333333334
0.07211363333333333
10.907306666666667
11.1119691
1.5

22.179416066666665
22.1590428
0.0
0.0614739
0.07220113333333333
10.906082033333334
11.180759633333333
1.5

22.1672205
22.112855466666666
0.0
0.10350876666666667
0.07743076666666666
10.794537866666667
11.240886833333334
1.5

22.201712433333334
22.187727966666664
0.0
0.050653833333333335
0.07635216666666667
10.967694433333333
11.143681366666668
1.5

21.990159233333333
21.967361733333334
0.0
0.05639736666666667
0.0530167
10.652327099999999
11.262017933333334
1.5

22.112799066666668
22.090859766666664
0.0
0.060546800000000005
0.05664196666666667
11.014277933333334
11.019939866666666
1.5
