
23.778450966666664
23.654416933333334
0.0
0.4152976666666667
0.8419864333333333
11.138024300000001
11.6744062
1.55

22.7131018
22.596030566666666
0.0
0.19634416666666665
0.21454773333333332
11.354177366666667
11.027305466666666
1.5

22.51019163333333
22.402148399999998
0.0
0.19790566666666665
0.2996536666666667
10.779919566666667
11.322575166666667
1.5

22.645481866666668
22.584140466666664
0.0
0.11912156666666666
0.08506426666666667
10.918561866666668
11.580514333333333
1.45

22.067820166666667
22.050604233333335
0.0
0.08810526666666667
0.10961353333333335
10.801673800000001
11.1393169
1.5

22.070430033333334
22.049541766666664
0.0
0.07859076666666666
0.08530983333333333
10.841060733333332
11.1231712
1.5

22.185238833333333
22.049361366666666
0.0
0.18783536666666667
0.07989433333333333
10.849784933333334
11.1196821
1.5

22.191408733333333
22.162784666666667
0.0
0.07375806666666666
0.07690926666666666
10.924463466666667
11.161411933333333
1.5

22.180603633333334
22.06777716666667
0.0
0.155439
0.06776583333333333
10.901895266666667
11.098116066666666
1.5

22.11597366666667
22.077363366666667
0.0
0.08502163333333333
0.06719
10.918153
11.092020366666667
1.5
