
23.615000133333332
23.697951266666667
0.0
0.3003831333333334
0.44064423333333336
11.904706133333333
11.3526009
1.55

22.774076333333333
22.6566711
0.0
0.19674303333333332
0.14467586666666668
11.100958766666668
11.411036466666667
1.5

22.520020733333336
22.481683533333335
0.0
0.12610136666666666
0.1212389
11.503253633333333
10.857191
1.5

22.3668774
22.10730183333333
0.0
0.306778
0.09172910000000001
10.894338133333333
11.1212346
1.45

22.137710066666667
22.117415533333336
0.0
0.0725527
0.2532435333333333
10.692753833333335
11.171418166666665
1.5

22.107932733333335
22.074031766666664
0.0
0.07936236666666667
0.072724
10.829071
11.172236766666668
1.5

22.2663303
22.252908033333334
0.0
0.059554666666666665
0.07384956666666667
10.820823
11.358235466666667
1.5

22.199747833333333
22.1623077
0.0
0.07889243333333333
0.15148486666666666
10.821480166666666
11.189342666666667
1.5

22.251106533333335
22.2235358
0.0
0.06481619999999999
0.05624916666666666
10.898119900000001
11.269166733333332
1.5

22.10279566666667
22.080668233333334
0.0
0.06322936666666668
0.061248
10.957012800000001
11.062407433333334
1.5
