
23.574746066666666
23.601852033333333
0.0
0.2515287
0.3479673
11.4966882
11.757196533333333
1.55

22.575066933333332
22.4922618
0.0
0.15934176666666666
0.21341263333333332
11.016272599999999
11.262576566666667
1.5

22.442586533333333
22.3740482
0.0
0.14988053333333332
0.2846804666666667
10.8479586
11.241409133333333
1.5

22.177725433333332
22.1252822
0.0
0.11106726666666666
0.0867686
10.861683233333332
11.176830366666668
1.45

22.244348933333335
22.2128269
0.0
0.08805803333333334
0.08676816666666667
10.931897766666667
11.194160966666667
1.5

22.275607100000002
22.2448863
0.0
0.07861653333333334
0.07675543333333333
11.045902400000001
11.122228466666666
1.5

22.2786678
22.152325033333334
0.0
0.18098136666666667
0.0815689
10.865463633333333
11.2052925
1.5

22.0610674
22.038730533333336
0.0
0.06742916666666667
0.0765758
10.850396199999999
11.111758533333333
1.5

22.029488433333334
21.9908045
0.0
0.08064613333333333
0.12399596666666667
10.6310319
11.235776633333332
1.5

22.071835333333333
22.052905466666665
0.0
0.0604037
0.05986743333333333
10.980077833333334
11.012960199999998
1.5
