
23.5596317
23.56758513333333
0.0
0.25531933333333334
0.30583993333333337
11.2809861
11.9807591
1.55

22.479432766666665
22.400812600000002
0.0
0.14177086666666666
0.0956121
11.42758
10.8776205
1.5

22.538861866666668
22.49684116666667
0.0
0.10468796666666666
0.15262736666666668
11.209683333333334
11.134530466666666
1.5

22.5211884
22.4494373
0.0
0.11481053333333334
0.069897
10.900663933333334
11.478876366666666
1.45

22.220826766666665
22.2134101
0.0
0.06398323333333333
0.08052373333333333
10.958076733333332
11.174809633333332
1.5

22.466056066666667
22.430033766666664
0.0
0.07349483333333333
0.05910406666666666
10.867210633333332
11.503719066666667
1.5

22.185775066666665
22.174754699999998
0.0
0.05120813333333333
0.0615353
10.867609300000002
11.2456101
1.5

22.1916649
22.09680386666667
0.0
0.1278156
0.095989
10.869440599999999
11.131374266666668
1.5

22.069261833333332
22.048188266666667
0.0
0.0516255
0.04921453333333333
10.793610800000002
11.205362933333333
1.5

22.017713766666667
21.993971300000002
0.0
0.055998033333333336
0.04784013333333333
10.881818533333334
11.064312633333333
1.5
