
23.616341666666667
23.659626566666667
0.0
0.2745752
0.40284363333333334
11.5695204
11.687262533333334
1.55

22.524614966666665
22.453082033333335
0.0
0.14804733333333334
0.2332201
10.979241533333333
11.240620400000001
1.5

22.686780133333333
22.5993315
0.0
0.1574881
0.19158813333333333
11.725216933333334
10.682526433333333
1.5

22.097034266666665
22.0464261
0.0
0.09419963333333334
0.06700993333333334
11.213936933333333
10.765479233333332
1.45

22.2511707
22.245548533333334
0.0
0.06379409999999999
0.09682293333333333
10.957148766666668
11.191576833333334
1.5

22.035266800000002
22.034225133333333
0.0
0.0591226
0.08409816666666667
11.056592466666666
10.8935345
1.5

22.23676916666667
22.222800033333336
0.0
0.05409163333333333
0.06318486666666667
10.896775133333334
11.262840033333333
1.5

21.958384033333335
21.909956766666667
0.0
0.08247660000000001
0.08627486666666667
10.6877287
11.1359532
1.5

21.968236033333334
21.9502745
0.0
0.049479833333333334
0.09354106666666667
10.690397533333334
11.1663359
1.5

21.917516366666668
21.894032133333333
0.0
0.056169666666666666
0.04862456666666667
10.7318218
11.113585766666668
1.5
