
7.019952885714286
7.076760085714286
0.0
0.20099477142857144
0.49650752857142855
1.4751834
5.105069157142857
1.4893617021276595

6.051932371428571
6.074954871428572
0.0
0.07667885714285715
0.2880761
1.292429342857143
4.4944494285714285
1.6

5.722833042857143
5.6790037
0.0
0.11733274285714286
0.15873755714285714
1.1541508857142857
4.366115257142857
1.75

5.5791717
5.426422285714286
0.0
0.2480374714285714
0.2291871857142857
1.3325337
3.8647014
1.6829268292682926

5.470849814285714
5.472942585714285
0.0
0.09929062857142858
0.14040092857142858
1.3903681
3.942173557142857
1.864864864864865

5.694588700000001
5.5786142000000005
0.0
0.1646751142857143
0.2333957857142857
1.2053352285714287
4.139883185714286
1.868421052631579

4.779728228571429
4.7718919
0.0
0.14037908571428573
0.20534445714285712
0.8864849
3.6800625428571427
1.725

4.744817814285714
4.7575644285714285
0.0
0.09098308571428572
0.13919005714285715
0.9767064428571429
3.6416679285714286
1.775

4.750647828571428
4.7384122
0.0
0.054251985714285716
0.06517691428571429
0.9042167285714285
3.769018557142857
1.627906976744186

5.511859957142857
5.4594989428571425
0.0
0.12320372857142857
0.14779572857142856
0.8734027285714285
4.438300485714286
1.6046511627906976
