
6.863307285714286
6.981631242857143
0.0
0.13661082857142856
0.40268255714285717
1.5394477714285713
5.039500914285715
1.4893617021276595

5.948867828571428
5.903447271428571
0.0
0.1352372857142857
0.22634148571428572
1.584095842857143
4.093009942857143
1.6

5.6359451
5.5497007571428565
0.0
0.16768865714285716
0.3468226428571428
1.183785957142857
4.0190921571428575
1.75

5.716960471428571
5.646064528571428
0.0
0.15676695714285713
0.2175616857142857
1.0696158571428571
4.358886985714285
1.6428571428571428

4.716858642857143
4.695999857142858
0.0
0.09005922857142856
0.16559875714285716
1.0956210142857143
3.434780085714286
1.864864864864865

5.397081271428571
5.380077028571429
0.0
0.11463212857142857
0.1350917857142857
1.1307725285714285
4.114212714285714
1.868421052631579

4.773034385714286
4.741861057142858
0.0
0.11846405714285714
0.1553520714285714
0.9675506285714286
3.618958357142857
1.725

4.665603099999999
4.639668614285714
0.0
0.08866934285714285
0.12363817142857142
0.8223757857142857
3.693654657142857
1.775

5.190378085714285
5.211960542857143
0.0
0.17715864285714286
0.24672608571428573
0.5120287
4.4532057571428565
1.627906976744186

5.4634570714285715
5.555007742857144
0.0
0.22900547142857142
0.35129417142857144
0.5406592142857143
4.663054357142857
1.6046511627906976
