
6.9110023428571425
7.0765268571428575
0.0
0.10809237142857142
0.46480415714285717
1.8022509714285715
4.809471728571429
1.4893617021276595

6.2382627428571436
6.2008287285714285
0.0
0.1389529
0.4018345142857143
1.3852416285714286
4.413752585714286
1.6

5.750747285714286
5.719227685714285
0.0
0.19194572857142858
0.25765977142857144
1.1967295285714286
4.264838385714286
1.75

6.1386275
5.988750971428571
0.0
0.3304099285714286
0.291444
0.6509825714285715
5.0463244000000005
1.6428571428571428

5.712377099999999
5.762930099999999
0.0
0.30253494285714283
0.49774095714285715
1.4403982285714287
3.8247909142857144
1.864864864864865

4.977603928571428
4.922477642857142
0.0
0.12921172857142857
0.3096679
1.1139946714285716
3.4988150714285715
1.868421052631579

4.719348571428572
4.673638185714286
0.0
0.11578657142857143
0.16982094285714286
0.8663667285714286
3.6374505142857143
1.725

5.069710557142858
5.073405285714285
0.0
0.09617967142857142
0.1847874
0.9275971857142857
3.9610207
1.775

4.819738842857143
4.773784014285714
0.0
0.14077307142857143
0.13126324285714286
0.7484407571428572
3.894080014285714
1.627906976744186

4.9655459
4.9714257
0.0
0.11001682857142857
0.17366894285714285
0.9588475571428571
3.8389092000000002
1.6046511627906976
