
11.560388857142856
8.453495442857143
2.9199496428571425
0.18694377142857144
1.2657493999999998
1.9430914142857143
5.244654628571428
1.4893617021276595

10.737384085714286
7.1723995857142855
3.4374047714285716
0.12757972857142857
0.6620142714285714
1.8602281571428572
4.650157157142857
1.6

10.214423414285713
6.562993642857143
3.475916942857143
0.17551282857142858
0.6615315714285714
1.2840383142857141
4.6174237571428565
1.75

9.20092852857143
5.966191757142857
3.1287588857142854
0.10597788571428572
0.7450285428571428
1.2057448
4.0154184142857146
1.6428571428571428

8.714315942857143
5.958474542857143
2.5610800714285715
0.19476132857142858
0.37156521428571426
1.4694979857142856
4.117411342857143
1.864864864864865

9.265727585714286
6.174820671428572
2.897484057142857
0.19342285714285712
0.35448305714285716
1.7248231285714286
4.095514485714285
1.868421052631579

7.765371728571429
5.0108720714285715
2.640518157142857
0.1139815
0.6022175714285715
0.9635019571428571
3.4451525428571426
1.725

8.076921314285714
5.6994858285714285
2.2842704571428576
0.09316502857142857
0.8371663571428571
1.101578857142857
3.7607406142857145
1.775

7.895835428571428
5.090780785714285
2.7170986
0.08795604285714287
0.5546732571428572
0.7387262142857143
3.797381314285714
1.627906976744186

8.302132057142858
5.375397685714286
2.7720300428571427
0.15470432857142857
0.5895323142857143
0.9095536285714286
3.8763117428571428
1.6046511627906976
