
7.246476071428572
7.313015171428572
0.0
0.17835732857142858
0.4016022285714286
1.9689303142857142
4.942482628571429
1.4893617021276595

6.8590373
6.937724628571428
0.0
0.34737547142857145
0.48240027142857145
0.9477619571428572
5.5075624
1.6

6.273963599999999
6.258207871428572
0.0
0.3967794857142857
0.43447804285714287
0.46223902857142857
5.3614907999999994
1.75

5.860842528571428
5.835020942857143
0.0
0.1885110285714286
0.26770072857142857
1.3666102714285713
4.200709942857142
1.6428571428571428

4.782660857142857
4.7050653
0.0
0.1740321
0.19939705714285713
0.9011418285714285
3.604526414285714
1.864864864864865

5.237147285714285
5.139299928571428
0.0
0.1842842142857143
0.1779256142857143
0.9539852714285715
4.007389042857143
1.868421052631579

4.663394442857142
4.633232171428571
0.0
0.1371353857142857
0.2284955714285714
0.8604334571428571
3.5443031428571428
1.725

4.8335291
4.821754985714286
0.0
0.07254007142857144
0.11822857142857143
1.061813
3.6417134142857144
1.775

4.799968542857143
4.796154142857143
0.0
0.07565369999999999
0.0966342142857143
0.9316989142857143
3.7678210142857145
1.627906976744186

5.1635474142857145
5.087794385714286
0.0
0.14399265714285714
0.1843784
0.7904789
4.112937085714286
1.6046511627906976
