
6.878956857142858
7.025556228571429
0.0
0.17857661428571428
0.5054743571428572
1.6371026857142859
4.8829791857142855
1.4893617021276595

6.4186961714285715
6.325254785714286
0.0
0.19482254285714287
0.3916954714285714
1.5844756
4.349083714285714
1.6

6.286926514285715
6.0185607857142855
0.0
0.3421205428571429
0.5721079142857143
0.9422737857142857
4.504179085714285
1.75

5.782253728571429
5.6168373
0.0
0.26074724285714285
0.2503510285714286
1.3100221285714286
4.056464142857143
1.6829268292682926

5.1934936714285715
5.2131544000000005
0.0
0.14427458571428572
0.24114670000000002
0.6301878857142856
4.3418198142857145
1.864864864864865

5.007455185714286
4.989805771428571
0.0
0.0887769857142857
0.14266214285714288
1.3626606142857143
3.4844830142857144
1.868421052631579

5.278253928571428
5.262293028571428
0.0
0.19011944285714286
0.31840978571428574
0.5379654428571429
4.4059178
1.725

4.623101285714285
4.592971228571429
0.0
0.0946548
0.16547754285714286
0.8487928571428571
3.5787008285714283
1.775

4.927111828571428
4.942685714285714
0.0
0.1353131142857143
0.1919394714285714
0.742563
4.008183242857143
1.627906976744186

4.888441185714286
4.8329724857142855
0.0
0.13608867142857142
0.11980662857142858
0.6890915714285715
4.024074285714286
1.6046511627906976
