
8.025137371428572
8.240439185714285
0.0
0.15065258571428572
0.4685419
1.3685880428571429
6.403309242857143
1.4893617021276595

6.8500957
6.740628428571428
0.0
0.3410910714285714
0.28427290000000005
1.5341853428571428
4.922170185714286
1.6

5.867306914285715
5.7831315
0.0
0.15793734285714287
0.35683497142857146
1.0519214285714287
4.3743751
1.75

5.6724374428571425
5.656693342857143
0.0
0.13369085714285714
0.2802863428571429
1.1303334714285715
4.246073528571428
1.6428571428571428

4.880574128571428
4.8338234
0.0
0.1606024
0.1851257
0.8918988142857143
3.7567988857142853
1.864864864864865

4.995394471428571
4.985529842857143
0.0
0.06708985714285715
0.10609932857142858
1.1373367714285714
3.742093742857143
1.868421052631579

4.843314685714286
4.786394914285715
0.0
0.14308495714285713
0.15755317142857142
1.0193792
3.6094625428571425
1.725

4.919791771428571
4.827395928571428
0.0
0.14529362857142855
0.09587598571428571
0.7746422428571428
3.9568777
1.775

4.8801128714285715
4.843802342857143
0.0
0.1062339857142857
0.12907347142857142
0.7748246714285715
3.9399042
1.627906976744186

5.252771914285715
5.2579907142857145
0.0
0.18378227142857143
0.3590099285714286
0.5076537285714285
4.391327057142857
1.6046511627906976
