
6.784434057142858
7.146856142857143
0.0
0.16229942857142857
0.7479826142857143
1.6868753714285714
4.711998157142857
1.4893617021276595

6.333399942857143
6.3263666
0.0
0.12068187142857142
0.3037762571428571
1.508073657142857
4.514516685714286
1.6

5.775451014285714
5.647943357142857
0.0
0.18412784285714284
0.22049092857142857
1.0854167428571428
4.342035685714285
1.75

5.922037828571429
5.818533057142857
0.0
0.2120858142857143
0.3452715142857143
1.126046542857143
4.347215
1.6428571428571428

4.736719828571428
4.678154085714286
0.0
0.13372872857142856
0.16705371428571428
0.9486420142857143
3.5624583571428574
1.864864864864865

5.130108571428572
5.115776185714286
0.0
0.08851624285714287
0.21005257142857142
1.3130134142857142
3.5927102
1.868421052631579

4.657149957142857
4.658895071428572
0.0
0.07286381428571428
0.12810195714285713
1.0589083857142858
3.4718847285714283
1.725

4.8764224857142855
4.836838514285715
0.0
0.12667052857142858
0.14167624285714284
0.5944345428571428
4.100727728571428
1.775

4.755001971428571
4.703668528571429
0.0
0.10912457142857143
0.1377077857142857
0.8555655714285715
3.7103951714285714
1.627906976744186

4.819080214285715
4.712491
0.0
0.21718115714285716
0.17155658571428573
0.9765821714285715
3.564352242857143
1.6428571428571428
