
6.792188599999999
6.9114767285714285
0.0
0.2105095714285714
0.5211722
1.3058731857142858
5.084431342857143
1.4893617021276595

6.0048784714285715
5.9701005857142855
0.0
0.10781518571428572
0.2178176857142857
1.341884642857143
4.410398257142857
1.6

5.674716414285715
5.610277157142857
0.0
0.2047373857142857
0.32200935714285717
0.9515857571428572
4.336682042857143
1.75

5.8930475
5.921456128571428
0.0
0.2830369285714286
0.3630665
0.5613307
4.997058928571428
1.6428571428571428

5.368667714285714
5.4544491
0.0
0.1447616142857143
0.2815323571428572
1.046069857142857
4.1268468857142855
1.864864864864865

5.270200928571428
5.304635914285715
0.0
0.06681217142857143
0.17253555714285715
1.2622675428571428
3.869832814285714
1.868421052631579

4.738703357142858
4.717893085714286
0.0
0.11881321428571429
0.17814997142857142
0.9525876999999999
3.5871554142857143
1.725

4.747033157142857
4.660692414285715
0.0
0.138701
0.13766314285714287
0.9290610714285715
3.5939682000000004
1.775

5.4749715
5.4391339571428565
0.0
0.2118581857142857
0.2072491142857143
0.3357895285714286
4.896095314285714
1.627906976744186

5.583134857142857
5.422412285714286
0.0
0.2864649428571428
0.14128707142857141
0.5189376714285715
4.762187542857143
1.6046511627906976
