
6.7562024
6.902483
0.0
0.12929835714285715
0.4167452428571429
1.6247300285714286
4.861007728571429
1.4893617021276595

6.506880342857143
6.459364
0.0
0.16418635714285712
0.26509422857142856
1.4530660571428573
4.741203714285715
1.6

5.7781676428571425
5.633387771428571
0.0
0.22652524285714284
0.2856112571428571
1.0092745857142857
4.338501928571429
1.75

5.662772871428571
5.653812742857143
0.0
0.10643254285714286
0.23518085714285714
1.4739085857142857
3.9447232999999997
1.6428571428571428

5.5673930714285715
5.498132871428572
0.0
0.2594395857142857
0.23540314285714287
0.9685409714285714
4.294188757142857
1.864864864864865

5.8125874714285715
5.837149514285715
0.0
0.24985320000000003
0.30077315714285713
0.6575926857142858
4.878783671428572
1.868421052631579

4.6182520714285715
4.651194171428571
0.0
0.094381
0.2180018142857143
1.0367470142857143
3.396445342857143
1.725

4.7069433
4.6903482
0.0
0.0752417
0.12316247142857142
0.8766815857142858
3.690504142857143
1.775

4.714637642857142
4.703252042857143
0.0
0.05724114285714286
0.07556414285714286
0.9166421142857143
3.711045785714286
1.627906976744186

5.126136085714285
4.800206942857143
0.0
0.3813541714285715
0.18112577142857142
0.9957221142857143
3.623359057142857
1.6829268292682926
