
6.564436957142857
7.004531357142858
0.0
0.21897047142857143
0.8340030857142857
1.9083522714285712
4.262176
1.4893617021276595

6.361597885714286
6.325499385714286
0.0
0.20086345714285714
0.3311969142857143
1.402594685714286
4.591707785714285
1.6

5.944416528571429
5.867365942857143
0.0
0.19094124285714284
0.2097754
1.0210271
4.636563442857143
1.75

5.991470142857143
5.972301900000001
0.0
0.1884063
0.3320092571428571
1.5652635285714285
4.075029114285714
1.6428571428571428

4.594173785714285
4.543718514285715
0.0
0.13300405714285715
0.24992861428571428
0.8318685428571428
3.4619213571428573
1.864864864864865

5.724022828571429
5.6701834
0.0
0.18388924285714284
0.201874
1.7623077
3.7060017000000003
1.868421052631579

5.787718285714285
5.875329271428571
0.0
0.3247384857142857
0.44651255714285715
0.3436343
5.085182414285715
1.725

6.2230312
6.300747385714286
0.0
0.4540639857142857
0.5561295857142857
0.1963863857142857
5.5482314142857145
1.775

4.804767414285715
4.781575242857143
0.0
0.2020793
0.32053375714285715
0.6048847285714286
3.856156757142857
1.627906976744186

4.601409857142857
4.586436714285715
0.0
0.06091462857142857
0.14161152857142859
0.7772767571428572
3.6675484285714286
1.6046511627906976
