
7.146075728571429
7.251753157142857
0.0
0.2024183
0.4924786428571428
1.6869142714285714
5.072360242857143
1.4893617021276595

6.107096585714285
6.136066485714285
0.0
0.14166718571428571
0.3511050428571429
1.2478604
4.537101042857143
1.6

5.456195585714285
5.454570628571428
0.0
0.1364822
0.2548797857142857
0.9296089857142857
4.270081857142857
1.75

5.5024629
5.5278379428571425
0.0
0.09218065714285714
0.163314
1.2113663142857143
4.153157628571428
1.6428571428571428

4.908820128571429
4.856522185714286
0.0
0.12461311428571428
0.1274067142857143
0.9518496428571428
3.7772658285714287
1.864864864864865

5.823625671428571
5.794489657142857
0.0
0.16058984285714284
0.1916191857142857
1.546377
4.056493471428571
1.868421052631579

5.441142714285714
5.5218197857142854
0.0
0.3243834428571428
0.47958517142857143
0.30992635714285716
4.732308257142857
1.725

5.266485242857144
5.248576671428571
0.0
0.18315467142857142
0.2491557857142857
0.5450325571428571
4.4543883285714285
1.775

4.657997628571429
4.633635285714285
0.0
0.07790822857142857
0.10203385714285715
0.9463747428571428
3.585226685714286
1.627906976744186

4.966167328571428
4.9155478285714285
0.0
0.09233261428571428
0.06899038571428572
0.9468051428571428
3.8997523
1.6046511627906976
