
7.7468687
7.710852057142858
0.0
0.2709036285714286
0.4760323857142857
1.6349933285714287
5.599826342857143
1.4893617021276595

6.658454442857143
6.562563314285714
0.0
0.17641775714285715
0.3333634428571428
1.042268657142857
5.186931214285715
1.6

5.699632185714286
5.6649641428571424
0.0
0.13843377142857144
0.33420415714285717
1.0984580714285714
4.232301914285714
1.75

5.654355457142857
5.5887281714285715
0.0
0.13021477142857144
0.32704585714285717
1.0958306857142859
4.165851628571429
1.6428571428571428

4.758355071428571
4.7492807
0.0
0.09046031428571429
0.1729911857142857
1.1519180857142857
3.424371428571429
1.864864864864865

4.838129071428572
4.8319197
0.0
0.08901032857142857
0.18661871428571428
1.144759857142857
3.5005411285714283
1.868421052631579

4.9771635
4.985280914285715
0.0
0.16995401428571427
0.24124479999999998
0.5870028571428572
4.157033257142857
1.725

4.525262571428572
4.5216391428571425
0.0
0.06958421428571429
0.14875939999999999
0.9705588571428572
3.4023208857142855
1.775

4.8395245
4.807353028571429
0.0
0.06924444285714286
0.08984584285714285
0.9964796285714286
3.721027557142857
1.627906976744186

4.665547985714285
4.755558942857142
0.0
0.08173012857142857
0.23584670000000002
0.7786864285714286
3.741025814285714
1.6046511627906976
