
7.1421698
7.162717871428572
0.0
0.2301466
0.40090405714285715
1.5650419857142857
5.196771828571428
1.4893617021276595

6.185013785714285
6.167050042857143
0.0
0.10189155714285714
0.2248572857142857
1.5559003
4.386292457142857
1.6

5.810896628571428
5.816084757142857
0.0
0.35066015714285714
0.459345
0.6810569142857142
4.675682842857143
1.75

5.873123542857143
5.5908744142857145
0.0
0.3534104142857143
0.5987354857142857
1.036897842857143
3.955241085714286
1.6428571428571428

4.784251885714286
4.711116485714285
0.0
0.13122244285714285
0.13339947142857142
0.7560767714285714
3.8216402428571428
1.864864864864865

5.554451414285714
5.541682942857142
0.0
0.0802842
0.1505056142857143
1.6421262142857143
3.7490511142857144
1.868421052631579

4.728553642857142
4.683223514285714
0.0
0.12105438571428571
0.2015820142857143
1.0724726714285715
3.4091688285714286
1.725

4.863612242857143
4.832394099999999
0.0
0.13421160000000001
0.3014579142857143
0.6901976285714286
3.840738557142857
1.775

4.886508114285714
4.836535657142857
0.0
0.09662689999999999
0.10176985714285715
0.7168046571428571
4.017961142857143
1.627906976744186

4.544240357142857
4.546894385714286
0.0
0.060591285714285716
0.16364785714285712
0.8852917428571428
3.497954785714286
1.6046511627906976
