
7.181256671428572
7.199401542857143
0.0
0.23647342857142858
0.8068798428571429
1.3662506142857143
5.026271085714285
1.4893617021276595

6.746456828571429
6.005833042857143
0.0
0.9165879714285714
0.4598834571428571
1.2227930571428571
4.323156528571428
1.6744186046511629

5.590965142857143
5.522764428571429
0.0
0.12521877142857143
0.19297415714285715
1.167455357142857
4.162334914285714
1.75

5.513228228571429
5.497902571428572
0.0
0.1193219
0.25177434285714284
1.433296685714286
3.8128315428571424
1.6428571428571428

5.184270685714286
5.151195328571428
0.0
0.13858561428571428
0.21958234285714284
0.9552552714285715
3.9763577142857143
1.864864864864865

5.9064947000000005
5.867646042857143
0.0
0.26386741428571425
0.28265235714285714
0.41954990000000003
5.165443785714285
1.868421052631579

5.082946285714286
4.983468128571428
0.0
0.3009189285714286
0.3085349571428571
0.5501326285714286
4.124800542857143
1.725

4.897261085714285
4.909411628571428
0.0
0.17753065714285715
0.23460532857142857
0.7935183714285714
3.8812879285714286
1.775

4.781677071428572
4.799915014285714
0.0
0.10125667142857142
0.1437408
0.7961522714285715
3.860021942857143
1.627906976744186

4.912065328571429
4.807090128571429
0.0
0.1554675
0.15667287142857145
0.8726150142857142
3.7778022428571427
1.6046511627906976
