
6.6167299
7.773304842857143
0.0
0.23922091428571426
1.6467137571428572
1.8199259142857143
4.3066651714285715
1.4893617021276595

6.388224071428572
6.309012985714285
0.0
0.18719555714285716
0.3554101142857143
1.3902584
4.563344471428572
1.6

6.0006195
5.817941342857143
0.0
0.2764056857142857
0.22090487142857143
1.2244568
4.372579671428571
1.75

5.860096314285714
5.791248957142857
0.0
0.22827264285714288
0.2907858
1.8039743000000001
3.696488857142857
1.6428571428571428

4.704245871428571
4.683227642857143
0.0
0.10444382857142857
0.13855144285714285
0.6925146999999999
3.8521615
1.864864864864865

5.940735042857143
5.637927371428572
0.0
0.48131071428571426
0.3646378
1.2357661714285715
4.0375233999999995
1.868421052631579

4.882824514285715
4.889777542857143
0.0
0.28762782857142855
0.48752085714285714
0.4084040428571429
3.9938526428571426
1.725

4.8547132714285715
4.834257428571428
0.0
0.157719
0.24847
0.7507492
3.8350382285714284
1.775

5.117791014285714
5.159017957142857
0.0
0.15353555714285713
0.24022448571428573
0.6188250285714286
4.299968442857143
1.627906976744186

5.205974071428572
5.1589105
0.0
0.13956244285714287
0.24999237142857145
0.7004530571428571
4.208465071428572
1.6046511627906976
