
7.440767071428572
8.38006377142857
0.0
0.24757420000000002
1.4632615714285713
1.8462897714285713
5.070512428571428
1.4893617021276595

6.316970814285714
6.3298210428571435
0.0
0.13675317142857144
0.2345327142857143
1.5099218285714286
4.5853665
1.6

6.050282457142857
5.944822342857143
0.0
0.22747705714285715
0.3876521142857143
0.8466657
4.710504528571429
1.75

5.768831400000001
5.682104828571428
0.0
0.15217160000000002
0.2015510285714286
1.16827
4.3122837999999994
1.6428571428571428

4.557045128571429
4.533324871428571
0.0
0.09508002857142857
0.16790055714285715
0.6978058
3.6676185142857145
1.864864864864865

5.1234328
5.0887687
0.0
0.11390511428571429
0.16185248571428573
1.1844805571428572
3.742435657142857
1.868421052631579

4.7882287
4.752069571428572
0.0
0.1020651
0.13194815714285715
1.1071225571428571
3.512998857142857
1.725

4.547942757142857
4.563433771428571
0.0
0.061874285714285715
0.15066987142857144
0.9913949
3.421369
1.775

5.078717571428572
5.043619185714286
0.0
0.14662554285714285
0.17213041428571427
0.7367009714285714
4.1347878
1.627906976744186

4.850300814285714
4.675795657142857
0.0
0.2476133857142857
0.1989716
0.7023186857142857
3.7745053714285715
1.6046511627906976
