
7.113245828571428
7.495785185714285
0.0
0.21861204285714286
0.748226
2.1433152285714283
4.604243957142857
1.4893617021276595

6.122305542857143
6.133343828571428
0.0
0.10613295714285714
0.204501
1.8068180857142857
4.122024742857143
1.6

5.526533085714285
5.468284942857142
0.0
0.1630855714285714
0.19165548571428573
1.0999020285714285
4.176727428571429
1.75

5.478340471428571
5.670735928571428
0.0
0.15075864285714288
0.5036982428571429
1.080884842857143
4.0861528428571425
1.6428571428571428

4.8842919857142855
4.837725314285715
0.0
0.09439397142857144
0.13564152857142858
1.0439643
3.658119485714286
1.864864864864865

5.5711918
5.522933471428571
0.0
0.12582308571428572
0.17960435714285714
0.7459743428571429
4.597354771428571
1.868421052631579

4.969061014285715
4.920694357142858
0.0
0.15878141428571427
0.14864367142857143
0.9631939142857143
3.8088567714285717
1.725

4.641541728571429
4.628031185714286
0.0
0.07298838571428572
0.10885321428571429
0.9745734142857143
3.544604557142857
1.775

4.715925385714286
4.6921522
0.0
0.0565122
0.05919515714285714
0.8981769142857142
3.7347801285714284
1.627906976744186

4.670744971428571
4.737931085714285
0.0
0.06089731428571429
0.15738495714285713
0.9313336142857144
3.6492125142857144
1.6046511627906976
