
8.394091428571429
8.311452428571428
0.0
0.43460914285714286
0.6816651285714286
1.1958797857142858
6.433907514285714
1.5555555555555556

6.464339057142857
6.4022957
0.0
0.17727054285714286
0.30850452857142857
1.4428892857142857
4.650901885714286
1.6

6.130695828571429
6.0941298
0.0
0.19965872857142858
0.24969391428571427
1.0208808142857142
4.823555071428572
1.75

5.772511771428571
5.815094828571429
0.0
0.1277954857142857
0.2853102571428571
1.021470257142857
4.508314314285714
1.6428571428571428

4.6355761
4.6425724285714285
0.0
0.13145834285714286
0.22376464285714287
0.6931658857142856
3.7256419
1.864864864864865

5.074200485714286
4.944374028571429
0.0
0.22501898571428572
0.19235894285714286
1.1453021857142858
3.6067128999999998
1.9189189189189189

4.6186762
4.606185685714286
0.0
0.05588612857142857
0.11471588571428572
0.8726488
3.618821
1.725

4.576401685714286
4.546481557142857
0.0
0.07503104285714286
0.10534341428571428
0.7960756999999999
3.645062442857143
1.775

5.335207414285715
5.309950014285715
0.0
0.25845305714285716
0.27377952857142857
0.47149677142857144
4.564673714285714
1.627906976744186

5.468023057142857
5.465091885714286
0.0
0.20183958571428573
0.2733323714285714
0.5847788142857143
4.6069807
1.6046511627906976
