
7.030213414285715
7.158557114285714
0.0
0.14781370000000002
0.48024664285714286
2.4598614571428574
4.2184490142857145
1.4893617021276595

6.675970685714286
6.349494514285714
0.0
0.4523895428571429
0.40750865714285717
1.2615032142857143
4.680482642857143
1.6363636363636365

5.7841448714285715
5.717889171428571
0.0
0.15262384285714284
0.2390243
1.8535919142857142
3.6252729571428572
1.75

5.613837757142857
5.591755271428571
0.0
0.10734994285714286
0.20345647142857143
1.1304260571428573
4.257872742857144
1.6428571428571428

5.3786260142857145
5.3719423
0.0
0.11974218571428571
0.2081656
1.1097795428571429
4.053997157142857
1.864864864864865

5.819794757142857
6.163562657142857
0.0
0.19745075714285715
0.5974489571428572
1.0482167571428571
4.517896942857143
1.868421052631579

5.301993985714286
5.257298928571428
0.0
0.5255707857142857
0.6455310857142857
0.2091626
4.402605242857144
1.7692307692307692

4.740484228571429
4.728715885714286
0.0
0.10432889999999999
0.14903605714285714
0.5457885
4.033891328571428
1.775

4.655447642857142
4.614616314285715
0.0
0.11223764285714286
0.11452062857142857
0.9000466285714286
3.600049057142857
1.627906976744186

5.0129809142857145
4.987275057142858
0.0
0.06371978571428571
0.06989504285714286
1.2225822142857143
3.6947978
1.6046511627906976
