
7.555525357142857
7.6646207
0.0
0.18297605714285714
0.41173535714285714
2.3012106
4.9516747428571435
1.4893617021276595

6.192365842857143
6.223577257142857
0.0
0.11009038571428571
0.6272036428571428
1.4880401571428572
4.108333457142858
1.6

5.645931014285714
5.588723585714285
0.0
0.15880722857142857
0.24941214285714286
1.0437555714285716
4.295555871428571
1.75

5.875374814285714
5.914047385714286
0.0
0.1829742
0.2869995285714286
0.9412155857142858
4.685832271428571
1.6428571428571428

5.182676442857143
4.983938342857143
0.0
0.31143044285714283
0.18604954285714287
0.7173219285714285
4.080566871428571
1.864864864864865

5.899881585714286
5.913373557142857
0.0
0.29134297142857146
0.3416209142857143
0.40692232857142857
5.164830314285714
1.868421052631579

4.765674985714286
4.740701385714286
0.0
0.16865622857142856
0.22642582857142857
0.8146748428571429
3.699600714285714
1.725

5.142206014285715
5.1713746857142855
0.0
0.15964024285714284
0.24262087142857144
0.7633793714285714
4.165374442857143
1.775

5.233580514285714
4.942694385714286
0.0
0.5047093571428571
0.38433821428571424
0.8225439
3.7358122714285718
1.627906976744186

4.522254228571429
4.520851171428571
0.0
0.05119305714285714
0.09074465714285715
1.0480310142857143
3.3820755
1.6046511627906976
