
0.214264584
0.09972725
-0.22103024
0.32075749
0.114537334
8.195121951219512

0.231063453
0.024060487000000002
-0.116131463
0.14019195
0.20700296599999998
9.424528301886792

0.11457835499999999
0.040750419999999996
-0.075299236
0.116049656
0.073827935
9.660194174757281

0.10898869800000001
0.019950402
-0.093076306
0.113026708
0.089038296
9.94059405940594

0.099207125
0.01273399
-0.059637055999999994
0.07237104600000001
0.08647313499999999
10.0

0.06292858
0.014176112999999999
-0.064253564
0.07842967699999999
0.048752466999999994
9.930693069306932

0.072935921
0.024046191999999997
-0.062941991
0.08698818300000001
0.048889729
10.0

0.07092161500000001
0.011830055
-0.136543539
0.14837359400000003
0.059091559999999994
9.94

0.06697112
0.012347558000000002
-0.060214297
0.072561855
0.054623562
9.25

0.039898248
0.012875886
-0.058792161999999995
0.071668048
0.027022362
8.678260869565218
