
0.167916234
0.073282941
-0.196488906
0.269771847
0.09463329300000001
8.195121951219512

0.169653913
0.032988118999999996
-0.13123069399999998
0.164218813
0.136665794
9.424528301886792

0.225924982
0.041849055999999996
-0.093014387
0.134863443
0.184075926
9.660194174757281

0.073409167
0.015818266
-0.10028717
0.116105436
0.057590901
9.94059405940594

0.111330478
0.050965894
-0.18805935000000001
0.239025244
0.060364584000000006
10.1010101010101

0.06910063000000001
0.014127245
-0.06445453100000001
0.07858177599999999
0.054973385
9.930693069306932

0.061547616
0.012576654
-0.060683043
0.073259697
0.048970962
10.0

0.073524509
0.028259873
-0.07938325
0.10764312300000001
0.045264636
9.94

0.18482849799999998
0.121559413
-0.056161097
0.17772051
0.063269085
9.25

0.09096286599999999
0.043287205
-0.059262574
0.102549779
0.047675661
8.75438596491228
