
0.19252261799999998
0.087187611
-0.318992157
0.406179768
0.105335007
8.195121951219512

0.225461456
0.02195143
-0.108256819
0.130208249
0.203510026
9.424528301886792

0.117911272
0.018249366000000003
-0.09262002899999999
0.11086939500000001
0.09966190600000001
9.660194174757281

0.102998593
0.042143114
-0.078806218
0.12094933199999999
0.060855479
9.94059405940594

0.086479987
0.021557576000000002
-0.06106694
0.08262451600000001
0.064922411
10.0

0.08185888599999999
0.014390558999999999
-0.071668589
0.086059148
0.06746832700000001
9.930693069306932

0.129643643
0.08142563700000001
-0.063088976
0.14451461300000001
0.048218006
10.0

0.060841739
0.011502628
-0.061498022
0.07300065
0.049339111
9.94

0.055579822999999993
0.010890958000000001
-0.07164968799999999
0.082540646
0.044688865
9.25

0.041096407
0.01165936
-0.060142215
0.07180157499999999
0.029437046999999997
8.678260869565218
