
0.21268084
0.09327980899999999
-0.30201157500000003
0.395291384
0.119401031
8.195121951219512

0.129493417
0.033834996
-0.108361325
0.142196321
0.09565842100000001
9.424528301886792

0.34846225
0.047555036
-0.10143977400000001
0.14899481
0.300907214
9.851485148514852

0.106665845
0.018025126
-0.08759441400000001
0.10561954
0.08864071899999999
9.94059405940594

0.099040819
0.037857954
-0.09892322599999999
0.13678118
0.061182864999999996
10.0

0.080303208
0.012795415000000001
-0.079613339
0.092408754
0.06750779300000001
9.930693069306932

0.062516596
0.014158743
-0.09642469199999999
0.110583435
0.048357853000000006
10.0

0.056885753
0.014503311
-0.055340785
0.06984409600000001
0.042382442
9.94

0.107476855
0.053660654
-0.08798810400000001
0.141648758
0.053816201
9.25

0.049274172
0.01366577
-0.056202337
0.069868107
0.035608402000000004
8.678260869565218
