
10.3869589
10.5136795
0.0
0.26129173333333333
0.7527992666666667
2.5889142333333335
7.171966
1.4285714285714286

8.947239633333332
9.013350166666665
0.0
0.18217126666666666
0.38412583333333333
3.0176925666666667
5.611531766666666
1.5

8.894740266666668
8.9098367
0.0
0.12406613333333333
0.4459601666666667
4.675907933333334
3.7879686
1.5

7.926573733333333
7.9785081
0.0
0.07375696666666666
0.2330219
3.040737866666667
4.704748333333333
1.5

7.4298568
7.474251866666666
0.0
0.10678356666666666
0.26627453333333334
3.5814003666666667
3.6265769666666667
1.5789473684210527

7.1748339
7.2941967666666665
0.0
0.06483593333333333
0.3829097
2.1233704666666666
4.7879166
1.631578947368421

7.147530933333334
7.114247
0.0
0.09311663333333334
0.34491726666666667
1.5614723666666668
5.2078573666666665
1.45

6.728578
6.736497133333334
0.0
0.057555800000000004
0.13955393333333332
1.8995911
4.6973521
1.5

6.9087001
6.7965363
0.0
0.166007
0.16224073333333333
1.910038
4.724257566666666
1.5

6.3322712
6.169520966666667
0.0
0.23918703333333333
0.15840816666666666
1.4936797333333334
4.517433066666666
1.5
