
10.800435233333333
11.0828986
0.0
0.1721734
0.8092789333333333
2.9422857999999996
7.331333866666666
1.4285714285714286

8.847396033333332
9.017041
0.0
0.14531273333333333
0.3689632666666667
2.2826717333333333
6.365406
1.5

7.737080433333333
7.861874133333334
0.0
0.12558143333333333
0.2804640666666667
1.8855566333333333
5.695853433333333
1.5

9.232900466666667
9.306023266666667
0.0
0.4100912666666667
0.661793
0.3696552
8.274575066666666
1.5

7.9420335
8.183590933333333
0.0
0.19379939999999998
0.8285216
0.3816560333333333
6.9734133
1.5789473684210527

7.388003866666666
7.426956400000001
0.0
0.11728319999999999
0.21337226666666667
2.3260826333333333
4.8875015
1.631578947368421

8.2517142
8.433616466666667
0.0
0.2685111
0.5398544000000001
0.7875398333333333
7.106222233333334
1.45

6.858041166666667
7.0381442000000005
0.0
0.23861006666666668
0.48008893333333336
1.0081803333333335
5.549874933333333
1.5

6.4377691666666665
6.3809135333333336
0.0
0.12524146666666666
0.1502850666666667
1.6932268666666668
4.5374016
1.5

6.278414766666667
6.3726281333333334
0.0
0.0675271
0.24189043333333332
2.775381466666667
3.3553562333333335
1.5
