
10.381045199999999
10.513817966666666
0.0
0.16241996666666667
0.4028325
3.3697435
6.741241966666667
1.4285714285714286

9.640816699999998
9.763115366666668
0.0
0.18624960000000002
0.9009697
2.9939382666666665
5.8682074
1.5

6.920998166666667
6.770634366666666
0.0
0.27348873333333334
0.2503115666666667
1.9095981666666668
4.610724633333334
1.5

7.977027233333334
7.975219766666666
0.0
0.06938816666666667
0.22463629999999998
2.4105890333333333
5.339994433333334
1.5

7.364256166666667
7.3418222
0.0
0.11335339999999999
0.30601433333333333
2.3395561333333332
4.696251733333334
1.5789473684210527

7.032980833333333
7.194016633333334
0.0
0.0867405
0.41528166666666666
2.368132566666667
4.4106024
1.631578947368421

7.298407166666667
7.183199333333333
0.0
0.2621573
0.3492107
1.4269378000000001
5.407050833333333
1.45

6.9813005
6.965080633333334
0.0
0.07115426666666666
0.1342544333333333
1.9481243000000001
4.882701900000001
1.5

6.370970099999999
6.361617900000001
0.0
0.054309833333333335
0.1232628
1.6509846333333333
4.587370466666667
1.5

6.1975463
6.2942014
0.0
0.07865256666666666
0.2348561
2.207517566666667
3.8518277333333333
1.5
