
10.668062800000001
11.074516166666665
0.0
0.26096
1.3837415666666666
3.295619133333333
6.395155466666667
1.4285714285714286

9.267545466666666
9.291299333333335
0.0
0.3395143666666666
0.7298433666666667
3.5245633333333335
5.036892633333334
1.5

8.463762433333333
8.641589766666668
0.0
0.1077612
0.6006164333333334
3.3991393
4.641834033333333
1.5

8.015375166666667
8.0541582
0.0
0.2024736
0.455638
2.1136667333333334
5.484853466666666
1.5

8.3357364
7.803430266666666
0.0
0.6882514666666667
0.5902347
2.1371443333333335
5.076051233333334
1.6666666666666667

7.152349133333334
7.110184666666667
0.0
0.22681016666666665
0.6605950333333334
1.4295400333333335
5.020049599999999
1.631578947368421

7.317870933333333
7.3085844
0.0
0.0858433
0.19589833333333334
1.9907072666666665
5.1219788
1.45

7.545997666666667
7.504065166666667
0.0
0.09533330000000001
0.13645573333333333
2.5881217000000003
4.779487733333333
1.5

7.6192771666666665
6.513274633333333
0.0
1.1904617
0.15757036666666666
1.5647132666666665
4.790991
1.5

6.602793466666667
6.670324033333333
0.0
0.20184483333333333
0.6828190333333334
2.4236899333333333
3.563815066666667
1.5
