
10.599923933333333
10.7220111
0.0
0.23663076666666666
0.46010270000000003
4.2321975
6.0297109
1.4285714285714286

8.636000266666668
8.764964866666666
0.0
0.1605762
0.4518761
2.8120967333333335
5.5009920333333335
1.5

7.901721166666667
7.9327147
0.0
0.0649717
0.18971213333333334
3.0619501000000002
4.681052466666666
1.5

7.939748799999999
7.962818566666666
0.0
0.0793817
0.1394737
2.9365011333333335
4.886843733333333
1.5

6.999342700000001
6.8724592
0.0
0.25149503333333334
0.3765606666666667
2.271260966666667
4.224637566666666
1.5789473684210527

7.328100466666667
7.322788466666667
0.0
0.08717636666666667
0.1621431
2.4589302333333336
4.701715133333334
1.631578947368421

7.575402400000001
7.121268
0.0
0.5518472333333333
0.35482506666666663
1.727619
5.038823933333334
1.45

7.591088733333334
7.5900504
0.0
0.05944386666666667
0.1816529
2.4993186333333335
4.9090788666666665
1.5

6.5767724
6.510293333333333
0.0
0.18005286666666667
0.18302976666666665
1.5788718
4.748391766666667
1.5

6.720768366666666
6.707330933333334
0.0
0.09275726666666666
0.2240965666666667
1.7718013000000001
4.711433066666666
1.5
