
10.392817366666668
10.3973639
0.0
0.21139116666666666
0.3914025333333333
3.6497913
6.3561700666666665
1.4285714285714286

8.546370533333333
8.1947483
0.0
0.5475903666666667
0.43465766666666666
2.4287057666666665
5.331384866666666
1.5789473684210527

8.306065799999999
8.397151833333334
0.0
0.107163
0.3897915
3.1940529
4.813307433333334
1.5

7.824602166666667
7.9361858
0.0
0.13940846666666667
0.4167791333333334
2.3996239
5.119782766666667
1.5

6.993201066666667
7.266872533333333
0.0
0.12959223333333333
0.6527821666666667
2.0143260333333335
4.599764333333333
1.5789473684210527

6.5489131
6.521453066666666
0.0
0.11755803333333334
0.1483463
2.768396533333333
3.6047102333333334
1.631578947368421

7.211019233333333
7.218010933333334
0.0
0.0983865
0.4459676666666667
1.9947367333333335
4.777306533333333
1.45

7.4952695
7.4480195
0.0
0.10125636666666667
0.10036616666666667
2.79293
4.5547233333333335
1.5

6.720993133333334
6.748207066666667
0.0
0.1700036
0.2555827666666667
1.5389106333333333
4.953713666666667
1.5

6.456762066666666
6.424645033333333
0.0
0.10186296666666667
0.1407461
1.4198794666666665
4.864019466666667
1.5
