
11.085890833333334
11.545002733333332
0.0
0.644105
1.3476647333333334
1.5090949
8.6882431
1.4285714285714286

8.612595766666667
8.811041900000001
0.0
0.09371886666666666
0.6309697
2.6540532333333333
5.526018966666666
1.5

8.180237400000001
8.2326655
0.0
0.0932283
0.4011844666666667
2.9715996666666666
4.8598813666666665
1.5

8.209091366666666
8.222694366666666
0.0
0.22054343333333332
0.2777602
1.8117113333333332
6.133222833333333
1.5

7.574368466666667
7.441114366666667
0.0
0.22599616666666666
0.3532136333333334
1.9876365333333335
5.1002642
1.5789473684210527

6.953315566666666
7.070503433333333
0.0
0.09393126666666667
0.3205610333333333
2.3217809
4.4281615
1.631578947368421

7.445789
7.426698099999999
0.0
0.1006222
0.1467351
1.9296106000000002
5.3503524
1.45

7.175228433333333
7.0684075
0.0
0.17117033333333334
0.27891683333333334
2.107540933333333
4.681949733333333
1.5

6.588262566666667
6.536292133333334
0.0
0.1257471
0.1530848
1.7301056333333333
4.653101700000001
1.5

6.612638133333334
6.6299554333333335
0.0
0.0731185
0.13407260000000001
1.9421138
4.553769033333333
1.5
