
10.415993533333333
10.488630766666667
0.0
0.2526969666666667
1.0839471
3.3470111333333334
6.057672533333333
1.4285714285714286

8.499070866666667
8.518391
0.0
0.08618896666666666
0.19912703333333331
3.3933041333333334
4.925959833333333
1.5

8.310324566666667
8.370049566666667
0.0
0.2503915333333333
0.7322755666666666
2.7339553
4.9038187
1.5

7.9839978333333335
7.965197266666666
0.0
0.14917883333333334
0.3607203666666666
2.622410866666667
4.982066033333333
1.5

7.493213166666667
7.5149824
0.0
0.12079276666666666
0.22318383333333333
2.2871801666666665
5.0046184
1.5789473684210527

7.145114733333333
7.2531045999999995
0.0
0.10918103333333334
0.291876
2.2311537666666665
4.730074833333333
1.631578947368421

7.059898433333333
7.074557066666666
0.0
0.0951768
0.2222421
1.9661530666666667
4.8861619
1.45

6.756147833333333
6.742371
0.0
0.11921246666666666
0.24178729999999998
1.6587789666666666
4.841804733333333
1.5

6.3465048
6.396588433333333
0.0
0.1046745
0.35084873333333333
1.6074742
4.4382655
1.5

7.274116866666666
7.3203353
0.0
0.12115873333333334
0.2751111666666667
2.2538416
4.7913825333333335
1.5
