
10.725371966666668
10.9824213
0.0
0.19828416666666665
0.5852257666666667
3.434397966666667
6.962797566666667
1.4285714285714286

9.079814766666667
9.0912352
0.0
0.19138496666666668
0.4018736
3.2581917000000002
5.4311699
1.5

8.765803433333334
8.744954666666667
0.0
0.14787593333333332
0.30080356666666663
3.3864236333333335
5.057727466666667
1.5

8.1609659
8.117295200000001
0.0
0.09999586666666667
0.15174443333333332
2.7208931
5.244657666666667
1.5

7.445276733333333
7.454721766666666
0.0
0.14568416666666667
0.26971233333333333
2.6826375
4.502371933333333
1.5789473684210527

7.321087933333334
7.325065166666667
0.0
0.07944803333333333
0.220682
2.2058677666666666
4.8985154
1.631578947368421

7.282821366666666
7.280770866666666
0.0
0.1480973
0.2699995333333333
1.8637685
5.147002833333333
1.45

6.7446046
6.705762166666667
0.0
0.08953156666666666
0.09292373333333334
1.9404610333333334
4.6723774
1.5

6.278392366666666
6.2301028
0.0
0.1025962
0.08838143333333333
1.3946548
4.747066566666667
1.5

5.9941001
6.146162400000001
0.0
0.11049776666666666
0.3950264
1.8012352333333335
3.9499007666666666
1.5
