
10.401066666666667
10.460033433333333
0.0
0.24188343333333331
0.5773146666666666
3.8306799333333332
6.052038833333333
1.4285714285714286

8.893348833333334
8.9675271
0.0
0.15317429999999999
0.7703303333333333
2.6133921333333334
5.583804633333334
1.5

8.5662636
8.5634663
0.0
0.13887413333333334
0.27327063333333335
3.3351153333333334
4.955080333333333
1.5

8.2072185
8.114662633333333
0.0
0.15325186666666668
0.1354666
2.8873930333333333
5.091803
1.5

7.781857733333333
7.744943166666667
0.0
0.1355587
1.5593203666666666
2.5676428666666666
3.617979933333333
1.5789473684210527

7.019548833333333
7.063491133333334
0.0
0.06530176666666666
0.15685886666666668
2.2149436000000002
4.691688666666667
1.631578947368421

7.4813863
7.535467233333334
0.0
0.11514583333333332
0.44969386666666666
2.738614033333333
4.347159333333333
1.45

6.4192434
6.434471866666666
0.0
0.13104553333333335
0.43253943333333333
1.5209527
4.480979733333333
1.5

6.404674033333333
6.360355866666667
0.0
0.10554483333333332
0.1451877
1.4916876333333333
4.723480533333333
1.5

6.2492922
6.204148866666666
0.0
0.16122813333333333
0.18491226666666666
1.1659801
4.8532565
1.5
