
9.835579633333333
10.274026800000001
0.0
0.14608786666666668
0.7756884666666667
3.3090474666666667
6.189290866666666
1.4285714285714286

8.996119733333332
9.059237266666667
0.0
0.15403453333333333
0.3390939333333334
3.0454052333333332
5.6747381
1.5

8.0201756
7.977604400000001
0.0
0.20013376666666666
0.3830787666666667
2.8000836666666666
4.794441966666667
1.5

7.9752859
7.990061
0.0
0.0630493
0.16610493333333332
2.7873131
5.036642966666667
1.5

7.6029637
7.5692702999999995
0.0
0.13238983333333335
0.3907200333333333
2.1612487333333332
5.017301533333333
1.5789473684210527

7.925802066666666
7.886279533333333
0.0
0.13258613333333333
0.3147896666666667
3.2721164333333332
4.299373433333334
1.631578947368421

7.090070866666666
7.059222433333334
0.0
0.0903911
0.2998902666666667
1.6121590333333335
5.147173133333334
1.45

6.4817363
6.428439233333333
0.0
0.11373703333333333
0.19018036666666666
1.6129727666666667
4.625286099999999
1.5

6.4147185
6.3442048
0.0
0.1213819
0.1065429
1.7151587
4.5225032
1.5

6.452985466666667
6.467723299999999
0.0
0.07599339999999999
0.14151216666666666
2.1278498666666668
4.198361266666667
1.5
