
10.841149133333333
10.883887933333334
0.0
0.21235579999999998
0.37972843333333334
4.749266700000001
5.7548927999999995
1.4285714285714286

8.715713033333333
8.740599
0.0
0.1567769333333333
0.6887714333333333
2.4422874
5.609540166666667
1.5

8.488983166666666
8.368386766666667
0.0
0.18875676666666666
0.5700973333333333
1.9443303
5.853959133333333
1.5

8.080998366666666
8.076502733333333
0.0
0.06704689999999999
0.16504173333333333
2.7680154333333333
5.143445566666666
1.5

7.467105166666667
7.447066366666666
0.0
0.09185523333333334
0.254803
2.2397356333333334
4.9525277333333335
1.5789473684210527

7.053531033333333
7.142971466666666
0.0
0.0590944
0.21333333333333335
2.2841068
4.6455313333333335
1.631578947368421

7.505360266666667
7.519222366666666
0.0
0.0964903
0.24290336666666668
2.05852
5.217799
1.45

6.775284266666667
6.856785666666667
0.0
0.1247565
0.42022573333333335
1.5653886333333333
4.871171299999999
1.5

7.945947833333333
7.7431009
0.0
0.517958
0.5384044
0.9055766333333333
6.299119866666667
1.5

6.329012233333334
6.3484726
0.0
0.0776182
0.14215866666666666
1.9771887666666665
4.229125166666667
1.5
