
10.304428566666667
10.363230366666667
0.0
0.17772016666666665
0.35378886666666665
3.3568322000000004
6.6526093
1.4285714285714286

8.987172933333333
9.0141728
0.0
0.19629270000000001
0.507374
3.065908633333333
5.440890166666667
1.5

7.6607242
7.633322633333334
0.0
0.1392774333333333
0.4982511
2.6296684666666668
4.505403066666666
1.5

7.458745700000001
7.463258666666667
0.0
0.2125795666666667
0.29859456666666667
2.2441910666666667
4.920473033333333
1.5

7.763395233333333
8.04694
0.0
0.10136160000000001
0.8034074
1.6248851333333334
5.618647466666666
1.5789473684210527

7.652401866666667
7.602026933333334
0.0
0.15904553333333332
0.30202856666666666
1.9438627
5.356135666666667
1.631578947368421

7.357368666666667
7.269429833333333
0.0
0.19826816666666666
0.17752913333333334
1.9519825333333334
5.139918166666667
1.45

6.907404233333334
6.506876733333334
0.0
0.5024725666666666
0.23029163333333333
1.7155953000000002
4.5609898
1.5

6.393665333333333
6.3288254
0.0
0.1691135
0.16601253333333332
1.4222621666666668
4.7405507
1.5

6.488103266666666
6.3802745666666665
0.0
0.20590263333333333
0.1666301
1.5795374666666666
4.634107
1.5
