
9.503284833333334
10.138625566666667
0.0
0.1421357
1.0188010333333333
4.119494833333333
5.0003297
1.4285714285714286

8.709645666666667
8.740553966666667
0.0
0.12357976666666666
0.47037026666666665
2.3897065333333334
5.880477166666667
1.5

8.039474666666667
8.039273733333333
0.0
0.17346573333333334
0.3409008
1.9185643666666667
5.7798085666666665
1.5

7.814961633333334
7.842592866666666
0.0
0.07178353333333334
0.18750156666666667
2.7564346333333334
4.898656666666667
1.5

7.2089623
7.195721333333333
0.0
0.06888543333333333
0.08444016666666668
2.60757
4.503711166666667
1.5789473684210527

7.051753466666667
7.0835749
0.0
0.056439
0.1667734
2.784879533333333
4.131921966666667
1.631578947368421

7.417234933333334
7.329445933333334
0.0
0.17737373333333334
0.19801739999999998
1.9969235666666667
5.1345049666666664
1.45

8.265712666666667
8.260577133333333
0.0
0.4185031666666667
0.6382218000000001
1.4322195
6.190135833333333
1.5

6.626359666666667
6.481015433333334
0.0
0.23665693333333332
0.31454940000000003
2.4936507000000003
3.6728153333333333
1.5

6.619268033333333
6.595079166666667
0.0
0.13545970000000002
0.14012063333333333
0.8888849
5.566073633333334
1.5
