
11.1883809
11.130962866666668
0.0
0.29648026666666666
0.5275343
4.1261833
6.4772452666666664
1.4285714285714286

8.9313679
9.030872233333332
0.0
0.08317933333333333
1.0804036666666668
2.8216045333333333
5.1288640333333335
1.5

7.036956833333333
7.339108433333333
0.0
0.11990396666666665
0.6544038333333334
1.9817348666666668
4.702969733333333
1.5

7.663378166666667
7.635881733333333
0.0
0.11223023333333333
0.32510120000000003
2.0114143
5.299366233333333
1.5

8.168353466666666
8.315231866666666
0.0
0.2977200333333333
0.8483006666666666
2.176742133333333
5.290189066666667
1.5789473684210527

6.600533333333333
6.640667400000001
0.0
0.17812170000000002
0.2937226666666667
1.7891831
4.5577616333333335
1.631578947368421

7.758412799999999
7.6408017
0.0
0.2575926
0.35757696666666666
2.2829137333333334
5.000311
1.45

7.1725426
7.1804985
0.0
0.09135806666666667
0.29550503333333333
2.1179900333333332
4.7670034333333335
1.5

6.6507902
6.601206866666666
0.0
0.11867633333333333
0.20118203333333332
1.6497935
4.750231333333333
1.5

7.1029625
7.1368586
0.0
0.07626086666666666
0.21584303333333332
2.3004371
4.620578466666667
1.5
