
9.668996733333332
9.827761066666666
0.0
0.11951603333333334
0.509078
3.4603037333333333
5.858379333333333
1.4285714285714286

8.770419033333333
8.8008311
0.0
0.07192223333333334
0.33772409999999997
2.6657886333333334
5.7973183666666666
1.5

7.2701308
7.296367133333334
0.0
0.09913576666666667
0.3949764333333334
2.0688088666666666
4.832581833333333
1.5

7.9659152
7.997383866666667
0.0
0.1253359
0.24380829999999998
2.7449798
5.008595766666667
1.5

7.651088033333333
7.6643620666666665
0.0
0.12657743333333332
0.31404556666666666
2.136568733333333
5.213747766666667
1.5789473684210527

7.047929166666667
7.0418257
0.0
0.13061763333333334
0.17954366666666666
2.2922140333333334
4.570068
1.631578947368421

6.6902493
6.777747866666666
0.0
0.11629463333333333
0.3531649
1.9321895
4.492393466666667
1.45

7.061543366666666
7.090767833333333
0.0
0.09416066666666667
0.34452926666666667
1.5312451
5.214993466666667
1.5

6.366998733333333
6.2289157
0.0
0.19103003333333332
0.09888716666666666
1.3456044333333332
4.7844241
1.5

5.955203900000001
5.8365816
0.0
0.20606023333333334
0.15612116666666664
1.2029520666666667
4.477508366666666
1.5
