
10.147572566666666
10.228109766666668
0.0
0.15755993333333332
0.3408653666666666
3.680714066666667
6.206530333333333
1.4285714285714286

9.1352722
9.102221933333334
0.0
0.2259452
0.5535481666666666
3.0588921666666664
5.4897816
1.5

8.148569333333333
8.1059048
0.0
0.12021606666666666
0.3921833
2.6759336666666664
5.037787833333333
1.5

8.005371766666666
7.980968166666667
0.0
0.08682026666666666
0.1558434333333333
2.6193476666666666
5.205777066666666
1.5

8.247655766666666
8.260567366666667
0.0
0.17626366666666665
0.5796327666666667
2.9489668333333334
4.731967766666666
1.5789473684210527

7.558858633333334
7.612188766666667
0.0
0.1205149
0.27234376666666665
2.5076778333333336
4.832167166666667
1.631578947368421

7.368236566666666
7.369475666666667
0.0
0.10001423333333334
0.3596396333333334
1.7193108333333333
5.2905252
1.45

6.8996666
6.9304654333333335
0.0
0.1193193
0.2799025
2.1775438
4.473019133333334
1.5

7.0805492999999995
7.0261616
0.0
0.192727
0.29954966666666666
1.6321266666666667
5.094485266666666
1.5

6.399816266666667
6.1141298
0.0
0.4206358333333333
0.19780583333333335
1.7368784666666666
4.1794455
1.5
