
10.685332066666666
10.976213233333333
0.0
0.17563276666666666
0.6854296999999999
4.3523670333333335
5.9384165
1.4285714285714286

9.047637033333332
8.959062733333333
0.0
0.5215242999999999
1.2109230666666666
2.922372933333333
4.825766733333333
1.5

7.4201133666666665
7.8819088
0.0
0.06872076666666667
0.8358709333333334
2.4323658333333333
4.613672033333334
1.5

7.705052466666666
7.753592833333333
0.0
0.25834443333333335
0.6363976666666666
2.4286796
4.688515566666666
1.5

7.547135466666667
7.6826924666666665
0.0
0.109671
0.7647355333333333
1.9926192333333335
4.9253377
1.5789473684210527

7.287106933333334
7.273019466666667
0.0
0.09640069999999999
0.16011186666666666
2.3029611333333335
4.809946466666667
1.631578947368421

7.486833766666667
7.5798111
0.0
0.16579603333333331
0.41726043333333335
2.5391559
4.623394766666666
1.45

6.338753833333333
6.3090995
0.0
0.19518983333333334
0.3784967
1.3155176666666668
4.615085133333333
1.5

6.652287566666667
6.573307933333334
0.0
0.1346779
0.12521123333333334
1.8138300666666667
4.6342666333333336
1.5

6.762232200000001
6.7570173
0.0
0.06746243333333334
0.12927286666666668
1.8517724333333334
4.775972
1.5
