
10.203738766666667
10.362113333333333
0.0
0.11821866666666667
0.3918512333333333
2.994252933333333
6.976009166666667
1.4285714285714286

8.978813066666666
8.865602566666666
0.0
0.18822626666666667
0.47962363333333335
3.9601578666666666
4.425821066666667
1.5

7.735148933333334
7.6714262
0.0
0.21333753333333333
0.4687059
2.844522566666667
4.358197733333333
1.5

7.8579927000000005
7.902876099999999
0.0
0.08086313333333334
0.22077726666666667
2.9366384
4.745460433333333
1.5

7.1116318666666665
7.2075425
0.0
0.059090166666666666
0.4012806
2.443461566666667
4.362800333333333
1.5789473684210527

7.8898885
7.6547057
0.0
0.3026062666666667
0.1987794
2.2167796666666666
5.239146633333334
1.631578947368421

7.449808466666667
7.578003633333334
0.0
0.14404693333333332
0.3815911666666667
1.5460970666666667
5.6503154
1.45

6.779084566666667
6.733686533333334
0.0
0.11176706666666666
0.4506247
2.6998358666666666
3.583225966666667
1.5

6.272886766666667
6.239074033333333
0.0
0.1189388
0.16711833333333334
1.5125337333333333
4.559421966666667
1.5

6.8082735
6.827486033333333
0.0
0.0587135
0.1376225
2.0089147666666665
4.680948766666667
1.5
