
9.656143966666667
10.469703066666666
0.0
0.18769629999999998
1.1270333666666668
4.357114233333333
4.985555466666667
1.4285714285714286

8.656687199999999
8.747756166666665
0.0
0.11556593333333333
0.5798113666666667
2.4507814666666667
5.717163333333333
1.5

9.545655366666667
9.551978199999999
0.0
0.12152933333333332
0.16242256666666668
4.126351333333334
5.2632043
1.5

7.872630833333333
7.894133433333334
0.0
0.2134655
0.49123459999999997
2.8494926666666665
4.553406166666667
1.5

7.7724660666666665
7.683101133333333
0.0
0.23193473333333334
0.41963303333333335
2.3808623333333334
4.882605766666667
1.5789473684210527

7.1920570999999995
7.183716933333334
0.0
0.06682060000000001
0.09802996666666666
2.4671190333333333
4.618567933333334
1.631578947368421

7.723207866666666
7.695763166666667
0.0
0.2605598333333333
0.6177452666666667
1.5216695
5.5563484
1.45

7.9726801
8.0233245
0.0
0.3256956
0.5459347
1.5064326000000001
5.9709572
1.5

6.923604533333333
6.773447333333333
0.0
0.20870313333333332
0.17226539999999999
1.6267523000000002
4.974429633333334
1.5

6.787794
6.7341697
0.0
0.18112126666666667
0.2336915
1.8254432
4.675035
1.5
