
10.454105333333334
10.615019233333333
0.0
0.11012046666666667
0.5508515666666667
3.1811662333333333
6.883001433333334
1.4285714285714286

8.760935566666667
8.716494266666668
0.0
0.16072726666666667
0.4460830333333333
2.447812566666667
5.822598666666667
1.5

8.266991333333333
8.656493033333334
0.0
0.12713893333333334
0.9005604333333334
3.2046180333333334
4.551314566666666
1.5

8.185185
8.180420333333332
0.0
0.11389260000000001
0.4548685333333333
3.0664708333333337
4.659080966666667
1.5

7.203971
7.353447833333333
0.0
0.06713786666666667
0.340668
2.5856673333333333
4.4271125
1.5789473684210527

8.118080866666666
8.407691300000002
0.0
0.24041220000000002
0.8481767666666667
2.6968113333333337
4.8627032
1.631578947368421

7.070512366666666
7.0436717
0.0
0.08219653333333334
0.1356755
1.6194869666666665
5.2885092333333334
1.45

6.828182766666667
6.8129482333333335
0.0
0.06359426666666668
0.13282056666666667
1.8406665666666666
4.839461099999999
1.5

6.2394963
6.255346933333334
0.0
0.10187313333333334
0.20652666666666666
1.6189854
4.429834866666666
1.5

6.881698266666667
6.827807366666666
0.0
0.12277133333333333
0.21016873333333333
1.8033184666666666
4.814320166666667
1.5
