
10.8311715
10.984756366666668
0.0
0.17130083333333335
0.4809685
3.6384571
6.865330766666666
1.4285714285714286

7.827734133333334
7.9392396
0.0
0.1782704
0.4668915
2.8467646666666666
4.625583433333333
1.5

8.951660366666667
9.0473577
0.0
0.2428091
0.4523115
3.097682933333333
5.4973632666666665
1.5

7.965867266666667
7.762931066666666
0.0
0.5653665333333333
0.5476198000000001
2.2582113666666666
4.9570999
1.5

7.6171836
7.631204733333333
0.0
0.1324319333333333
0.7928858000000001
2.1724146
4.665904333333333
1.5789473684210527

7.063659433333334
7.048023066666667
0.0
0.1600985666666667
0.5233094666666667
1.7784575
4.746256099999999
1.631578947368421

7.353648533333333
7.2394264
0.0
0.17929833333333334
0.21145063333333333
1.9337013
5.094274466666667
1.45

6.862567733333333
6.872752566666667
0.0
0.17189729999999998
0.40565673333333335
1.5434558333333332
4.92364
1.5

6.755226733333333
6.6806871333333335
0.0
0.12670166666666668
0.09170186666666667
2.1790268999999998
4.409958366666666
1.5

6.819645733333333
6.8442667
0.0
0.07681303333333334
0.16328216666666664
2.8880052000000003
3.7929793333333337
1.5
