
10.772992366666667
10.947510033333334
0.0
0.20489416666666666
0.49100713333333335
4.321920733333333
6.134582166666667
1.4285714285714286

8.555544833333334
8.662382133333333
0.0
0.15286143333333332
0.6454343666666666
3.3135467000000003
4.703401066666666
1.5

8.871013766666668
9.021772366666667
0.0
0.17073213333333334
0.6401614333333333
3.8341377999999997
4.547473133333334
1.5

7.505244599999999
7.3896766
0.0
0.19615753333333333
0.15278463333333334
2.5960657666666664
4.6408262
1.5

7.2247197666666665
7.206545666666667
0.0
0.1012397
0.15639029999999998
2.0600944666666665
4.9900609000000005
1.5789473684210527

6.803175033333333
6.720329866666666
0.0
0.20822123333333334
0.5049744666666667
1.8335573
4.381798099999999
1.631578947368421

7.522050766666666
7.447558933333333
0.0
0.14857546666666668
0.1519170333333333
1.9355511666666667
5.360090733333333
1.45

7.633213033333333
7.393254
0.0
0.34130626666666664
0.24093126666666667
2.0979818999999997
5.054340833333333
1.5

6.539439833333333
6.488158933333334
0.0
0.14258096666666667
0.15663646666666667
1.5180045
4.813517966666667
1.5

6.7480066333333335
6.7618764
0.0
0.0633621
0.14867063333333333
2.0428919666666667
4.5703138
1.5
