
11.397179133333333
11.536511166666665
0.0
0.22395803333333333
0.5084907333333334
4.3838644
6.644156033333333
1.4285714285714286

8.457308733333333
8.4959723
0.0
0.12690466666666667
0.7166267666666667
2.2350921666666665
5.544253366666666
1.5

8.088346266666667
8.072990466666667
0.0
0.11073896666666666
0.4637716666666667
2.814056133333333
4.795162666666667
1.5

8.048791266666667
8.1039672
0.0
0.15840913333333334
0.49623809999999996
2.6460166333333333
4.9617124666666665
1.5

7.7414666
7.785054533333334
0.0
0.12734793333333333
0.2752471666666667
1.9840836333333334
5.525723733333334
1.5789473684210527

19.19041513333333
18.201120466666666
0.0
1.4675063000000002
2.9108593333333337
1.8978468666666668
13.392414266666668
1.631578947368421

17.243224733333335
5.3179783
0.0
12.233251633333333
0.45498256666666664
1.0140307333333334
3.848965
3.888888888888889

8.373437833333332
5.3696229
0.0
3.408774966666667
0.6915574666666666
0.6780355666666666
4.000029866666667
1.5

5.246298
5.424419599999999
0.0
0.42431646666666667
0.8279540666666666
0.5590457666666667
4.037419766666667
1.5

5.693489333333333
5.503946933333333
0.0
0.3163599
0.3892333333333333
1.2751390333333334
3.8395745666666667
1.5
