
10.543451833333334
10.704899866666667
0.0
0.11627760000000001
0.3587435333333333
3.972388033333333
6.3737683
1.4285714285714286

8.946006033333333
8.878392233333333
0.0
0.342582
0.6373964
3.0090793
5.231916533333333
1.5

8.903115766666668
7.720608666666667
0.0
1.5222050333333335
0.5034325666666667
2.688496033333333
4.5286800666666664
1.6666666666666667

7.946577066666666
7.948165366666666
0.0
0.14768563333333334
0.5838928000000001
2.9946942666666665
4.3695783
1.5

7.315957066666666
7.322187966666667
0.0
0.07136416666666667
0.4364375
2.0934854
4.792265066666666
1.5789473684210527

7.018538933333334
6.9353104000000005
0.0
0.16856896666666668
0.23793393333333332
2.1970419
4.500334566666666
1.631578947368421

8.219099933333334
8.276822366666666
0.0
0.33167986666666666
0.4516518
1.1982662
6.6269043666666665
1.45

8.387547433333333
8.670333699999999
0.0
0.5356155666666667
0.8526643333333334
0.34690526666666666
7.470764099999999
1.5

7.386686566666667
7.504988166666667
0.0
0.1934061
1.3178781000000002
0.8787593666666667
5.3083507
1.5

6.524734866666666
6.410332966666667
0.0
0.164662
0.13317436666666665
1.5476848666666667
4.729473733333333
1.5
