
11.1429454
11.379082966666667
0.0
0.41600333333333334
0.8841352333333333
1.9711845333333335
8.5237632
1.4285714285714286

9.545027333333334
9.485607966666667
0.0
0.2808378333333333
0.45034793333333334
3.3303291
5.704930933333333
1.5

7.7102758
7.7201393666666664
0.0
0.07087206666666666
0.3827911
2.2444268666666667
5.092921400000001
1.5

7.623198433333334
7.5801548
0.0
0.1417586
0.29162993333333337
2.432364433333333
4.856160433333334
1.5

7.4249737
7.4357862
0.0
0.07636330000000001
0.13903520000000003
2.331078466666667
4.965672533333334
1.5789473684210527

6.765158266666667
6.724722333333333
0.0
0.2560787666666667
0.46311053333333335
1.6732568
4.588355
1.631578947368421

7.279998666666667
7.264867666666667
0.0
0.08752943333333334
0.25092746666666665
1.7827629666666664
5.231177233333334
1.45

6.4905070333333335
6.478567099999999
0.0
0.07518493333333333
0.11830583333333333
1.6005890666666667
4.7596722
1.5

6.4362794333333335
6.413860333333333
0.0
0.07863733333333332
0.1378280666666667
1.5644097333333333
4.711622533333333
1.5

6.8140415333333335
6.6998180666666665
0.0
0.2985215333333333
0.29154753333333333
1.8869497666666666
4.521320766666666
1.5
