
20.2245911
20.7752482
0.0
0.5653694333333333
1.3035190666666667
13.0524944
6.419234733333333
1.5

6.038861866666666
5.664087033333333
0.0
0.8285310666666666
0.601257
1.2493872333333333
3.8134428
1.5789473684210527

8.080418700000001
8.337055466666667
0.0
0.19084220000000002
1.1123476
2.080445166666667
5.1442627000000005
1.5

6.6625873
6.4720379
0.0
0.5700893666666667
1.0526938333333333
0.8519446333333333
4.567399433333334
1.5789473684210527

6.3832297
6.3843570666666665
0.0
0.22549260000000002
0.4620751333333334
1.2710756333333333
4.6512063
1.5789473684210527

6.40862
6.4689071
0.0
0.12763533333333332
0.7462486666666667
2.9296892666666667
2.7929691666666665
1.631578947368421

5.655581633333334
5.591614333333333
0.0
0.11035776666666666
0.07159910000000001
2.546319566666667
2.9736956666666665
1.45

7.118517
7.123316066666667
0.0
0.07561810000000001
0.16050983333333335
2.210581433333333
4.7522248
1.5

7.976870066666667
7.9137145
0.0
0.27294796666666665
0.47187276666666667
1.4768841000000001
5.964957633333333
1.5

7.395705933333334
7.236320366666666
0.0
0.28161953333333334
0.33091973333333335
2.0762718666666666
4.829128766666667
1.5
