
11.558913266666668
11.524038733333333
0.0
0.3275900333333333
0.4444322666666667
4.97874
6.100866466666667
1.4285714285714286

8.951060366666667
8.887436699999999
0.0
0.1714919
0.3611722
3.346014266666667
5.180250233333333
1.5

6.923878133333334
7.1092218
0.0
0.12627113333333334
0.4407510333333333
2.254090966666667
4.4143798
1.5

7.494348433333333
7.606795433333334
0.0
0.18793153333333332
0.4045833333333333
1.9571158666666666
5.245096233333333
1.5

7.6079721
7.742373033333333
0.0
0.15712236666666668
0.47340093333333333
2.698245366666667
4.570726733333333
1.5789473684210527

8.089864799999999
8.0951814
0.0
0.07995836666666667
0.13195753333333332
3.753423033333333
4.209800833333333
1.631578947368421

7.727753033333333
7.650054566666666
0.0
0.19449523333333335
0.3755291666666667
2.9400558666666665
4.334469533333333
1.45

7.2362237
7.231046566666667
0.0
0.06401219999999999
0.14222016666666665
3.1093495
3.9794769
1.5

6.513489033333333
6.4213930333333336
0.0
0.14083873333333333
0.10303316666666668
1.9327524333333332
4.385607433333334
1.5

6.847174233333333
6.851326166666667
0.0
0.06354836666666668
0.121212
1.9343465
4.795767666666667
1.5
