
10.194314566666666
10.325105633333333
0.0
0.12723813333333334
0.40335146666666666
3.9670680666666667
5.9546861
1.4285714285714286

9.042801333333333
9.093516900000001
0.0
0.15106906666666667
0.5015677333333334
2.283703
6.308246166666667
1.5

8.531398966666666
8.408020166666667
0.0
0.3728264666666667
0.4357388
2.0866257333333333
5.885655633333334
1.5

8.920491733333332
8.8711944
0.0
0.2559886333333333
0.4704722333333333
1.9861469666666665
6.4145752
1.5

8.200052066666666
8.536543466666666
0.0
0.3566598333333333
0.7418790333333333
0.7957095666666667
6.998954866666666
1.5789473684210527

8.062432866666667
7.8336103
0.0
0.4653810333333333
0.5026490666666666
2.3690677
4.961893533333333
1.7222222222222223

7.347518966666667
7.281243866666666
0.0
0.1331765666666667
0.1363489
1.9071006333333334
5.237794333333333
1.45

7.1405853
6.9370557
0.0
0.3296727666666667
0.3061685333333333
1.6097889333333333
5.021098233333333
1.5

6.418077
6.313867966666667
0.0
0.16606413333333334
0.10125496666666665
1.4767252
4.7358877999999995
1.5

6.8765778
6.694945966666666
0.0
0.2572282
0.2067331
1.4427173999999998
5.045495466666667
1.5
