
10.316248400000001
11.4369221
0.0
0.20879963333333332
1.4581051
2.6355287333333335
7.343288266666667
1.4285714285714286

10.465604166666665
10.442512433333334
0.0
0.3258299
1.1426106
4.3593641
4.940537733333334
1.5

7.571371066666666
7.6321494
0.0
0.09592543333333334
0.5475190999999999
2.6902462999999996
4.394384
1.5

7.9265175999999995
7.914744333333333
0.0
0.10601353333333334
0.3123826333333334
2.3872226333333333
5.215139066666667
1.5

7.4375024666666665
7.469269233333334
0.0
0.0667891
0.16247316666666667
2.3534393666666666
4.9533567000000005
1.5789473684210527

7.617990533333333
7.599345
0.0
0.07845166666666667
0.17070756666666667
2.3744243333333337
5.054213099999999
1.631578947368421

7.421878
7.420707166666667
0.0
0.13181283333333335
0.2579318666666667
2.213126066666667
4.949649233333333
1.45

7.5027802999999995
7.505219299999999
0.0
0.06451006666666667
0.09037236666666666
2.783548533333333
4.6312984
1.5

7.1251852
7.130231
0.0
0.11522166666666667
0.18991353333333333
2.336851933333333
4.603465533333333
1.5

6.506258566666666
6.386922266666667
0.0
0.16627383333333334
0.14745116666666666
1.4607203666666666
4.778750733333333
1.5
