
11.8090157
12.226437833333334
0.0
0.2169205
0.9620416333333333
4.417198066666667
6.847198133333333
1.4285714285714286

7.793188466666667
8.008229366666667
0.0
0.200302
0.8704323666666667
2.3782132999999996
4.7595837
1.5

10.167137866666668
10.421555533333333
0.0
0.14334243333333332
0.8469419
5.447630566666667
4.126983066666667
1.5

6.510802466666667
6.625116666666667
0.0
0.3552111
0.5422081
1.6911437
4.391764866666667
1.5

7.220477099999999
7.2860515
0.0
0.09385436666666667
0.24713683333333333
2.4231991666666666
4.6157155
1.5789473684210527

6.987056866666666
7.003087466666667
0.0
0.1035642
0.19382006666666668
2.267712133333333
4.541555266666666
1.631578947368421

7.9853588
7.9111839
0.0
0.2291705
0.38776943333333336
2.7417825
4.781631966666667
1.45

7.0981643666666665
7.016787033333333
0.0
0.15078673333333334
0.2826981333333334
2.160665933333333
4.573422966666667
1.5

6.877042033333333
6.9630367
0.0
0.14507333333333333
0.30690690000000004
1.7219276333333333
4.934202166666667
1.5

6.843081833333333
6.725033266666666
0.0
0.20741673333333333
0.20615893333333332
1.779949
4.738925333333333
1.5
