
10.663335833333335
10.844978300000001
0.0
0.1335985
0.45340016666666666
3.8759862000000003
6.515591933333334
1.4285714285714286

8.918938666666666
8.701962466666666
0.0
0.307814
0.3543361
2.4973449333333333
5.8502814333333335
1.5

8.587341366666667
8.597691066666666
0.0
0.06748946666666666
0.15961153333333333
3.2643115
5.173768033333333
1.5

8.326155266666667
8.186574266666666
0.0
0.20031316666666665
0.3358456666666667
2.8981177333333332
4.952610866666666
1.5

7.5114033
7.5366029
0.0
0.0621699
0.1552219
2.7383360666666667
4.643044933333334
1.5789473684210527

8.100980866666665
7.963986133333334
0.0
0.2458987
0.45397443333333337
2.7230437333333333
4.7869679666666665
1.631578947368421

8.0030546
7.912807666666667
0.0
0.3737386
0.3340597
1.8165978
5.762150166666667
1.45

8.186538833333334
8.398053766666667
0.0
0.19524096666666668
0.6716852
2.4710015666666667
5.255367
1.5

6.102061766666667
6.069183566666666
0.0
0.16414479999999998
0.1851741
1.5646175666666666
4.3193919
1.5

6.740816466666667
6.592246566666667
0.0
0.21118373333333335
0.14760323333333333
1.3205723666666667
5.124070966666666
1.5
