
9.790633733333333
10.045391733333332
0.0
0.1690086
0.7050234666666667
3.1623742999999997
6.177993966666667
1.4285714285714286

8.966095699999999
9.0175525
0.0
0.1581513
0.597149
3.4562696666666666
4.964133833333333
1.5

9.983308800000001
9.941875699999999
0.0
0.2907676666666667
0.4893862
3.9510306
5.5014589
1.5

7.782790166666667
7.7890957
0.0
0.12682523333333334
0.29084303333333333
2.241056866666667
5.2571958
1.5

7.1202895999999996
7.222955533333333
0.0
0.0955888
0.4049879666666667
2.649818933333333
4.168148633333334
1.5789473684210527

7.380010466666667
7.485365833333333
0.0
0.07840923333333334
0.3490958
3.136847533333333
3.9994225
1.631578947368421

7.949688266666667
7.891895466666667
0.0
0.24157383333333335
0.30487193333333334
1.1965151
6.390508433333333
1.45

7.3491394
7.363289766666667
0.0
0.06553983333333332
0.19033823333333333
2.5864726
4.586478933333334
1.5

7.002472166666667
6.987498866666666
0.0
0.12573323333333333
0.21711546666666667
1.4425779666666665
5.327805433333333
1.5

6.270173833333333
6.099094533333333
0.0
0.217763
0.0958233
1.3105870333333334
4.6926842
1.5
