
10.9615301
11.131230566666666
0.0
0.3416323333333333
0.6145009
2.7441726
7.772557066666667
1.4285714285714286

8.751396433333333
8.9582111
0.0
0.1917251
0.7342196666666666
3.0465748666666665
5.1774165666666665
1.5

7.754161033333333
7.890594466666667
0.0
0.08686426666666666
0.44887286666666665
2.9792266666666665
4.462494933333334
1.5

8.2548463
8.174983066666666
0.0
0.2364104
0.41334163333333335
2.2514005333333333
5.5102409
1.5

7.195018933333333
7.338814733333334
0.0
0.08678476666666667
0.3464878
2.425090566666667
4.567236366666666
1.5789473684210527

7.951571933333334
7.7600902666666665
0.0
0.4440881666666667
0.34201170000000003
2.988496
4.429582566666666
1.7222222222222223

7.462201366666666
7.472257366666666
0.0
0.1019582
0.23578773333333333
1.9787271000000002
5.257742533333333
1.45

7.530728166666667
7.515904933333333
0.0
0.0784333
0.13217336666666668
2.550724
4.833007566666667
1.5

6.5681667
6.568936633333334
0.0
0.22215076666666667
0.30823853333333334
1.5948252
4.6658729
1.5

6.6397779
6.527428400000001
0.0
0.30080803333333334
0.39689236666666666
1.6326936
4.497842433333334
1.5
