
9.998928300000001
10.069954800000001
0.0
0.17350026666666665
0.3804627666666667
3.368786
6.320706033333333
1.4285714285714286

9.1524045
9.079210733333332
0.0
0.2648707
0.45248626666666664
3.6359666666666666
4.9907578
1.5

7.9865591
8.006027733333333
0.0
0.06473586666666667
0.20950826666666666
2.939667033333333
4.856852433333334
1.5

7.9298225
7.910869099999999
0.0
0.2161606
0.4317373333333333
2.6770524
4.802079366666666
1.5

7.3921668333333335
7.4030532000000004
0.0
0.0711397
0.1779614333333333
2.2052702
5.019821566666667
1.5789473684210527

8.0681937
8.017660233333334
0.0
0.3339204333333333
0.5418736
1.5104651333333332
5.9653215
1.631578947368421

7.089198166666667
7.135025633333334
0.0
0.10531253333333335
0.21239893333333332
1.6313000333333334
5.291326666666667
1.45

7.626278566666667
7.464171966666667
0.0
0.21533270000000002
0.5211588666666667
1.6676612333333334
5.275351866666666
1.5

8.212048333333334
7.864726066666666
0.0
0.4843168333333333
0.7928729333333333
1.4437231000000001
5.628130033333333
1.5

6.643414866666666
6.719682933333334
0.0
0.07657533333333333
0.20661683333333333
1.9352342
4.5778319000000005
1.5
