
12.498865502000001
12.385019978
11.794102586
0.590917392
0.113845524
8.403361344537815

12.318527473
12.272921153999999
12.034146470000001
0.23877468400000001
0.045606319000000006
5.0

12.2943587
12.25213567
12.084411052
0.167724618
0.04222303
5.0

11.920867379
11.886443196
11.689189056
0.19725414000000002
0.034424183
5.0

11.847528513
11.808785032
11.641394914000001
0.16739011799999998
0.038743481
5.0

11.658025011
11.624667665999999
11.471504648
0.153163018
0.033357345000000004
5.0

11.508023838
11.480808847999999
11.344552380000001
0.136256468
0.02721499
5.0

11.406353355
11.381120864
11.237050906
0.14406995800000003
0.025232491000000003
5.0

11.411635472999999
11.388409674
11.23213323
0.156276444
0.023225799
5.0

11.461881759999999
11.439300556
11.274325558000001
0.16497499799999998
0.022581204
5.0
