
0.21782295699999998
0.077597294
-0.16777841599999999
0.24537571
0.140225663
8.403361344537815

0.099706088
0.032481633999999995
-0.064516168
0.096997802
0.067224454
5.0

0.098023484
0.020566978
-0.049929138
0.070496116
0.077456506
5.0

0.092851093
0.036440762
-0.045168120000000006
0.081608882
0.056410331
5.0

0.080479373
0.011817548
-0.04261335
0.054430898
0.068661825
5.0

0.060437273
0.012218066000000001
-0.042468688000000004
0.054686754000000004
0.048219207
5.0

0.036218699
0.012356935999999999
-0.041797258000000004
0.054154194
0.023861762999999998
5.0

0.03265907
0.010988204
-0.039513054
0.050501258
0.021670866
5.0

0.036769260000000005
0.012100412
-0.043296996
0.055397408
0.024668848
5.0

0.071028925
0.011330118
-0.036242076
0.047572194000000005
0.059698807
5.0
