
39.521214356
31.021400866999997
8.387915797
0.11189769199999999
0.354864988
20.356101146
10.310434733
4.97029702970297

39.151729345
30.662930302
8.343792070000001
0.145006973
0.206157906
20.269139507
10.187632889
5.0

38.952825295000004
30.567177344999998
8.265769131
0.119878819
0.229431569
20.174144039
10.163601737
5.0

39.062886672
30.552857094
8.365283874
0.144745704
0.157291093
20.215204801
10.1803612
5.0

39.174665936
30.532214247000002
8.549641421
0.092810268
0.138621994
20.222769772
10.170822481
4.985

39.308647054
30.540938653
8.694186479
0.073521922
0.138252786
20.233005339
10.169680528
5.0

39.222034059
30.502096726
8.643722312000001
0.076215021
0.12637183500000002
20.207927328
10.167797562999999
5.0

39.218424725
30.497071083999998
8.639597665999998
0.08175597500000001
0.127749868
20.195857041
10.173464175000001
5.0

39.220290297
30.504180498
8.630841284
0.085268515
0.142621354
20.196717748
10.164841396
5.0

39.287991395000006
30.499704118
8.707906521
0.080380756
0.126523558
20.209566892
10.163613668
4.970149253731344
