
20.678369338
20.656464107999998
0.0
0.102355531
0.156627778
10.223893025
10.275943305
4.97029702970297

20.501613003
20.449414884
0.0
0.095969867
0.069955723
10.149117904999999
10.230341255999999
5.0

20.440739659000002
20.405432951
0.0
0.06894149000000001
0.054859143
10.102051986
10.248521822
5.0

20.43755446
20.402560227000002
0.0
0.06696205499999999
0.049921932
10.145377467
10.207260827999999
5.0

20.387785046999998
20.354542381999998
0.0
0.062901844
0.04597428
10.134629117000001
10.173938985
4.985

20.381514359
20.361543412
0.0
0.047859476000000005
0.042706768
10.142499928
10.176336716
5.0

20.376138236000003
20.36003643
0.0
0.043147508
0.041815461000000005
10.14866945
10.169551518999999
5.0

20.36341909
20.344277771
0.0
0.046302601000000006
0.045565576
10.129300509
10.169411686
5.0

20.3668634
20.352572818
0.0
0.042026794
0.041838781000000005
10.139569960000001
10.171164077
5.0

20.371725723
20.352059438
0.0
0.043259784
0.04241314299999999
10.137113244
10.172533051
4.970149253731344
