
20.692356334
20.679703579999998
0.0
0.09874561800000001
0.149837577
10.178484112
10.351381891
4.97029702970297

20.496875111
20.448370758000003
0.0
0.09060097
0.083877307
10.150238958000001
10.214254493
5.0

20.477481415
20.4447065
0.0
0.064334965
0.051024826999999995
10.145102387
10.248579286
5.0

20.414913543
20.380510311000002
0.0
0.063693657
0.050171491
10.149596379
10.180742441
5.0

20.400008410999998
20.360636053
0.0
0.065704916
0.046648717
10.148222401
10.165764935
4.985

20.380798217
20.36424524
0.0
0.044061507
0.041229057
10.14056317
10.182453013
5.0

20.375503421999998
20.363789432999997
0.0
0.037826860000000004
0.04022033999999999
10.145790334
10.177778758999999
5.0

20.363475633
20.35189372
0.0
0.036757023
0.03899843
10.148349618000001
10.164545672000001
5.0

20.364320478
20.35263532
0.0
0.037920197
0.040128049
10.142225792
10.170281479
5.0

20.376747328
20.362012331
0.0
0.037342353
0.040617902000000004
10.141234385
10.180160043999999
4.970149253731344
