
0.147429356
0.044033972000000005
-0.184277533
0.228311505
0.103395384
8.403361344537815

0.109317713
0.017087293
-0.057503523
0.074590816
0.09223042
5.0

0.10158755
0.014702339
-0.065525082
0.08022742100000001
0.08688521099999999
5.0

0.045402285
0.012364844
-0.046432059
0.058796903
0.033037441
6.622516556291391

0.046434194000000005
0.012908639999999999
-0.04408966
0.0569983
0.033525554
10.0

0.044757965
0.01266314
-0.10888661999999999
0.12154975999999999
0.032094825
10.0

0.039440984
0.01274919
-0.04238765
0.05513684
0.026691794
10.0

0.041789028
0.01781181
-0.04216007
0.05997188
0.023977218
10.0

0.035156367
0.01191641
-0.04197724
0.05389365
0.023239957
10.0

0.032131657
0.01038689
-0.038201370000000005
0.04858826
0.021744766999999998
10.0
