
0.19121286799999998
0.07688959299999999
-0.189537395
0.26642698800000003
0.11432327499999999
8.403361344537815

0.112752451
0.025005318999999998
-0.073758678
0.098763997
0.08774713199999999
5.0

0.148730693
0.021877287
-0.060696402
0.08257368899999999
0.126853406
5.0

0.076696679
0.015649223
-0.058536564
0.074185787
0.061047456
6.622516556291391

0.060902014000000004
0.01619415
-0.05625002
0.07244417
0.044707864
10.0

0.057991455000000004
0.01637204
-0.055538580000000004
0.07191062
0.041619415
10.0

0.056795039
0.01581486
-0.057685400000000005
0.07350026
0.040980179
10.0

0.059503637000000005
0.02286518
-0.06292866999999999
0.08579385
0.036638457
10.0

0.046693201999999996
0.01434178
-0.05204552
0.0663873
0.032351422
10.0

0.045427343999999995
0.01284424
-0.049010519999999995
0.06185476
0.032583104
10.0
