
0.204761584
0.09608054399999999
-0.168114199
0.264194743
0.10868103999999999
8.403361344537815

0.097442753
0.024986428
-0.06760601
0.092592438
0.072456325
5.0

0.081325035
0.01643078
-0.053269454
0.069700234
0.064894255
5.0

0.055883536
0.01584383
-0.057249034
0.07309286400000001
0.040039706
6.622516556291391

0.057611889
0.01503041
-0.054709190000000005
0.06973960000000001
0.042581479
10.0

0.05479341
0.01523356
-0.052504480000000006
0.06773804
0.03955985
10.0

0.046883525999999995
0.01410902
-0.051415949999999995
0.06552497
0.032774506
10.0

0.049959298
0.01861157
-0.054014480000000004
0.07262605
0.031347728
10.0

0.064155364
0.01481404
-0.050730529999999996
0.06554457000000001
0.049341324
10.0

0.042820302000000005
0.01286796
-0.0487081
0.061576059999999995
0.029952342
10.0
