
7.738795842857143
7.953615171428572
0.0
0.09372954285714287
0.586190157142857
2.6547959285714287
4.712629085714285
2.121212121212121

6.153094985714286
6.170433757142857
0.0
0.09219844285714286
0.22572832857142858
1.7596696285714286
4.1850358
2.8

6.401334842857143
6.3094557857142854
0.0
0.19990370000000002
0.36516607142857144
1.248803642857143
4.695486071428572
3.5

5.423096942857143
5.4282107
0.0
0.09496762857142858
0.26364904285714286
1.1483229857142856
4.016238671428572
3.6842105263157894

5.464745414285715
5.502782900000001
0.0
0.1477677857142857
0.22481984285714285
0.9481771714285715
4.329785885714286
3.380952380952381

6.203613414285715
6.035012328571429
0.0
0.29201295714285713
0.15148624285714285
1.1425619571428571
4.740964128571428
3.65

6.889724885714286
6.6100132857142855
0.0
0.40690514285714285
0.3056363857142857
1.9810012857142856
4.323375614285714
3.5

4.7542659
4.443861271428571
0.0
0.47048311428571427
0.2021104
0.6316565142857142
3.610094357142857
3.473684210526316

5.807975871428572
5.7716935
0.0
0.12539581428571428
0.17150767142857143
1.204588342857143
4.395597485714285
3.4761904761904763

5.8467340142857145
5.806604071428572
0.0
0.13957508571428573
0.16489772857142856
1.7825303857142858
3.8591759571428574
2.9130434782608696
