
7.587763057142857
7.694195642857142
0.0
0.1366633857142857
0.5145264857142857
2.2432883714285716
4.936380785714285
2.121212121212121

120.05206294285715
120.11243867142858
0.0
0.11926848571428571
114.60423898571429
1.4836359714285714
4.024563714285714
2.8

4.5793633428571425
3.8113306142857146
0.0
1.0226830857142857
0.31454267142857145
0.22871077142857144
3.2680771714285712
3.5

3.6998631
3.4943195
0.0
0.3490420571428572
0.4413738428571429
0.30190902857142854
2.7510366285714283
3.6842105263157894

2.9349851428571427
2.9519595142857145
0.0
0.17056708571428572
0.39024035714285715
0.16950828571428572
2.3922108714285715
3.380952380952381

3.3282335857142855
2.9875523857142854
0.0
0.5821476571428571
0.29568207142857145
0.1682531142857143
2.5236172000000003
3.8421052631578947

3.535356557142857
3.574290414285714
0.0
0.22501051428571428
0.4441323142857143
0.1629739285714286
2.9671841714285714
3.5

3.463037157142857
3.3979736857142857
0.0
0.29500871428571424
0.4939360428571429
0.16111720000000002
2.742920442857143
3.473684210526316

3.958788314285714
3.9372665
0.0
0.21812179999999998
0.38145544285714283
0.15093194285714287
3.4048791142857144
3.4761904761904763

3.5291213999999997
3.5097056714285713
0.0
0.2224086142857143
0.32381622857142855
0.14665717142857143
3.0392322714285713
2.9130434782608696
