
15.153204214285715
8.971188485714286
5.928876428571428
0.2531393
1.6993200714285714
2.0189849285714287
5.252883485714285
2.121212121212121

11.5715178
6.891050142857143
4.354023971428571
0.3264436857142857
1.855838857142857
1.3682415428571428
3.666969742857143
2.8

11.194880128571429
7.5870653571428575
3.4973401142857146
0.11047465714285715
1.1725321714285715
1.508558657142857
4.905974528571429
3.5

12.310098028571428
7.7148391
4.484730171428572
0.11052875714285713
1.1498077
0.8737888285714286
5.691242571428572
3.6842105263157894

12.480090442857142
7.557994028571429
4.733927700000001
0.1881687142857143
0.8285969142857142
1.7079872285714286
5.021409885714286
3.380952380952381

11.8912838
7.5587263
4.152358714285714
0.18019878571428571
0.6064103000000001
1.9988456000000001
4.9534704000000005
3.65

10.33607202857143
7.779489914285715
2.3052403285714287
0.2513417857142857
0.5902653714285714
2.807897714285714
4.381326828571429
3.5

13.812080014285714
8.440220585714286
4.8104182
0.5614412285714285
0.605788842857143
2.3975443571428574
5.436887385714286
3.473684210526316

11.752933728571428
8.0056993
3.400097
0.3471374285714286
1.6528528142857142
1.6550457714285713
4.697800714285715
3.4761904761904763

8.881655185714285
6.646517271428571
2.0718233285714285
0.16331458571428573
0.725015
1.6476948857142857
4.273807385714286
2.9130434782608696
