
7.273240599999999
7.5360309857142855
0.0
0.14225317142857144
0.5668338
1.7422628
5.226934385714286
2.121212121212121

6.2774551
6.235607742857144
0.0
0.2183122142857143
0.3683389857142857
1.8117376857142857
4.055531071428572
2.8

6.550509142857143
6.571876128571429
0.0
0.18827854285714288
0.45533332857142855
2.505411442857143
3.6111313571428574
3.5

5.001531471428572
5.0533162
0.0
0.09458672857142857
0.33506727142857146
0.9428825857142857
3.775366342857143
3.6842105263157894

5.229028528571429
5.2422657
0.0
0.11084565714285714
0.21769922857142857
1.210888185714286
3.813678285714286
3.380952380952381

5.3363983571428575
5.343544528571429
0.0
0.11306825714285713
0.22166695714285714
1.4978340142857143
3.624043557142857
3.65

5.919893285714285
5.786373057142858
0.0
0.23641457142857142
0.295968
1.3652308142857141
4.125174242857143
3.5

4.4757330571428575
4.4180259
0.0
0.15055548571428573
0.14561492857142858
0.6917893714285714
3.5806216
3.473684210526316

5.480109871428572
5.505752514285715
0.0
0.06119175714285715
0.16140847142857143
1.2094792714285714
4.134864771428571
3.4761904761904763

7.059502942857143
6.4209385
0.0
0.7727016571428571
0.3105505142857143
2.3518124571428576
3.758575528571429
3.1904761904761907
