
7.5141569142857145
7.905705628571428
0.0
0.17204514285714287
0.8652894
2.8800527714285717
4.160363457142857
2.121212121212121

6.0404991571428575
6.094632542857143
0.0
0.0978409857142857
0.33965602857142857
1.9037380428571429
3.8512384714285712
2.8

6.5989470571428575
6.5965050142857145
0.0
0.11559152857142857
0.2685508714285714
1.527473
4.800481142857143
3.5

5.167477542857143
5.199845685714286
0.0
0.11386154285714287
0.31393341428571425
0.9557695428571429
3.9301427285714285
3.6842105263157894

4.603550914285715
4.5539407857142855
0.0
0.15257257142857142
0.23082314285714287
0.8851454857142858
3.437972157142857
3.380952380952381

5.622834157142857
5.6055632
0.0
0.10588774285714286
0.20256124285714286
1.114245857142857
4.2887561
3.65

5.4427401571428575
5.132316528571429
0.0
0.4093045142857143
0.2702817
1.0776554428571428
3.7843793857142853
3.5

4.526727942857143
4.4954459714285715
0.0
0.1436086
0.15756132857142857
0.9936772428571428
3.3442073999999997
3.473684210526316

5.226765442857142
5.2591355
0.0
0.07891975714285714
0.28174258571428573
0.8473078142857143
4.1300851000000005
3.4761904761904763

5.3135595
5.211154614285714
0.0
0.24408238571428573
0.23367784285714285
0.8665237571428572
4.110953014285714
2.9130434782608696
