
7.355136314285714
7.704427571428572
0.0
0.14634975714285717
0.6188477285714286
1.6503418285714286
5.435238014285714
2.121212121212121

5.9857273428571425
5.99155
0.0
0.12558397142857142
0.44705184285714283
1.5686220285714285
3.9758761285714286
2.8

6.395128657142857
6.3893574428571425
0.0
0.15189504285714286
0.21400697142857142
1.9800773857142857
4.195273085714286
3.5

5.333410485714285
5.3124085999999995
0.0
0.13255805714285715
0.34040961428571426
1.1149485428571428
3.857050442857143
3.6842105263157894

5.2837073142857145
5.320350042857143
0.0
0.17057462857142855
0.2857258142857143
0.9908370714285715
4.043787157142857
3.380952380952381

5.5062283
5.526094842857143
0.0
0.11568242857142856
0.23731475714285716
1.3384599857142856
3.9503201
3.65

6.788373471428571
6.696437942857142
0.0
0.1864136142857143
0.20253179999999998
1.4332507428571428
5.060655400000001
3.5

5.441725728571429
5.348328242857144
0.0
0.1777388142857143
0.10839812857142858
1.5196016
3.7203285142857143
3.473684210526316

6.046332342857143
5.989019685714286
0.0
0.1896846
0.1522582
1.1551072428571427
4.681654242857143
3.4761904761904763

7.5759121857142855
7.825430971428571
0.0
0.34017559999999997
0.6198454142857143
0.24453774285714286
6.961047814285714
2.9130434782608696
