
7.741275557142857
7.7990666285714285
0.0
0.8565064
1.1437079285714287
1.9190639285714286
4.736294771428571
2.1875

6.145002442857143
6.1787364857142855
0.0
0.14425914285714286
0.3812054
1.4439238142857143
4.353607271428571
2.8

6.2671897
6.295405914285714
0.0
0.1547626857142857
0.3605648285714285
1.1780066571428571
4.756834428571429
3.5

5.165272757142857
5.2791197571428565
0.0
0.08252181428571428
0.32809284285714285
0.8715715857142857
4.079455328571428
3.6842105263157894

5.743172628571428
5.904915671428571
0.0
0.10753658571428572
0.42255231428571427
1.3843027857142858
4.098060571428571
3.380952380952381

6.132148285714285
6.163285471428571
0.0
0.07762292857142856
0.1678300285714286
1.9419432142857143
4.053512228571428
3.65

6.686317285714286
6.443781214285715
0.0
0.35255237142857143
0.24174372857142856
2.456844942857143
3.7451925428571426
3.5

4.679888685714285
4.655531714285715
0.0
0.10774597142857142
0.12270902857142857
1.3936981428571429
3.1391245428571426
3.473684210526316

5.6108215999999995
5.617501285714286
0.0
0.07208482857142857
0.1875371857142857
1.3580846285714285
4.071879471428571
3.4761904761904763

5.327304
5.323651628571429
0.0
0.08184991428571428
0.1134504857142857
0.9967509142857143
4.213450228571429
2.9130434782608696
