
7.769467885714286
7.788120442857142
0.0
0.19807239999999998
0.6214767
1.9775848714285713
5.189058871428571
2.121212121212121

6.320212657142857
6.3095545
0.0
0.12623094285714287
0.2578824
1.991963142857143
4.059708957142857
2.8

6.706746371428571
6.6843281857142856
0.0
0.14081939999999998
0.28074859999999996
1.8712842857142857
4.5322952999999995
3.5

4.9805839857142855
4.9692634
0.0
0.12325280000000001
0.19420932857142859
0.9422215285714286
3.8328325428571426
3.6842105263157894

5.069101585714285
4.958599785714285
0.0
0.24529451428571428
0.26336031428571427
0.5569865285714286
4.138252942857143
3.380952380952381

5.5461902
5.545114614285714
0.0
0.1387612
0.2079015857142857
1.1237304
4.213482628571429
3.65

5.987381871428572
6.054815557142858
0.0
0.18493655714285714
0.34218877142857146
0.8249017857142856
4.887725
3.5

5.0970588857142864
5.021102885714286
0.0
0.17845378571428572
0.17752785714285713
1.5196234428571427
3.3239515857142856
3.473684210526316

5.551410671428571
5.476605228571429
0.0
0.17039365714285715
0.25994895714285715
0.9219325428571429
4.294723728571429
3.4761904761904763

4.978594928571428
4.947544885714286
0.0
0.10067381428571429
0.13708977142857143
0.8569736285714286
3.9534814857142857
2.9130434782608696
