
7.8696601
8.131017757142857
0.0
0.16402665714285714
0.8109699714285714
2.9542970428571427
4.365750742857143
2.121212121212121

6.019295571428572
6.033401414285715
0.0
0.12785117142857141
0.35702767142857145
1.551682357142857
4.124691385714286
2.8

6.462399928571428
6.479807257142856
0.0
0.12110594285714286
0.34701125714285713
1.6033635142857143
4.529432485714286
3.5

6.254364685714286
6.238123385714286
0.0
0.15414491428571428
0.26331109999999996
1.0577278285714284
4.917084457142857
3.6842105263157894

5.3748559714285715
5.460423842857143
0.0
0.1744136857142857
0.43294165714285715
0.9904756428571428
4.037006542857142
3.380952380952381

5.320764171428571
5.341975957142857
0.0
0.14854951428571428
0.35531852857142854
0.8502085857142857
4.136448842857143
3.65

6.547453342857143
6.546932099999999
0.0
0.21103398571428572
0.3725868
2.8663295142857144
3.308015785714286
3.5

4.817736942857143
4.753286371428572
0.0
0.18120948571428572
0.16994858571428573
1.1848286000000001
3.398509185714286
3.473684210526316

5.692135328571428
5.580250685714286
0.0
0.2259793142857143
0.2891449428571428
1.1312326000000001
4.159873142857143
3.4761904761904763

5.596120414285715
5.5528523
0.0
0.12142977142857143
0.11969952857142857
1.4090882714285713
4.0240645
2.9130434782608696
