
7.149280542857143
7.502112471428571
0.0
0.10619748571428571
0.6247836142857144
2.116919428571429
4.760409428571428
2.121212121212121

6.3718878142857145
6.521862571428572
0.0
0.11897122857142857
0.35244452857142855
2.1038980714285715
4.0655199714285715
2.8

6.290254857142857
6.207966371428571
0.0
0.22498065714285714
0.3399173857142857
1.4112711142857142
4.456777871428572
3.5

5.6444570857142855
5.5170413428571425
0.0
0.24956987142857143
0.25330564285714285
1.1362371142857142
4.127498585714286
3.6842105263157894

5.394018928571428
5.376157842857143
0.0
0.1265265857142857
0.3551111857142857
0.6188879857142857
4.402158671428571
3.380952380952381

5.850653728571429
5.886241028571429
0.0
0.21862372857142856
0.2871945714285714
0.5788335142857143
5.0202129428571425
3.65

6.210206257142857
6.138330542857143
0.0
0.2855632714285714
0.23712824285714285
1.0744527714285712
4.826749528571429
3.5

4.278097957142857
4.239038857142857
0.0
0.12424377142857143
0.11058824285714286
0.8483998857142857
3.2800507285714287
3.473684210526316

5.343434942857143
5.3403865
0.0
0.08855148571428571
0.16846172857142858
0.9328857857142857
4.239038985714286
3.4761904761904763

5.975898228571429
5.934776771428571
0.0
0.12780292857142855
0.14710987142857143
1.9510192
3.8366477000000003
2.9130434782608696
