
7.861681428571428
8.0367253
0.0
0.18548485714285712
0.8694102571428571
2.1781085142857144
4.989206528571429
2.121212121212121

5.902880585714286
5.9304135
0.0
0.15421954285714287
0.5652129
1.0037058142857143
4.361494785714285
2.8

6.261941942857143
6.279623528571428
0.0
0.14104577142857144
0.32516127142857143
1.488031357142857
4.466430900000001
3.5

5.398532114285714
5.374598357142857
0.0
0.1630617857142857
0.3330878142857143
1.0745451857142858
3.966965357142857
3.6842105263157894

5.2266575571428575
5.2520783571428575
0.0
0.09746432857142857
0.19307917142857142
1.1798489714285716
3.879150214285714
3.380952380952381

5.4408509714285715
5.4453024
0.0
0.11223862857142858
0.1889752857142857
1.138367157142857
4.117959957142857
3.65

6.541572685714286
6.515005728571429
0.0
0.18368447142857142
0.2053184857142857
2.8888635
3.420823742857143
3.5

4.226962328571428
4.1348055
0.0
0.18032827142857144
0.14030857142857142
0.66626
3.3282369285714286
3.473684210526316

5.4570249
5.497094857142857
0.0
0.15661925714285715
0.21635075714285715
0.6481714571428572
4.632572642857142
3.4761904761904763

6.0793373285714285
5.874753457142857
0.0
0.40025642857142857
0.23989562857142857
1.1650533285714286
4.4698045
2.9130434782608696
