
8.27477822857143
8.618944957142858
0.0
0.2561873
1.2712923857142857
0.9197015285714286
6.427951042857143
2.121212121212121

6.631686628571428
6.751861442857143
0.0
0.13956717142857142
1.0595525142857143
1.7271034428571428
3.9652054857142858
2.8

6.6825651
6.609003957142857
0.0
0.20382395714285714
0.4031578571428572
1.1087201714285715
5.097125928571428
3.5

5.422672928571428
5.461567642857143
0.0
0.08598205714285714
0.3404769428571428
1.3199176714285714
3.8011730285714287
3.6842105263157894

5.654400185714286
5.678830285714286
0.0
0.06393915714285714
0.1132545
2.0944041714285713
3.4711716142857143
3.380952380952381

6.435432385714286
6.450078157142857
0.0
0.10157581428571429
0.1873947142857143
1.955448157142857
4.3072352857142855
3.65

7.680315185714286
7.681810142857143
0.0
0.20541834285714286
0.2446051142857143
2.220889028571429
5.216316
3.5

6.185661785714285
6.136614785714285
0.0
0.15544401428571428
0.14004267142857144
2.4205897285714286
3.5759823857142856
3.473684210526316

6.108237142857143
6.098795099999999
0.0
0.08498781428571428
0.16243454285714287
1.7092099857142857
4.227150571428572
3.4761904761904763

5.3400916857142855
5.255262557142857
0.0
0.16563124285714284
0.20597738571428573
1.0142004571428571
4.0350847142857145
2.9130434782608696
