
7.219217757142856
7.756961542857143
0.0
0.10027362857142857
0.9315005142857142
2.0154994285714287
4.809961599999999
2.121212121212121

6.3115156
6.3727930285714285
0.0
0.13116145714285712
0.49642632857142854
1.2848975857142857
4.591469114285714
2.8

6.454414571428572
6.481485857142857
0.0
0.07862705714285714
0.22118622857142856
1.713727342857143
4.546572285714285
3.5

5.8829452
5.828288328571428
0.0
0.19732632857142857
0.3854435857142857
0.7761857571428572
4.666658985714285
3.6842105263157894

4.889461828571428
4.929746642857142
0.0
0.08525908571428571
0.2014277142857143
0.9138448285714286
3.8144741
3.380952380952381

5.778564599999999
5.767462414285715
0.0
0.14269291428571426
0.3468763857142857
1.0365325571428572
4.3840534714285715
3.65

5.732650400000001
5.679792471428572
0.0
0.13670605714285713
0.20382564285714286
1.2028701142857143
4.273096714285715
3.5

4.982015485714285
4.963084428571428
0.0
0.1254432857142857
0.1614211857142857
1.4499738714285715
3.351689371428572
3.473684210526316

6.083762028571429
5.915674057142858
0.0
0.25552404285714286
0.23588051428571427
1.2186017285714288
4.461191814285714
3.4761904761904763

5.252956342857143
5.227807014285714
0.0
0.12814605714285715
0.2579430714285714
0.9502852714285714
4.0195786714285715
2.9130434782608696
