
6.957943028571429
7.5331765
0.0
0.13209884285714285
0.836785
2.1866127428571427
4.509778757142857
2.121212121212121

5.9431047
6.028013428571428
0.0
0.11869560000000001
0.39961434285714287
1.3611176285714286
4.267281457142857
2.8

6.034101085714285
6.118516585714286
0.0
0.07226942857142857
0.3328294
1.5333085714285715
4.252378614285714
3.5

5.467965214285715
5.498254342857143
0.0
0.10398415714285715
0.32491807142857143
1.3440049285714286
3.829331342857143
3.6842105263157894

5.725236014285715
5.750081857142857
0.0
0.06658889999999999
0.13120801428571427
1.8721071
3.746766742857143
3.380952380952381

5.663658128571428
5.681853442857142
0.0
0.09087052857142858
0.15778467142857142
1.4237153857142857
4.1003533857142855
3.65

6.471885171428571
6.462737842857143
0.0
0.15149554285714287
0.331248
0.9152088571428572
5.216280985714286
3.5

4.737064914285715
4.647511457142857
0.0
0.17519387142857143
0.11535914285714285
1.1010674571428571
3.4310848571428574
3.473684210526316

5.882964371428572
5.912380714285715
0.0
0.13614074285714284
0.19688608571428573
0.8666846714285714
4.848809957142857
3.4761904761904763

5.253150042857143
5.300858442857143
0.0
0.08739564285714285
0.1710703857142857
1.0056873
4.124100757142857
2.9130434782608696
