
8.143698814285715
8.351471142857143
0.0
0.40480834285714284
1.6794057428571427
1.6639420285714286
5.008123371428572
2.121212121212121

6.0415819285714285
6.032491028571429
0.0
0.12439382857142857
0.2899656857142857
1.7304437571428573
4.012081585714285
2.8

6.2027398
6.2203479
0.0
0.1276973
0.3448206857142857
1.4388668999999998
4.436660314285715
3.5

5.036848085714285
5.093717871428572
0.0
0.0760151
0.25253294285714284
1.0340391142857144
3.807145814285714
3.6842105263157894

4.643048728571429
4.642990742857143
0.0
0.12226375714285714
0.1930445
0.9231400428571429
3.5268062000000002
3.380952380952381

5.484305542857143
5.460824371428572
0.0
0.12817337142857144
0.18635267142857143
0.9537439
4.3207278
3.65

6.208238428571428
6.221075571428572
0.0
0.0898145142857143
0.24523708571428574
1.4342703285714284
4.541568157142857
3.5

4.836008528571429
4.732111242857143
0.0
0.18810694285714286
0.11505482857142857
1.0737722857142857
3.5432841285714285
3.473684210526316

5.1575571857142855
5.1795484571428565
0.0
0.08513187142857143
0.1451572142857143
0.8395139428571429
4.1948773
3.4761904761904763

5.344473
5.3043982000000005
0.0
0.11120305714285714
0.14892905714285715
0.9931529714285714
4.1623161714285715
2.9130434782608696
