
26.0043927
26.0891963
0.0
0.2011721
0.32438
13.451694300000002
12.313122
1.0

25.202910600000003
25.180580199999998
0.0
0.105351
0.1086623
12.3865525
12.6853654
1.0

26.714718100000002
26.618598
0.0
0.1763804
0.1161382
12.2304723
14.2719875
1.0

25.3403262
25.3901987
0.0
0.1182314
0.1972354
12.336971
12.8559923
1.0

25.3607737
25.323152399999998
0.0
0.1130895
0.16149429999999998
12.259730900000001
12.9019272
1.0

24.6540413
24.634613100000003
0.0
0.0872005
0.0911835
12.1959403
12.347489300000001
1.0

24.9698685
24.870536100000002
0.0
0.18545620000000002
0.1348903
12.071806
12.6638398
1.0

24.5566237
24.5383846
0.0
0.087866
0.0994966
12.0363145
12.4025735
1.0

24.7278274
24.6465052
0.0
0.1509294
0.1004013
12.197502400000001
12.3486015
1.0

24.7240203
24.705833300000002
0.0
0.0815519
0.11788080000000001
12.862649
11.7253035
1.0
