
27.1395732
27.2729296
0.0
0.3466838
0.5318423000000001
14.24145
12.499637300000002
1.0

25.836768199999998
25.7637002
0.0
0.1752421
0.1406403
12.993151300000001
12.6299086
1.0

26.9856107
26.908387100000002
0.0
0.184732
0.1596206
13.770777800000001
12.9779887
1.0

26.0564118
26.040030899999998
0.0
0.2166158
0.2447475
13.005892300000001
12.7893911
1.0

25.884187100000002
25.837355
0.0
0.14407920000000002
0.2281214
12.8331697
12.7760639
1.0

26.0302825
26.005656100000003
0.0
0.1119584
0.12051830000000001
12.5814138
13.303724
1.0

24.8496928
24.7813775
0.0
0.15222439999999998
0.1185447
12.126985099999999
12.5358477
1.0

25.5835242
25.5685521
0.0
0.12072480000000001
0.1389187
12.2680729
13.1615605
1.0

25.0145157
24.942410199999998
0.0
0.1491939
0.1072909
12.4029573
12.432162
1.0

24.919872899999998
24.882771899999998
0.0
0.1108522
0.118843
12.338219
12.425709900000001
1.0
