
27.496818100000002
27.5217503
0.0
0.266711
0.3284896
13.3000841
13.8931766
1.0

25.2152496
25.181297
0.0
0.11235769999999999
0.12396019999999999
12.3893158
12.668021
1.0

25.5058337
25.4362281
0.0
0.1506918
0.1210485
12.7271154
12.5880642
1.0

26.3116768
26.3111438
0.0
0.1472757
0.1748865
14.897561099999999
11.2386962
1.0

26.5838956
26.3613423
0.0
0.2993159
0.1675424
12.231444300000001
13.9623556
1.0

25.015994199999998
24.995547600000002
0.0
0.0827402
0.3268916
11.7838759
12.8847801
1.0

24.5660163
24.531667600000002
0.0
0.0997812
0.09192460000000001
12.0581253
12.3816177
1.0

24.9980203
24.9714001
0.0
0.0829033
0.0790844
12.0106073
12.8817084
1.0

24.4284845
24.400778199999998
0.0
0.0839524
0.07935980000000001
11.9049409
12.4164775
1.0

24.3653036
24.343286199999998
0.0
0.0754538
0.0748417
11.918246
12.3501985
1.0
