
27.0262399
27.1101842
0.0
0.2160628
0.3379627
13.2540456
13.518175900000001
1.0

25.564935300000002
25.5321561
0.0
0.1138714
0.14134639999999998
12.742488
12.648321699999999
1.0

25.497731899999998
25.318865199999998
0.0
0.257682
0.1198775
12.4485821
12.750405599999999
1.0

25.1605026
25.0984996
0.0
0.1506025
0.1592383
12.223448
12.7158133
1.0

24.5908142
24.5456537
0.0
0.1191258
0.1500444
11.9516212
12.4439881
1.0

24.386404300000002
24.3704727
0.0
0.0877814
0.0967628
11.8565733
12.4171366
1.0

24.4613107
24.440558600000003
0.0
0.0938461
0.1003333
11.9287101
12.411515199999998
1.0

24.5328686
24.510957
0.0
0.0841022
0.1070286
12.666317800000002
11.7376106
1.0

24.500786
24.4728109
0.0
0.0890218
0.0861311
11.9236144
12.4630654
1.0

24.3610065
24.3366371
0.0
0.0824073
0.11625869999999999
11.820644099999999
12.3997343
1.0
