
27.545316399999997
27.6318564
0.0
0.2020738
0.3409012
12.883107599999999
14.4078476
1.0

24.809120399999998
24.699305300000002
0.0
0.1747957
0.103552
11.9140999
12.6816534
1.0

24.8767543
24.8260311
0.0
0.1293345
0.23572079999999998
12.1825096
12.4078007
1.0

24.6560079
24.630569899999998
0.0
0.13892079999999998
0.1551824
12.201061800000002
12.274325699999999
1.0

25.471028699999998
25.4437805
0.0
0.090779
0.1403557
12.368485699999999
12.9349391
1.0

24.5349243
24.4927429
0.0
0.0947893
0.07530930000000001
12.540798800000001
11.876634800000001
1.0

24.537413899999997
24.5261835
0.0
0.0716426
0.10517939999999999
12.001980099999999
12.419024
1.0

24.299315
24.3088354
0.0
0.0635873
0.0951568
11.9092241
12.3044545
1.0

24.981558600000003
24.9452595
0.0
0.084353
0.0687556
12.1662152
12.7102887
1.0

24.6386483
24.622470399999997
0.0
0.0615438
0.0647564
12.169491
12.388223
1.0
