
27.6642777
27.507724399999997
0.0
0.46347520000000003
0.34617709999999996
14.2807575
12.8807898
1.0

25.141036399999997
24.961427
0.0
0.2585079
0.1335313
12.373333
12.454562699999999
1.0

27.3745455
27.1617654
0.0
0.3092703
0.1369693
13.5597625
13.4650336
1.0

25.4476011
25.2952922
0.0
0.2366836
0.1154642
12.071048699999999
13.1087793
1.0

25.9444169
25.8828406
0.0
0.1346291
0.1242882
12.0301489
13.7284035
1.0

24.9361998
24.8745216
0.0
0.13397989999999999
0.0982507
12.4622845
12.313986400000001
1.0

24.9759238
24.9486684
0.0
0.1009961
0.10359710000000001
12.2582173
12.586854
1.0

24.5882043
24.5404159
0.0
0.1148805
0.0971292
12.2384354
12.204851300000001
1.0

24.979191
24.9354604
0.0
0.11945
0.1170048
12.2455587
12.5728969
1.0

24.6763293
24.6531433
0.0
0.088818
0.1163217
12.373173099999999
12.1636485
1.0
