
27.342173
27.2739216
0.0
0.3656859
0.3330686
14.4626526
12.4782004
1.0

25.7138624
25.6450432
0.0
0.1465996
0.1237489
13.1362509
12.3850434
1.0

25.836453
25.767474800000002
0.0
0.1455896
0.1133105
12.8068018
12.8473625
1.0

25.153124
25.003346699999998
0.0
0.234367
0.1165717
12.566576300000001
12.320198699999999
1.0

25.713614600000003
25.6762203
0.0
0.1068017
0.13316779999999998
11.9440694
13.5989831
1.0

24.8140861
24.7961698
0.0
0.0812766
0.0870388
12.506475400000001
12.2026556
1.0

25.1311832
25.019071
0.0
0.1760968
0.08940260000000001
12.341514199999999
12.5881542
1.0

24.342383899999998
24.3193684
0.0
0.08146489999999999
0.0852537
11.974198699999999
12.259916
1.0

24.8668627
24.770439800000002
0.0
0.15196389999999999
0.0780025
12.019353599999999
12.6730837
1.0

24.3784952
24.350420600000003
0.0
0.0799487
0.0726149
11.980166
12.2976397
1.0
