
26.843112
26.9019437
0.0
0.25804910000000003
0.35421179999999997
12.5657745
13.9819574
1.0

25.2639485
25.2232834
0.0
0.1064547
0.10614710000000001
12.3139859
12.8031504
1.0

26.0092098
25.957566800000002
0.0
0.1281642
0.1112828
12.4681372
13.378146800000001
1.0

25.4581553
25.4158581
0.0
0.16604439999999998
0.1553376
13.1590796
12.1014409
1.0

25.1070116
25.083479699999998
0.0
0.10702980000000001
0.1292167
12.880870199999999
12.0733928
1.0

24.3904134
24.3676432
0.0
0.0807435
0.07904710000000001
11.7692256
12.5193705
1.0

24.3654604
24.3312565
0.0
0.0892185
0.0804362
12.4862678
11.7645525
1.0

24.514135
24.502147100000002
0.0
0.0627682
0.0735151
12.1202004
12.3084316
1.0

24.8060677
24.760080300000002
0.0
0.1024762
0.0894461
11.9350698
12.735564400000001
1.0

24.4657468
24.4464342
0.0
0.0636949
0.0615712
11.8611095
12.5237535
1.0
