
28.0390657
28.1200388
0.0
0.2535773
0.37224440000000003
13.121406
14.6263884
1.0

25.024673
24.9946018
0.0
0.0988623
0.0977817
12.2211862
12.675633900000001
1.0

25.6421415
25.5422807
0.0
0.17888510000000002
0.1104319
12.498275
12.933573800000001
1.0

25.7445599
25.7823983
0.0
0.1002508
0.1713133
12.4985748
13.1125102
1.0

25.6776585
25.5751671
0.0
0.17113920000000002
0.1520689
12.0686655
13.354432699999998
1.0

24.875088
24.8503239
0.0
0.0912099
0.0924112
12.333927
12.4239857
1.0

25.1592362
25.142177
0.0
0.09209010000000001
0.1014636
11.970106300000001
13.0706071
1.0

25.115306399999998
25.0928003
0.0
0.0879302
0.09240430000000001
12.5317529
12.4686431
1.0

24.149290399999998
24.1028382
0.0
0.1065642
0.0844093
12.0159474
12.0024815
1.0

24.6447478
24.6122891
0.0
0.0897781
0.10766039999999999
12.1242617
12.380367
1.0
