
26.1581847
26.0360625
0.0
0.4078535
0.32438209999999995
12.6581889
13.0534915
1.0

24.966767899999997
24.920388
0.0
0.1205585
0.1140217
12.4930527
12.313313599999999
1.0

25.991779
25.94902
0.0
0.1242583
0.12549169999999998
12.5477474
13.2757809
1.0

24.9313696
24.9538237
0.0
0.0987895
0.1477744
11.9069691
12.899080199999998
1.0

24.656554
24.4848277
0.0
0.2354839
0.0952295
11.8493244
12.540273800000001
1.0

24.8132705
24.7899055
0.0
0.0820322
0.0810977
11.9970202
12.7117876
1.0

24.7734032
24.744222899999997
0.0
0.100931
0.0973305
11.979560699999999
12.6673317
1.0

24.6276594
24.614628800000002
0.0
0.0701606
0.0823637
12.1180132
12.4142519
1.0

24.468590300000002
24.407072199999998
0.0
0.1221172
0.0953963
11.9242876
12.387388300000001
1.0

24.474743
24.455142300000002
0.0
0.07087
0.07225630000000001
12.0841188
12.298767199999999
1.0
