
28.1462271
28.113091899999997
0.0
0.30199509999999996
0.301381
12.8646836
14.9470273
1.0

24.9722302
24.941516399999998
0.0
0.0888672
0.0816108
12.0012759
12.8586297
1.0

26.7840375
26.5474025
0.0
0.3078059
0.106173
13.133464
13.3077655
1.0

25.4091147
25.1118096
0.0
0.3719741
0.1051668
12.4908938
12.515749
1.0

24.7942253
24.7697743
0.0
0.07863310000000001
0.1336744
11.885774099999999
12.7503258
1.0

24.417859399999998
24.317315100000002
0.0
0.147618
0.2916005
11.602286900000001
12.4234277
1.0

24.6878408
24.596596
0.0
0.14313720000000002
0.2711545
11.813449
12.5119925
1.0

25.407239899999997
25.3960382
0.0
0.0579917
0.0664783
12.0768384
13.2527215
1.0

24.5345155
24.4419535
0.0
0.1339672
0.0591287
12.0881797
12.2946451
1.0

24.7054045
24.6930184
0.0
0.0537081
0.0579502
11.8190654
12.816002800000001
1.0
