
26.644565
26.5396349
0.0
0.4101495
0.353639
12.7073268
13.4786691
1.0

25.1801618
25.1411597
0.0
0.1208462
0.1130548
12.471313
12.5567919
1.0

25.8600716
25.8403907
0.0
0.11928789999999999
0.1466055
12.7517646
12.9420206
1.0

25.5947009
25.582265600000003
0.0
0.097856
0.2223329
12.6760824
12.683850300000001
1.0

24.9591185
24.8661256
0.0
0.1743573
0.1600165
12.0159001
12.690209
1.0

25.903987100000002
25.7178462
0.0
0.2561346
0.4064076
11.8749193
13.4365193
1.0

24.8620675
24.84386
0.0
0.09511810000000001
0.1108614
12.050438199999999
12.6825604
1.0

24.5335109
24.5223146
0.0
0.0906437
0.1057094
11.8475834
12.569021800000002
1.0

24.6407584
24.5673387
0.0
0.14185989999999998
0.1281323
11.9952179
12.4439885
1.0

24.6614675
24.6377446
0.0
0.0867102
0.08837930000000001
12.0628827
12.4864826
1.0
