
27.030333300000002
27.1421675
0.0
0.1764477
0.3228273
12.774700699999999
14.0446395
1.0

25.408567100000003
25.372725600000003
0.0
0.0969257
0.0860285
12.3999086
12.8867885
1.0

25.5309085
25.4899074
0.0
0.1071755
0.1133849
12.137320599999999
13.239201900000001
1.0

26.4519093
26.3401537
0.0
0.1948676
0.11324630000000001
13.0179685
13.2089389
1.0

26.6386293
26.617968899999997
0.0
0.0813375
0.1202657
12.0930794
14.404623800000001
1.0

24.249227899999998
24.2288033
0.0
0.07395539999999999
0.0737722
11.6506782
12.5043529
1.0

24.6670229
24.6454451
0.0
0.0759179
0.09629360000000001
11.8120929
12.7370586
1.0

25.0154367
25.0313838
0.0
0.0631443
0.09960160000000001
12.1446426
12.7871396
1.0

24.4884718
24.4416456
0.0
0.09564589999999999
0.0861213
12.3575866
11.9979377
1.0

24.3715163
24.3181927
0.0
0.096095
0.060985300000000006
11.9199735
12.337233900000001
1.0
