
27.5058659
27.3900597
0.0
0.4011066
0.322983
15.4365421
11.630534599999999
1.0

25.1101066
25.0775854
0.0
0.1004615
0.1067167
12.4913608
12.4795079
1.0

25.5939386
25.5457953
0.0
0.1188106
0.10340010000000001
12.4422935
13.0001017
1.0

24.4766317
24.456009100000003
0.0
0.10200260000000001
0.110377
12.5128159
11.8328162
1.0

25.1531955
25.1319093
0.0
0.07948039999999999
0.0977567
12.089623099999999
12.9445295
1.0

24.6074983
24.520474
0.0
0.14138589999999998
0.37387170000000003
11.5591416
12.5874607
1.0

24.8578507
24.791589
0.0
0.1333839
0.1018966
12.0190582
12.670634199999999
1.0

24.524448
24.518089600000003
0.0
0.06976210000000001
0.10921460000000001
12.2896805
12.1191945
1.0

24.5852449
24.3156222
0.0
0.32671079999999997
0.09038510000000001
11.8318396
12.3933975
1.0

24.3540923
24.337703100000002
0.0
0.0618989
0.0645782
11.8306579
12.442467
1.0
