
26.310084800000002
26.3553364
0.0
0.23540260000000002
0.3171119
12.818351400000001
13.2198731
1.0

24.7267832
24.6956515
0.0
0.0871891
0.0799608
12.0527521
12.562938599999999
1.0

26.580244
26.5556247
0.0
0.1016847
0.1117405
13.5405531
12.903331099999999
1.0

25.281697100000002
25.21827
0.0
0.179199
0.2766187
13.044637199999999
11.8970141
1.0

24.993879600000003
24.726185
0.0
0.33304079999999997
0.1383577
12.7167406
11.8710867
1.0

24.2971993
24.2836428
0.0
0.0653381
0.0710968
11.7553784
12.4571676
1.0

24.2790505
24.2661572
0.0
0.0652804
0.1081715
12.0429793
12.1150064
1.0

24.3469337
24.316373300000002
0.0
0.0779755
0.0680472
11.879364
12.3689621
1.0

24.7432755
24.721692100000002
0.0
0.07378639999999999
0.0841092
11.704391699999999
12.9331912
1.0

24.387182
24.333265899999997
0.0
0.0945561
0.0581521
11.8556221
12.4194917
1.0
