
26.153890899999997
26.221503100000003
0.0
0.20040970000000002
0.30929959999999995
12.6082375
13.303966
1.0

25.6042292
25.579608699999998
0.0
0.09969489999999999
0.1203492
12.5605882
12.8986713
1.0

27.5173847
27.4974842
0.0
0.1128149
0.1345225
14.3323789
13.030582800000001
1.0

25.1549849
25.0649243
0.0
0.1905298
0.142731
12.5290748
12.3931185
1.0

24.9449603
24.9205762
0.0
0.0947125
0.11925369999999999
12.3020307
12.4992918
1.0

24.6697438
24.6207083
0.0
0.1120664
0.08799589999999999
12.2468869
12.2858255
1.0

24.7617905
24.70717
0.0
0.1227419
0.1289727
12.216888
12.3613093
1.0

24.947926199999998
24.931069
0.0
0.08361160000000001
0.1044941
12.1513723
12.6752026
1.0

24.6657051
24.6338239
0.0
0.0936312
0.0879779
12.7145229
11.831323099999999
1.0

24.8052997
24.7774538
0.0
0.0892654
0.0860195
12.0947382
12.596696099999999
1.0
