
26.878236
26.887583199999998
0.0
0.3003746
0.3470728
13.0356485
13.5048619
1.0

25.2858656
25.142135600000003
0.0
0.21173679999999998
0.1069848
11.957303
13.0778478
1.0

26.581498399999997
26.4990128
0.0
0.1708913
0.1301374
13.1551505
13.2137249
1.0

25.2308499
25.2330378
0.0
0.1232644
0.1555571
12.2350327
12.842448
1.0

25.526615399999997
25.311974
0.0
0.28700309999999996
0.1243206
12.0227472
13.164906199999999
1.0

24.6144099
24.5649218
0.0
0.1080604
0.0804255
12.0753671
12.409129199999999
1.0

24.9753125
24.9492051
0.0
0.08516889999999999
0.0981015
12.0592881
12.7918155
1.0

25.0613873
24.9242508
0.0
0.19769979999999998
0.08479389999999999
11.956390800000001
12.883066099999999
1.0

24.7721679
24.7407788
0.0
0.0904787
0.1036156
12.4155979
12.2215653
1.0

24.4296012
24.3873907
0.0
0.0972542
0.0770959
12.116353199999999
12.1939416
1.0
