
25.907052699999998
25.9054908
0.0
0.29560759999999997
0.3344224
13.252346
12.3187224
1.0

25.1544544
25.1240517
0.0
0.0978331
0.1046607
12.2528105
12.7665805
1.0

27.271999899999997
27.140166699999998
0.0
0.2135454
0.1280548
13.821770599999999
13.1903413
1.0

25.0136952
25.021301100000002
0.0
0.094595
0.1307148
12.571155699999998
12.3194306
1.0

24.892678699999998
24.7687237
0.0
0.1887013
0.1074623
12.2717201
12.389541300000001
1.0

24.592502399999997
24.6380657
0.0
0.0727719
0.3968618
11.415892099999999
12.825311800000001
1.0

24.5922111
24.516170600000002
0.0
0.133188
0.09912130000000001
11.88457
12.5324793
1.0

24.7857757
24.7564585
0.0
0.0890484
0.1140295
12.6889215
11.9535075
1.0

24.9519261
24.925598100000002
0.0
0.0727944
0.06710780000000001
11.7634164
13.095073900000001
1.0

24.208688300000002
24.1931472
0.0
0.0607228
0.1002319
11.584837
12.508078300000001
1.0
