
27.3613115
27.3534309
0.0
0.3054013
0.3467942
13.766773800000001
13.2398629
1.0

24.8419228
24.8133672
0.0
0.0943017
0.1152
12.0410763
12.6570909
1.0

25.3798451
25.3169083
0.0
0.1312653
0.10368530000000001
13.682393900000001
11.5308291
1.0

24.821034100000002
24.7391489
0.0
0.1550629
0.1014273
11.8795499
12.7581717
1.0

25.4396063
25.292722
0.0
0.20732420000000001
0.134989
12.798843
12.35889
1.0

24.5612493
24.5461078
0.0
0.0680746
0.3119874
12.404335300000001
11.8297851
1.0

24.4805528
24.4649944
0.0
0.0677353
0.08460669999999999
11.9237922
12.4565955
1.0

24.477135
24.4600969
0.0
0.0668632
0.0711414
11.7815811
12.607374400000001
1.0

24.4867177
24.4464249
0.0
0.08851139999999999
0.0695058
12.7736784
11.603240699999999
1.0

24.6190127
24.6014098
0.0
0.06409959999999999
0.0654075
11.8347761
12.701226199999999
1.0
