
26.5059072
26.3504854
0.0
0.4321439
0.3103345
12.751226599999999
13.288924300000001
1.0

24.8057257
24.7828122
0.0
0.0879472
0.10105019999999999
12.0375351
12.6442269
1.0

26.157550699999998
26.043018699999998
0.0
0.18795920000000002
0.1117415
12.9012414
13.0300358
1.0

25.3529132
25.1371927
0.0
0.3087904
0.12060030000000001
12.140915699999999
12.8756767
1.0

24.968836800000002
24.703069399999997
0.0
0.3191266
0.1385014
11.9898296
12.574738400000001
1.0

24.518661899999998
24.4990291
0.0
0.06788910000000001
0.30782529999999997
11.7205384
12.4706654
1.0

24.2503956
24.2315024
0.0
0.07067269999999999
0.0729226
11.8295842
12.328995599999999
1.0

24.4799735
24.397705
0.0
0.1363251
0.0722913
11.7012774
12.6241363
1.0

24.3969346
24.3751956
0.0
0.0653902
0.0829738
11.8037031
12.488518699999998
1.0

24.3474924
24.237651800000002
0.0
0.1512798
0.0585115
12.1623198
12.0168205
1.0
