
26.456667
26.427808199999998
0.0
0.312464
0.3211536
13.1673618
12.9392928
1.0

27.060220100000002
26.9720778
0.0
0.16721429999999998
0.1218243
12.589495
14.2607585
1.0

25.399236600000002
25.3412398
0.0
0.12946080000000001
0.1071877
12.6728125
12.5612396
1.0

24.7949144
24.7487964
0.0
0.1397537
0.1240642
12.0907613
12.5339709
1.0

25.2012901
25.1681155
0.0
0.10395710000000001
0.14302610000000002
12.4449296
12.5801598
1.0

24.6400356
24.5818697
0.0
0.1225073
0.3766273
11.7808074
12.424435
1.0

24.741830800000002
24.719363100000002
0.0
0.0922789
0.0963108
12.2331062
12.3899461
1.0

24.4743104
24.4109221
0.0
0.1282152
0.091764
12.4104668
11.908691300000001
1.0

24.7572789
24.7078724
0.0
0.110071
0.11350239999999999
12.4435726
12.1507974
1.0

24.52635
24.4939844
0.0
0.09232789999999999
0.08339110000000001
11.9664648
12.4441285
1.0
