
26.7009723
26.7904851
0.0
0.1897393
0.31356409999999996
12.8285294
13.6483916
1.0

24.6117135
24.5984368
0.0
0.0721948
0.0836163
11.941669599999999
12.5731509
1.0

27.1923028
27.163009199999998
0.0
0.1125221
0.1157699
13.8860484
13.161190900000001
1.0

24.6463459
24.530361199999998
0.0
0.2130757
0.12745389999999998
12.0735277
12.3293796
1.0

24.4434059
24.4132658
0.0
0.0845524
0.15859720000000002
12.121568199999999
12.1331004
1.0

24.5545014
24.5437494
0.0
0.0559415
0.3904643
11.959458
12.1938271
1.0

24.4638686
24.457917
0.0
0.061899
0.0938999
12.3257841
12.038233
1.0

24.2484481
24.231101600000002
0.0
0.0703946
0.0979787
12.0263229
12.1068
1.0

24.7109438
24.6937646
0.0
0.059749199999999995
0.0614431
12.023428599999999
12.6088929
1.0

24.356065
24.3401758
0.0
0.0540757
0.054337800000000006
11.9125099
12.3733281
1.0
