
26.792532
26.8486845
0.0
0.2778651
0.3733542
13.1685906
13.3067397
1.0

25.9817687
25.7544483
0.0
0.29730759999999995
0.098116
12.441249
13.2150833
1.0

25.063994899999997
24.990682800000002
0.0
0.1449714
0.11093510000000001
12.3613392
12.5184085
1.0

24.7062391
24.650598300000002
0.0
0.17346579999999998
0.1748508
12.4796157
11.9961318
1.0

25.4783227
25.4087115
0.0
0.14091420000000002
0.1417955
12.430647800000001
12.8362682
1.0

24.733123199999998
24.719328899999997
0.0
0.0744632
0.3290205
11.9465475
12.443760900000001
1.0

25.0639273
25.043731100000002
0.0
0.0847461
0.0896171
12.114968
12.839146
1.0

24.8621247
24.8549947
0.0
0.0841505
0.1014303
12.0734842
12.680080199999999
1.0

24.421271100000002
24.255118600000003
0.0
0.2240012
0.0822972
12.2478226
11.924998800000001
1.0

24.4527659
24.433972699999998
0.0
0.0725703
0.0924869
11.8545539
12.4869319
1.0
