
26.1861712
26.2809015
0.0
0.19891920000000002
0.3270577
13.203181800000001
12.750662
1.0

26.3421165
26.26736
0.0
0.15305839999999998
0.1274028
12.2877474
13.8522098
1.0

25.6386423
25.5857455
0.0
0.12673510000000002
0.11004689999999999
12.5534831
12.9222155
1.0

24.5170143
24.4893705
0.0
0.1285065
0.1247037
11.7855975
12.5790693
1.0

24.491226
24.430285
0.0
0.1246429
0.0924688
11.8793453
12.4584709
1.0

24.8823748
24.836230399999998
0.0
0.09926339999999999
0.3195358
11.5683024
12.948392199999999
1.0

24.6928181
24.5880209
0.0
0.163122
0.0810853
12.1742773
12.3326583
1.0

24.6057011
24.2554996
0.0
0.411516
0.08129030000000001
11.6799829
12.4942264
1.0

24.8895878
24.8439837
0.0
0.092501
0.0671555
11.861633300000001
12.915194900000001
1.0

24.5073323
24.4833225
0.0
0.06989580000000001
0.0659393
12.272917300000001
12.1444659
1.0
