
27.323364899999998
27.2126615
0.0
0.394858
0.3329712
13.2131285
13.6665618
1.0

25.0302397
24.9427473
0.0
0.15435829999999998
0.09454760000000001
12.2056193
12.6425804
1.0

25.4155362
25.355545199999998
0.0
0.1255289
0.0991784
12.2109209
13.0454459
1.0

25.3393745
25.3378726
0.0
0.097392
0.1242718
12.223781
12.989819800000001
1.0

24.7293476
24.6972474
0.0
0.0972268
0.1437236
11.9035741
12.649949699999999
1.0

24.2587286
24.2948866
0.0
0.082204
0.3279878
11.525709800000001
12.441189
1.0

24.656174399999998
24.642110300000002
0.0
0.0839555
0.0942315
12.2422093
12.3056695
1.0

24.6473102
24.6362871
0.0
0.0731463
0.0822118
12.2051377
12.3489376
1.0

24.9196746
24.8900226
0.0
0.08205330000000001
0.0746519
11.7784582
13.0369125
1.0

24.369352600000003
24.352184899999997
0.0
0.0664867
0.071349
12.2448169
12.036019
1.0
