
26.3455057
26.1713317
0.0
0.46016270000000004
0.3217903
13.1039659
12.7455755
1.0

24.956389100000003
24.929919
0.0
0.0851306
0.08378060000000001
12.120001199999999
12.726137199999998
1.0

24.6727086
24.6328589
0.0
0.0983385
0.08839419999999999
12.0614186
12.4830461
1.0

25.438710699999998
25.3701131
0.0
0.14835310000000002
0.3668168
12.1310056
12.872290699999999
1.0

24.9214303
24.7989982
0.0
0.1757165
0.1090305
12.3859617
12.304006
1.0

24.2547084
24.2596964
0.0
0.0964321
0.4212438
11.8191343
12.0193183
1.0

24.446828800000002
24.391098
0.0
0.1157652
0.0846102
11.8118583
12.4946295
1.0

24.3098964
24.2982482
0.0
0.059409699999999996
0.0667776
11.9787599
12.2527107
1.0

24.494909399999997
24.461533399999997
0.0
0.0740451
0.0577445
11.8457546
12.558034300000001
1.0

24.4716922
24.4569741
0.0
0.053503800000000004
0.0723008
11.9279545
12.4567188
1.0
