
27.1095273
27.1981805
0.0
0.1868108
0.3078051
12.499099300000001
14.391276099999999
1.0

25.1950541
25.1399457
0.0
0.1127624
0.09512469999999999
12.983146199999998
12.0616748
1.0

28.0052713
27.845710699999998
0.0
0.2417774
0.1158573
14.1837891
13.546064300000001
1.0

25.2316027
25.2607906
0.0
0.0913612
0.1513861
12.5038961
12.6055084
1.0

24.7771607
24.7254477
0.0
0.11418880000000001
0.0891367
12.4709994
12.165311599999999
1.0

24.786353300000002
24.6987458
0.0
0.1411209
0.078968
11.8531314
12.7666464
1.0

25.0006822
24.642891199999998
0.0
0.4175684
0.0795887
12.1862911
12.3770114
1.0

24.540625
24.5319261
0.0
0.0566525
0.0680669
11.991050900000001
12.4728083
1.0

24.8767965
24.5048923
0.0
0.4139089
0.060081
12.153918
12.2908933
1.0

24.708127
24.6279265
0.0
0.1191865
0.055474699999999995
11.9110301
12.6614217
1.0
