
26.4698377
26.5775745
0.0
0.1807124
0.3388028
12.7467125
13.4920592
1.0

26.3874315
26.1913033
0.0
0.2612102
0.09202360000000001
12.4879048
13.6113749
1.0

24.996652
24.941743600000002
0.0
0.1189331
0.0955355
12.173421800000002
12.6727863
1.0

24.6841798
24.671074
0.0
0.0887932
0.1064914
11.995818199999999
12.568764400000001
1.0

25.2620579
25.2289747
0.0
0.08899910000000001
0.11793
11.9681029
13.142941800000001
1.0

24.1384923
24.1226895
0.0
0.0688528
0.0739107
12.3245589
11.7242199
1.0

24.5668649
24.5093333
0.0
0.121353
0.08480589999999999
12.1682911
12.256236300000001
1.0

24.3747147
24.355903899999998
0.0
0.064891
0.066218
12.1466116
12.1430743
1.0

24.5074346
24.4741647
0.0
0.089222
0.0885653
12.0216899
12.3639095
1.0

24.9656237
24.9352049
0.0
0.072998
0.0600437
11.935155199999999
12.940006
1.0
