
26.9474785
27.0631609
0.0
0.1634544
0.3120587
12.705853900000001
14.0452483
1.0

25.200843199999998
25.107355100000003
0.0
0.16268660000000001
0.0967367
13.5664488
11.4441696
1.0

25.743759
25.5669152
0.0
0.2322734
0.08462489999999999
12.2988222
13.183468099999999
1.0

25.2197672
25.1498748
0.0
0.12840680000000002
0.08190760000000001
12.0502475
13.017719699999999
1.0

24.8185541
24.7150041
0.0
0.1632116
0.1187394
12.318797400000001
12.277467300000001
1.0

24.3384757
24.2685924
0.0
0.118027
0.3112855
11.6383502
12.3189567
1.0

24.2764606
24.2768515
0.0
0.0595189
0.08011610000000001
12.063234099999999
12.1335013
1.0

24.5480928
24.537091699999998
0.0
0.054986099999999996
0.0635072
12.265133
12.2084515
1.0

24.3487488
24.2477669
0.0
0.1426613
0.0590216
11.6715732
12.5171721
1.0

24.5838375
24.5200968
0.0
0.102577
0.0581993
11.813541800000001
12.6483557
1.0
