
27.992867
27.8696919
0.0
0.40068040000000005
0.31353179999999997
12.8723241
14.683836
1.0

26.086798899999998
25.9811938
0.0
0.1737328
0.09555330000000001
12.2995564
13.586084099999999
1.0

25.200313
25.1488748
0.0
0.1220716
0.104126
12.9247463
12.1200025
1.0

24.592730399999997
24.596685899999997
0.0
0.0935019
0.1249012
11.8155389
12.6562458
1.0

24.8251518
24.7314212
0.0
0.16979529999999998
0.1178217
12.1275342
12.4860653
1.0

25.3423697
25.3200606
0.0
0.08005480000000001
0.31936309999999996
11.727941
13.2727565
1.0

24.5654005
24.5296443
0.0
0.0914548
0.0773297
12.0450287
12.4072859
1.0

24.809471100000003
24.797073899999997
0.0
0.061365
0.0700015
12.0962692
12.630803199999999
1.0

25.010608899999998
24.987496399999998
0.0
0.0721041
0.069893
12.043475800000001
12.8741276
1.0

24.4275462
24.400057
0.0
0.0728139
0.082065
12.4039945
11.9139975
1.0
