
26.088849399999997
26.0307208
0.0
0.3447874
0.3241423
13.2117147
12.494863800000001
1.0

25.274191899999998
25.4483563
0.0
0.16529429999999998
0.3829765
12.4629448
12.602435
1.0

25.141585
25.1094051
0.0
0.1136463
0.1195248
11.842063900000001
13.1478164
1.0

25.4213318
25.334679100000002
0.0
0.16774879999999998
0.1141619
12.1901522
13.030365
1.0

26.5786443
26.4896366
0.0
0.15054220000000001
0.1386578
12.149353900000001
14.2016249
1.0

24.4611823
24.4395993
0.0
0.0771562
0.37049109999999996
11.584515300000001
12.4845929
1.0

24.4464422
24.41441
0.0
0.08597880000000001
0.07568169999999999
12.2926501
12.046078199999998
1.0

24.4748261
24.4590964
0.0
0.0689349
0.0751387
11.8882551
12.4957026
1.0

24.426871600000002
24.3826268
0.0
0.09349410000000001
0.10224889999999999
11.8573369
12.423041
1.0

24.329265
24.3071385
0.0
0.06871769999999999
0.0658133
12.5191062
11.722219
1.0
