
26.2428702
26.3774934
0.0
0.22389689999999998
0.393431
12.9289324
13.05513
1.0

27.0935141
27.0222798
0.0
0.1697042
0.13899060000000002
12.6627934
14.2204958
1.0

26.595227899999998
26.511675399999998
0.0
0.1551662
0.10711369999999999
12.8253459
13.5792158
1.0

24.9195636
24.9519235
0.0
0.08182360000000001
0.138158
11.9169079
12.896857599999999
1.0

24.7554992
24.6417101
0.0
0.1771792
0.1416645
11.7947337
12.7053119
1.0

24.604978199999998
24.4927867
0.0
0.1732206
0.082581
11.9966059
12.4135998
1.0

24.554127100000002
24.5448225
0.0
0.0761519
0.0899089
11.827912
12.6270016
1.0

24.795123399999998
24.7721841
0.0
0.08359369999999999
0.09472030000000001
12.0511709
12.626292900000001
1.0

24.291024399999998
24.2543652
0.0
0.0854214
0.075336
11.811079300000001
12.367949900000001
1.0

24.4900904
24.4723475
0.0
0.0654645
0.0667953
12.1163262
12.289226
1.0
