
27.0106322
27.0732304
0.0
0.2359269
0.3342575
12.314489400000001
14.4244835
1.0

25.972625899999997
25.8862051
0.0
0.1536166
0.0929492
12.1293291
13.6639268
1.0

24.755095899999997
24.7268062
0.0
0.0953507
0.10284510000000001
11.8393913
12.7845698
1.0

25.1084606
25.0959526
0.0
0.0775867
0.0927661
12.00811
12.9950765
1.0

25.4460882
25.3608692
0.0
0.14409339999999998
0.1435705
12.099094800000001
13.118203900000001
1.0

24.506754100000002
24.40463
0.0
0.162304
0.0824586
12.1603041
12.1618673
1.0

24.524630300000002
24.5158825
0.0
0.0617007
0.081093
11.918485800000001
12.5163037
1.0

24.526070100000002
24.5102712
0.0
0.07305339999999999
0.081677
12.0421948
12.3863994
1.0

24.2597837
24.1132332
0.0
0.20579779999999998
0.0947648
11.5999925
12.4184759
1.0

24.5012873
24.4797944
0.0
0.07483039999999999
0.0741943
12.2183794
12.1872207
1.0
