
26.3063281
26.286960699999998
0.0
0.3145118
0.33482670000000003
13.6356368
12.316497199999999
1.0

25.722045899999998
25.5630785
0.0
0.24343679999999998
0.1306974
13.695461300000002
11.7369198
1.0

27.3007548
27.2763532
0.0
0.1015312
0.109524
13.0826181
14.0842111
1.0

24.7917514
24.6841835
0.0
0.1773898
0.0975998
12.291272800000002
12.2953109
1.0

25.9972809
25.8344911
0.0
0.2254421
0.0917397
11.8647269
13.8780245
1.0

24.5852328
24.5543586
0.0
0.0868002
0.0783033
12.0415511
12.4345042
1.0

24.5205842
24.4856801
0.0
0.1014557
0.088224
12.0284229
12.369033199999999
1.0

25.0692529
25.0688377
0.0
0.06395290000000001
0.10345639999999999
11.875496400000001
13.0898849
1.0

24.486647
24.459346699999998
0.0
0.0913057
0.0987082
11.6451196
12.715518900000001
1.0

24.5484084
24.532011
0.0
0.062836
0.0655326
12.1587305
12.3077479
1.0
