
26.2569531
26.3514391
0.0
0.19711520000000002
0.32627259999999997
12.8256403
13.1995262
1.0

25.4414347
25.318731600000003
0.0
0.1934454
0.099453
12.4697236
12.749555
1.0

25.1550951
25.1094197
0.0
0.10787519999999999
0.0953422
12.407692800000001
12.6063847
1.0

24.651785399999998
24.639232399999997
0.0
0.0680032
0.0912202
12.134548
12.4134642
1.0

24.9191185
24.762066100000002
0.0
0.2177528
0.0989552
13.2133923
11.449718599999999
1.0

24.6623269
24.635199
0.0
0.07736130000000001
0.0703955
11.9806164
12.5841871
1.0

25.0034034
24.869235
0.0
0.1939585
0.0911175
12.075920400000001
12.7021971
1.0

24.9435427
24.933578
0.0
0.0536543
0.0632712
12.0179349
12.8523719
1.0

24.5674405
24.5081894
0.0
0.1096529
0.0692665
11.7354009
12.703522
1.0

24.340549199999998
24.2168753
0.0
0.1638201
0.0570955
11.996217
12.163562800000001
1.0
