
25.834962
25.902084600000002
0.0
0.2397523
0.3459346
13.0935746
12.4625754
1.0

25.085613600000002
25.05282
0.0
0.1066264
0.1146363
13.0623832
11.8758005
1.0

27.132766699999998
27.0634352
0.0
0.1580137
0.270711
12.5578074
14.2349168
1.0

25.012980600000002
24.931298100000003
0.0
0.2140325
0.1689511
11.9448881
12.8174589
1.0

25.409087600000003
25.3443538
0.0
0.13683120000000001
0.13862470000000002
12.375469
12.8302601
1.0

24.8629534
24.830147
0.0
0.0943695
0.3379952
11.8410951
12.6510567
1.0

24.3412456
24.3113742
0.0
0.0912665
0.1079152
11.785104
12.418355
1.0

25.104114
24.7025902
0.0
0.4598816
0.09328460000000001
11.7972671
12.8120385
1.0

24.8313575
24.7806778
0.0
0.1076205
0.08041939999999999
12.261744199999999
12.438514199999998
1.0

24.6460644
24.6258618
0.0
0.0710496
0.0889069
11.872098099999999
12.6648568
1.0
