
25.5475447
25.629913600000002
0.0
0.21639470000000002
0.3331476
12.531857
12.764909
1.0

25.2441918
25.091821
0.0
0.2271929
0.1254933
12.2474469
12.7188808
1.0

25.5591132
25.491416100000002
0.0
0.1363947
0.1023617
13.6076998
11.7813546
1.0

24.6977645
24.695091899999998
0.0
0.09765889999999999
0.12235660000000001
12.0681373
12.504598
1.0

25.3431839
25.2908581
0.0
0.11089639999999999
0.1355392
12.0019735
13.153345400000001
1.0

24.4357504
24.4204837
0.0
0.0773912
0.0867966
11.8964386
12.4372485
1.0

24.4271916
24.3323633
0.0
0.1531837
0.0807523
12.2323729
12.019238099999999
1.0

24.4213561
24.3993844
0.0
0.07330189999999999
0.075849
11.9076515
12.4158839
1.0

24.506671100000002
24.4123338
0.0
0.143926
0.1094289
12.2278699
12.075035
1.0

24.4995592
24.4276065
0.0
0.12069730000000001
0.0692563
11.8373431
12.5210071
1.0
