
26.121878199999998
26.002616600000003
0.0
0.4033005
0.3150692
12.4430773
13.2444701
1.0

25.691027300000002
25.6852778
0.0
0.0893427
0.1287497
13.807673699999999
11.7488544
1.0

24.6031025
24.5424634
0.0
0.11370419999999999
0.0819348
11.9434385
12.517090099999999
1.0

25.35953
25.3796367
0.0
0.0891602
0.1359474
12.6031385
12.640550800000002
1.0

25.237616600000003
25.1569152
0.0
0.13517410000000002
0.0946575
12.761227300000002
12.3010304
1.0

24.8099085
24.7308947
0.0
0.1277201
0.067639
11.985209699999999
12.678046
1.0

24.5101881
24.362785199999998
0.0
0.19482429999999998
0.0654658
11.819533400000001
12.477786
1.0

24.444848399999998
24.1461369
0.0
0.3495474
0.0798805
11.7709729
12.2952835
1.0

24.294282199999998
24.2628605
0.0
0.08180660000000001
0.0692962
11.869036699999999
12.3245276
1.0

25.0335437
25.0189012
0.0
0.0532518
0.0879751
12.0033905
12.927535599999999
1.0
