
26.3412748
26.4469673
0.0
0.1740878
0.314871
13.7510113
12.381085
1.0

24.896873399999997
24.8914288
0.0
0.07800489999999999
0.1055435
12.7349514
12.0509339
1.0

25.8374187
25.8216164
0.0
0.07105739999999999
0.09239939999999999
11.9220688
13.807148199999999
1.0

24.2475996
24.2312903
0.0
0.0885582
0.12537210000000001
11.6471045
12.458813699999999
1.0

25.0034462
24.867779
0.0
0.191394
0.09182180000000001
12.354391099999999
12.4215661
1.0

24.412524100000002
24.405252100000002
0.0
0.053157800000000005
0.063821
12.041412300000001
12.3000188
1.0

24.715302
24.688349
0.0
0.0856407
0.08957369999999999
11.8195631
12.7792122
1.0

24.7705742
24.746989199999998
0.0
0.0635216
0.0569459
12.1486333
12.54141
1.0

24.2612543
24.223489899999997
0.0
0.0790028
0.0590782
11.8389347
12.325477
1.0

24.6368232
24.623652800000002
0.0
0.054622699999999996
0.0640706
12.594217
11.965365199999999
1.0
