
26.781338100000003
26.855124399999998
0.0
0.2542027
0.3770636
13.373900800000001
13.10416
1.0

26.2474856
26.068058899999997
0.0
0.4525223
0.3101394
14.2368332
11.5210863
1.0

24.824169
24.7458773
0.0
0.16463270000000002
0.13573929999999998
11.8873766
12.7227614
1.0

24.887545600000003
24.871170600000003
0.0
0.100124
0.11431369999999999
12.168132400000001
12.5887245
1.0

27.319934399999998
27.1812082
0.0
0.2144158
0.1142417
12.2950228
14.7719437
1.0

24.7112239
24.6065544
0.0
0.1819202
0.1089471
12.2391522
12.258455099999999
1.0

24.870629
24.4932458
0.0
0.46348059999999996
0.120373
12.0958448
12.277028
1.0

25.026893100000002
25.0087113
0.0
0.0903725
0.101747
12.438280599999999
12.4686837
1.0

25.0058118
24.9574839
0.0
0.11901439999999999
0.1000611
12.504539699999999
12.3528831
1.0

25.3648097
25.3442975
0.0
0.0855915
0.091685
13.8021024
11.450510099999999
1.0
