
26.4251197
26.3216268
0.0
0.3726077
0.30537159999999997
13.651375
12.3648802
1.0

24.7552591
24.6998663
0.0
0.1338047
0.1106328
12.4947387
12.094494800000001
1.0

26.058957600000003
26.0205773
0.0
0.11033939999999999
0.101613
12.2331535
13.6858108
1.0

25.0035422
24.9880026
0.0
0.09191360000000001
0.10662239999999999
12.329391800000002
12.5519884
1.0

24.864674100000002
24.8259242
0.0
0.10580010000000001
0.1126407
12.197142900000001
12.5161406
1.0

24.569274699999998
24.4882682
0.0
0.1421824
0.0858525
12.5904525
11.8119632
1.0

24.8587601
24.7754942
0.0
0.14587060000000002
0.1003163
11.861619300000001
12.8135586
1.0

24.6734647
24.6503934
0.0
0.0851283
0.0901027
12.0572822
12.5030085
1.0

24.8803745
24.8522713
0.0
0.08424369999999999
0.08127430000000001
12.039893300000001
12.731103699999998
1.0

24.645293300000002
24.6245898
0.0
0.07704989999999999
0.07992110000000001
12.1406278
12.4040409
1.0
