
26.0252864
26.2709145
0.0
0.222861
0.5029711
12.4730505
13.2948929
1.0

25.171745899999998
25.143148
0.0
0.1004013
0.1319236
12.168559400000001
12.842665
1.0

25.4536571
25.271879600000002
0.0
0.2436059
0.0923445
12.8938121
12.285723
1.0

24.595956
24.5889669
0.0
0.0657491
0.08410680000000001
11.9195836
12.5852765
1.0

25.3071753
25.289735
0.0
0.0688113
0.1237225
12.2776304
12.8883821
1.0

24.6018833
24.59371
0.0
0.061421699999999996
0.07225580000000001
11.808603300000001
12.712850900000001
1.0

24.7513653
24.6576528
0.0
0.1516368
0.0764918
11.878297199999999
12.702863800000001
1.0

24.4412141
24.441045600000002
0.0
0.0527404
0.0706785
11.9215051
12.448862
1.0

24.944390300000002
24.903268
0.0
0.09145239999999999
0.08651460000000001
12.0205958
12.796157599999999
1.0

24.6861297
24.6569608
0.0
0.0705363
0.0585425
12.0678837
12.5305346
1.0
