
27.4775716
27.4929668
0.0
0.2922565
0.3672606
14.365056699999998
12.7606495
1.0

25.6030541
25.240068100000002
0.0
0.4540927
0.12323339999999999
12.584258199999999
12.5325765
1.0

28.1028725
28.0329367
0.0
0.15754479999999998
0.1504485
13.896642
13.9858462
1.0

25.377878199999998
25.338078
0.0
0.138819
0.12794160000000002
12.2204544
12.989682
1.0

25.025817800000002
24.929089899999997
0.0
0.1704035
0.1577927
12.800695
11.9706022
1.0

24.6805883
24.660691
0.0
0.08881939999999999
0.0947723
12.284767800000001
12.2811509
1.0

24.5654355
24.547362399999997
0.0
0.0990755
0.10666410000000001
12.015139
12.425559300000002
1.0

24.6058285
24.5683811
0.0
0.1275115
0.1274402
12.0744441
12.3664968
1.0

24.6224075
24.577373
0.0
0.1103749
0.1030716
12.1892687
12.285032699999999
1.0

25.1757737
25.0662616
0.0
0.1747278
0.09054580000000001
12.1470149
12.828700900000001
1.0
