
26.962703899999998
26.806449899999997
0.0
0.4727268
0.35539940000000003
13.8602835
12.590767
1.0

25.8042645
25.7062521
0.0
0.196502
0.14161079999999998
12.7912713
12.77337
1.0

27.2395495
27.178624399999997
0.0
0.1494399
0.12304380000000001
13.4253357
13.630244900000001
1.0

24.4639672
24.4441132
0.0
0.09995739999999999
0.1059639
11.8315839
12.5065654
1.0

24.790826199999998
24.666661
0.0
0.20266710000000002
0.1669431
13.4163414
11.0833765
1.0

25.3265651
25.3098101
0.0
0.0718954
0.0768729
12.0571233
13.1758139
1.0

24.2567554
24.2379309
0.0
0.0734107
0.0917514
12.4359541
11.7102254
1.0

24.561965899999997
24.5502882
0.0
0.0657403
0.076854
11.9601108
12.5133234
1.0

24.6551817
24.2701964
0.0
0.4371994
0.086833
11.7284846
12.454878800000001
1.0

24.5721491
24.5505669
0.0
0.068802
0.0665863
12.713276800000001
11.770703800000001
1.0
