
28.322478399999998
28.103702
0.0
0.5360745
0.3989006
13.2193438
14.4854576
1.0

26.539455
26.4424912
0.0
0.17967970000000003
0.1262108
13.3584934
12.957787
1.0

26.027438399999998
25.8500641
0.0
0.3030974
0.1621948
13.876366599999999
11.8115027
1.0

24.9549095
24.9423838
0.0
0.104939
0.1212665
12.148525099999999
12.672592199999999
1.0

26.6791555
26.5595095
0.0
0.1890735
0.1479047
12.9795668
13.432038
1.0

24.6626368
24.642354
0.0
0.0793004
0.3313678
11.8484089
12.462577300000001
1.0

24.6036942
24.586308300000002
0.0
0.0776544
0.0929144
11.9206542
12.5727397
1.0

24.627492800000002
24.599355199999998
0.0
0.0858656
0.08215489999999999
12.0986814
12.4185189
1.0

24.462849300000002
24.4054835
0.0
0.1118567
0.11337839999999999
11.8063787
12.4857264
1.0

24.653433
24.6295655
0.0
0.0745454
0.0719107
12.007841
12.5498138
1.0
