
28.1570806
27.9313799
0.0
0.5604591
0.3767245
13.5398318
14.0148236
1.0

25.668454399999998
25.375037
0.0
0.38406640000000003
0.14088
13.367432599999999
11.8667244
1.0

25.2043175
25.056678100000003
0.0
0.2352849
0.6004834
11.9492175
12.5069772
1.0

25.0419879
25.031090199999998
0.0
0.09859739999999999
0.1158114
12.3748766
12.540402199999999
1.0

25.2989466
25.012293
0.0
0.36345479999999997
0.14206729999999998
12.2009926
12.6692331
1.0

24.5753144
24.5385786
0.0
0.1010667
0.08765210000000001
12.086079300000002
12.3648472
1.0

24.8630177
24.7942228
0.0
0.14520160000000001
0.10653889999999999
12.3619248
12.325759099999999
1.0

24.6460874
24.6360362
0.0
0.090353
0.1058268
12.1976829
12.3325265
1.0

24.6763129
24.6223518
0.0
0.13278179999999998
0.1372355
11.9597185
12.5253978
1.0

25.231055899999998
25.210303
0.0
0.0767195
0.0798853
11.8705292
13.2598885
1.0
