
29.207025899999998
28.9623425
0.0
0.6585855
0.49425220000000003
15.1877052
13.2803851
1.0

26.4062778
26.1784453
0.0
0.33713109999999996
0.162059
13.1294628
12.8869235
1.0

25.898881600000003
25.7480271
0.0
0.3043847
0.2009196
12.7627899
12.7843176
1.0

25.936907
25.6699921
0.0
0.38666659999999997
0.19657760000000002
12.5950363
12.878378199999998
1.0

25.3463007
25.2243964
0.0
0.2191361
0.1579645
13.113582300000001
11.9528496
1.0

24.878798
24.911043
0.0
0.1306744
0.1943592
12.3593884
12.3572954
1.0

24.9612195
24.9127209
0.0
0.1417731
0.1283347
12.4918032
12.292583
1.0

24.9622318
24.924714100000003
0.0
0.12732839999999998
0.1257022
12.4272765
12.3717354
1.0

25.2084819
25.107922100000003
0.0
0.19372270000000003
0.14726070000000002
12.4019148
12.5587466
1.0

25.0827698
25.034945699999998
0.0
0.134095
0.11899689999999999
12.6439601
12.2719887
1.0
