
27.942489
27.965267
0.0
0.287211
0.3502866
13.7446472
13.8703332
1.0

26.4689239
26.317846
0.0
0.2375815
0.1424812
13.3687719
12.8065929
1.0

26.027113399999998
26.037786699999998
0.0
0.10530360000000001
0.15826420000000002
14.5605937
11.3189288
1.0

25.203427100000003
25.044268300000002
0.0
0.2365368
0.10723010000000001
12.1012712
12.835767
1.0

24.915671600000003
24.80298
0.0
0.1847614
0.1958558
12.0586214
12.548502800000001
1.0

24.551816
24.496596800000003
0.0
0.1217608
0.0919993
12.026005199999998
12.378592300000001
1.0

24.5457022
24.5316244
0.0
0.0787608
0.0901622
12.0194257
12.4220365
1.0

24.689194399999998
24.6250789
0.0
0.130725
0.906812
11.400417
12.3178499
1.0

24.711858600000003
24.5369475
0.0
0.2508209
0.1684557
11.9382228
12.430269
1.0

25.3348347
25.2967495
0.0
0.09815360000000001
0.0847378
11.9440581
13.2679536
1.0
