
27.8403447
27.9577531
0.0
0.2148433
0.3747468
13.628845199999999
13.9541611
1.0

25.1884542
25.1369962
0.0
0.1280149
0.10908430000000001
12.366093900000001
12.661818
1.0

25.4760563
25.297012
0.0
0.2581381
0.11194
13.851161
11.333911
1.0

25.235658899999997
25.215574399999998
0.0
0.0852126
0.0926645
12.1013769
13.021533
1.0

25.8356073
25.8081535
0.0
0.0896682
0.1237897
12.2954845
13.388879300000001
1.0

24.507421100000002
24.4941045
0.0
0.06666419999999999
0.074064
11.9857391
12.4343014
1.0

24.6961822
24.6778573
0.0
0.0751122
0.0867181
12.0081115
12.583027699999999
1.0

24.679166300000002
24.6378189
0.0
0.1025182
0.1016708
12.0346611
12.501487
1.0

24.7628095
24.745372800000002
0.0
0.0968877
0.1396387
12.3500434
12.255690699999999
1.0

24.929458399999998
24.9080239
0.0
0.0775044
0.08575289999999999
12.238649
12.583622
1.0
