
28.1697133
27.9542227
0.0
0.5088899
0.3350647
13.0108765
14.6082815
1.0

25.335769199999998
25.463600800000002
0.0
0.1497947
0.3208971
12.8537798
12.2889239
1.0

23.833285399999998
25.573323300000002
0.0
0.1663349
1.9375191999999999
11.1379646
12.4978395
1.0

24.9580886
24.8003831
0.0
0.221527
0.0891035
12.1481145
12.563165099999999
1.0

25.668822199999997
25.636215
0.0
0.09277719999999999
0.134389
13.1562895
12.3455365
1.0

24.3659625
24.344332
0.0
0.07895210000000001
0.07917439999999999
11.9952201
12.2699375
1.0

24.3619177
24.3063085
0.0
0.10904710000000001
0.0748725
11.92731
12.304126
1.0

24.6263552
24.562109399999997
0.0
0.12281439999999999
0.0794836
12.0681356
12.4144902
1.0

24.2327782
24.2267297
0.0
0.0718755
0.1229739
11.7340049
12.3697509
1.0

24.986851
24.9692928
0.0
0.0655846
0.06911089999999999
11.755635400000001
13.1445465
1.0
