
27.998269699999998
27.0762451
0.0
1.2070063999999998
0.3275026
13.4222562
13.326486300000001
1.0

25.275407100000002
25.1988417
0.0
0.1525234
0.14245929999999998
12.6745392
12.381843199999999
1.0

25.1224195
25.02054
0.0
0.1810405
0.1102962
12.315812
12.5944318
1.0

24.7442573
24.594716
0.0
0.2076968
0.0812847
11.8892121
12.624219199999999
1.0

26.1338719
26.043631
0.0
0.1432535
0.1246982
12.2393416
13.679591199999999
1.0

24.4488609
24.4343718
0.0
0.065317
0.36756940000000005
11.6288246
12.4379778
1.0

24.2387763
24.159313
0.0
0.1289699
0.0794207
11.755941400000001
12.3239509
1.0

24.3306795
24.2894708
0.0
0.08389260000000001
0.0614616
11.810161
12.4178482
1.0

24.565405600000002
24.4483503
0.0
0.16414510000000002
0.0774176
12.3839684
11.9869643
1.0

24.7094877
24.6960088
0.0
0.0559552
0.060817800000000005
12.0613024
12.5738886
1.0
