
26.902707
26.707993100000003
0.0
0.47050990000000004
0.322573
14.061965
12.3234551
1.0

25.685038300000002
25.6497347
0.0
0.1008883
0.0919398
12.432680699999999
13.125114199999999
1.0

25.729825100000003
25.5731677
0.0
0.2268339
0.1008367
12.5948671
12.8774639
1.0

24.605765
24.526500600000002
0.0
0.13482270000000002
0.07812519999999999
11.9159115
12.5324639
1.0

24.7756617
24.7481217
0.0
0.0779837
0.1298037
12.040434699999999
12.5778833
1.0

24.5004865
24.4868726
0.0
0.0616945
0.390948
11.6820088
12.413915800000002
1.0

24.4535661
24.4421245
0.0
0.057259
0.0759604
11.924359599999999
12.4418045
1.0

24.3154311
24.3085525
0.0
0.0506611
0.0808141
11.7870685
12.4406699
1.0

24.4924846
24.4589296
0.0
0.0738369
0.06920269999999999
11.7384305
12.6512964
1.0

24.2337255
24.2298054
0.0
0.0480945
0.0620224
11.889927
12.277856
1.0
