
27.7281864
27.4991233
0.0
0.5375784
0.34465690000000004
13.210329
13.9441374
1.0

25.6561834
25.548790699999998
0.0
0.1810352
0.1156358
12.1211451
13.3120098
1.0

24.5422721
24.5259906
0.0
0.1077017
0.1267694
11.745994900000001
12.6532263
1.0

24.8617691
24.6430732
0.0
0.285196
0.093891
12.7814971
11.7676851
1.0

24.800393600000003
24.7004532
0.0
0.1585449
0.1291879
11.9931972
12.5780681
1.0

24.837349
24.887960800000002
0.0
0.0663689
0.3880502
11.5736592
12.9262514
1.0

24.350612100000003
24.3356435
0.0
0.0678758
0.0754214
12.2281685
12.0320536
1.0

24.6818117
24.6733537
0.0
0.061150300000000005
0.0737072
11.9670223
12.632624199999999
1.0

24.6522988
24.6091849
0.0
0.0910884
0.1154221
11.9543906
12.539372199999999
1.0

24.5353086
24.520165300000002
0.0
0.0606021
0.0648649
11.9732004
12.4821
1.0
