
28.5073917
28.4351497
0.0
0.3929432
0.3606233
14.1334837
13.941042699999999
1.0

25.979042
25.9647855
0.0
0.10917210000000001
0.1270736
12.669327800000001
13.168384099999999
1.0

26.5311695
26.496021300000002
0.0
0.10582989999999999
0.1402001
12.233125099999999
14.122696099999999
1.0

24.506365300000002
24.3413447
0.0
0.23108789999999998
0.0931082
11.9192982
12.3289383
1.0

25.3193825
25.1550965
0.0
0.2306911
0.1659959
12.6440147
12.3450859
1.0

24.449907
24.423956899999997
0.0
0.0815922
0.0764522
11.8627689
12.484735800000001
1.0

24.3581695
24.33915
0.0
0.0755345
0.0772524
11.7337835
12.5281141
1.0

25.4768445
25.3869869
0.0
0.1512745
0.0809167
11.961161800000001
13.3449084
1.0

24.563005399999998
24.4285748
0.0
0.1800688
0.07591969999999999
11.866646699999999
12.486008400000001
1.0

24.5086582
24.4903317
0.0
0.061691800000000005
0.0623106
12.7392289
11.6887922
1.0
