
26.2416236
26.3422454
0.0
0.2138095
0.3555137
12.9494368
13.037294900000001
1.0

25.611370899999997
25.5244193
0.0
0.1655509
0.32257379999999997
12.632221300000001
12.5696242
1.0

26.2871262
26.0591715
0.0
0.3110984
0.12273769999999999
13.2303459
12.7060879
1.0

24.8341484
24.7598594
0.0
0.15198879999999998
0.10871460000000001
12.0462003
12.6049445
1.0

25.5892695
24.8064423
0.0
0.8524814000000001
0.1664169
12.110222199999999
12.5298032
1.0

24.6130783
24.6386917
0.0
0.1073237
0.15612510000000002
12.0329242
12.4496424
1.0

24.6204676
24.6051785
0.0
0.0848399
0.09664310000000001
12.0228302
12.4857052
1.0

25.1363966
25.180959
0.0
0.0851621
0.1535961
11.7190636
13.308299300000002
1.0

24.434044800000002
24.4193712
0.0
0.0822248
0.10474130000000001
11.9002322
12.414397699999999
1.0

24.512092199999998
24.457589300000002
0.0
0.11153160000000001
0.0805125
12.0517136
12.3253632
1.0
