
27.9156372
27.1753886
0.0
1.042558
0.36039879999999996
13.7517306
13.0632592
1.0

25.8783643
25.8672169
0.0
0.0990963
0.1226803
12.511325699999999
13.2332109
1.0

25.436549399999997
25.4088463
0.0
0.12705360000000002
0.13682270000000002
11.8208984
13.4511252
1.0

24.5830862
24.554006100000002
0.0
0.1091412
0.1219033
11.8575366
12.5745662
1.0

25.4970264
24.9741253
0.0
0.6039816
0.13708879999999998
12.0384189
12.7986176
1.0

24.6924311
24.680934399999998
0.0
0.0967091
0.3455055
11.8979914
12.4374375
1.0

25.4740999
25.369888600000003
0.0
0.17817170000000002
0.1221159
12.2851151
12.9626576
1.0

24.718367699999998
24.7188409
0.0
0.0859878
0.11861139999999999
12.1388599
12.4613696
1.0

24.702498100000003
24.598047
0.0
0.2241744
0.1655222
12.5092661
11.9232587
1.0

24.646701800000002
24.6238016
0.0
0.0866612
0.08878860000000001
12.3839039
12.1511091
1.0
