
27.360507600000002
27.144544399999997
0.0
0.5044565
0.32684620000000003
14.063405300000001
12.754292900000001
1.0

26.0395961
25.933089
0.0
0.190277
0.1341199
13.0731078
12.7258613
1.0

25.2386921
25.1719825
0.0
0.136227
0.1039372
13.4208619
11.647183400000001
1.0

25.8895724
25.8720137
0.0
0.0872036
0.0982735
11.931232099999999
13.8425081
1.0

25.012951899999997
24.9889515
0.0
0.0806242
0.1802425
12.090381
12.718328
1.0

24.6693353
24.6523916
0.0
0.0697897
0.328334
11.6581727
12.6658849
1.0

24.883000199999998
24.872203
0.0
0.0655865
0.0890612
11.9060515
12.8770903
1.0

24.4096418
24.3500552
0.0
0.1106262
0.1088563
12.1433906
12.0978083
1.0

25.235084
25.2152162
0.0
0.0662083
0.11235060000000001
12.1273666
12.975499
1.0

24.4464298
24.4316901
0.0
0.059543
0.063549
11.9062154
12.4619257
1.0
