
28.4681107
27.995928199999998
0.0
0.7577388
0.3338525
15.2098541
12.4522216
1.0

25.367144600000003
25.2069091
0.0
0.23518239999999999
0.12501
12.3806412
12.7012579
1.0

26.3318579
26.2351855
0.0
0.1788112
0.1122428
13.618324300000001
12.5046184
1.0

24.4425842
24.356118600000002
0.0
0.1765328
0.1149991
11.8024023
12.4387172
1.0

24.6887116
24.635113399999998
0.0
0.11493189999999999
0.1192425
12.079681
12.4361899
1.0

24.688183
24.672396199999998
0.0
0.0724646
0.07948569999999999
11.774291
12.8186195
1.0

24.7818214
24.753823
0.0
0.0852183
0.0804555
11.996279
12.6770885
1.0

24.599243100000002
24.5839716
0.0
0.0667568
0.07329669999999999
12.2245453
12.286129599999999
1.0

24.3654163
24.3489239
0.0
0.0825695
0.117537
11.7490244
12.4823625
1.0

24.7839414
24.6549119
0.0
0.1751627
0.0669075
11.9655359
12.6224685
1.0
