
27.5814015
27.148923
0.0
0.7309755
0.3384217
13.5344215
13.276079800000002
1.0

25.5897432
25.4621755
0.0
0.20472479999999998
0.10700319999999999
12.7771021
12.578070199999999
1.0

26.2713534
26.2405735
0.0
0.13750120000000002
0.138539
14.2604243
11.8416102
1.0

24.811043100000003
24.727342
0.0
0.15727929999999998
0.1012968
12.1163874
12.509657800000001
1.0

25.4412882
25.3196651
0.0
0.1785312
0.0841236
11.9399211
13.2956204
1.0

24.8640753
24.8515293
0.0
0.06675310000000001
0.07494719999999999
12.0157937
12.760788400000001
1.0

25.110288899999997
24.7686617
0.0
0.3979104
0.0908593
11.8675362
12.8102662
1.0

24.8345673
24.7566707
0.0
0.1282473
0.0730367
12.116416599999999
12.5672174
1.0

24.7798612
24.7566855
0.0
0.07308310000000001
0.083007
12.098372300000001
12.5753062
1.0

24.498312100000003
24.48254
0.0
0.060515599999999996
0.0651006
11.9447106
12.4727288
1.0
