
27.235833399999997
27.094134699999998
0.0
0.5175804
0.418347
15.229544
11.4462437
1.0

25.562013
25.2394477
0.0
0.4279985
0.1409647
12.4362061
12.6622769
1.0

25.4983924
25.4592947
0.0
0.127273
0.17150010000000002
12.2435715
13.0442231
1.0

25.2928563
25.3016358
0.0
0.0981591
0.13466129999999998
12.1918262
12.9751483
1.0

25.4970124
25.262818199999998
0.0
0.3162359
0.1712274
12.809845800000002
12.281745
1.0

25.1470346
25.122956300000002
0.0
0.0924331
0.09320819999999999
12.3017975
12.7279506
1.0

24.8935192
24.859359100000002
0.0
0.1070507
0.0997745
12.505875199999998
12.2537094
1.0

24.964903399999997
24.7995633
0.0
0.2472375
0.1068175
12.1256515
12.5670943
1.0

24.6930906
24.5258813
0.0
0.230348
0.114863
11.8615339
12.5494844
1.0

24.7505723
24.724119100000003
0.0
0.0866792
0.0838305
12.7271771
11.9131115
1.0
