
27.096035899999997
26.969239
0.0
0.3987637
0.30297640000000003
13.6085886
13.057674
1.0

25.262498899999997
25.1576065
0.0
0.1626784
0.0809151
13.401199
11.6754924
1.0

25.1698943
25.1348428
0.0
0.0865698
0.0806712
12.064969300000001
12.9892023
1.0

24.3872073
24.382612899999998
0.0
0.057793199999999996
0.0750832
11.704916
12.6026137
1.0

25.5166495
24.722288199999998
0.0
0.8442755
0.0734967
12.1715841
12.477207400000001
1.0

24.740949899999997
24.784190600000002
0.0
0.0560812
0.1168192
11.8684161
12.798955300000001
1.0

24.3851233
24.3734044
0.0
0.0556517
0.0625613
12.310464300000001
12.0003788
1.0

24.7625926
24.747254
0.0
0.054104599999999996
0.0559819
11.930047199999999
12.7612249
1.0

24.4156851
24.3612742
0.0
0.0924805
0.0657917
11.8960572
12.3994253
1.0

24.2770538
24.260757899999998
0.0
0.0511428
0.0503461
12.1640125
12.046399300000001
1.0
