
26.990450600000003
26.7174424
0.0
0.5568679
0.3189689
14.016093300000001
12.3823802
1.0

26.2169469
26.1587435
0.0
0.12271910000000001
0.1038421
12.8614856
13.1934158
1.0

25.5552563
25.4741815
0.0
0.1495845
0.1600675
12.009376099999999
13.304737900000001
1.0

24.7187527
24.7145395
0.0
0.075688
0.0942759
12.1624389
12.4578247
1.0

24.9043835
24.2045565
0.0
0.7531439
0.1097069
11.6399678
12.4548818
1.0

24.502368
24.4709352
0.0
0.0788854
0.06868139999999999
12.6398871
11.7623667
1.0

24.290893399999998
24.2826923
0.0
0.056554099999999996
0.0674758
11.877773900000001
12.3374426
1.0

25.164345100000002
25.1125861
0.0
0.0942901
0.0609971
12.1419884
12.9096006
1.0

24.4139836
24.389811100000003
0.0
0.07347089999999999
0.09136380000000001
11.8360018
12.4624455
1.0

24.4760117
24.3831773
0.0
0.1306905
0.054582
11.9094569
12.4191384
1.0
