
0.33298659
0.2269459
-0.22033897
0.44728487
0.10604069
4.809523809523809

0.16386963000000002
0.05750769
-0.1547045
0.21221219
0.10636194
9.0

0.26361586
0.03841608
-0.14377675
0.18219283
0.22519978
5.0

0.12505158
0.04062938
-0.12821404
0.16884342000000002
0.0844222
5.0

0.31637849
0.03408484
-0.10636292
0.14044776
0.28229365
5.0

0.11019187
0.03047121
-0.08816106
0.11863227
0.07972066
5.0

0.63762011
0.0900284
-0.0997734
0.1898018
0.54759171
5.0

0.16078316
0.02513936
-0.08868376
0.11382312
0.13564379999999998
5.0

1.14779898
0.02507632
-0.09000433000000001
0.11508064999999999
1.12272266
6.733333333333333

0.10155293
0.02439391
-0.09590288000000001
0.12029678999999999
0.07715902000000001
9.9
