
0.29217598
0.16279129
-0.22807604
0.39086733
0.12938469
4.809523809523809

0.21631482000000002
0.06282701
-0.16237039
0.2251974
0.15348781
9.0

0.12858255
0.04712606
-0.12912977
0.17625582999999997
0.08145649
5.0

0.12193824
0.03892346
-0.1298209
0.16874435999999998
0.08301478
5.0

0.09994562
0.03215333
-0.14202689000000002
0.17418022
0.06779228999999999
5.0

0.11208113
0.04087251
-0.12997883999999998
0.17085135
0.07120862
5.0

0.09260228
0.025667080000000002
-0.08357533
0.10924241
0.0669352
5.0

0.10263008
0.02281191
-0.08670488999999999
0.1095168
0.07981817
5.0

0.08569514
0.02409236
-0.07792485
0.10201721000000001
0.061602779999999996
6.733333333333333

0.09409107000000001
0.021652150000000002
-0.0905245
0.11217664999999999
0.07243892
9.9
