
0.70692659
0.29088731
-0.33010471999999996
0.62099203
0.41603928
4.809523809523809

0.24381003
0.10157882
-0.20542519
0.30700401
0.14223121
9.0

0.12650108999999998
0.04500071
-0.15797994
0.20298064999999998
0.08150038000000001
5.0

0.12904797
0.047854879999999995
-0.13681593
0.18467081
0.08119309
5.0

0.11030117
0.03513003
-0.12164207
0.1567721
0.07517114
5.0

0.18193631
0.03771154
-0.10061645
0.13832798999999998
0.14422477
5.0

0.09670353999999999
0.02589386
-0.09723874
0.12313260000000001
0.07080968
5.0

0.20103326000000002
0.02714458
-0.09824338
0.12538796
0.17388868
5.0

0.08966383
0.0264101
-0.10191846
0.12832856
0.06325373000000001
6.733333333333333

0.10416246000000001
0.02455323
-0.10193833000000001
0.12649156
0.07960922999999999
9.9
