
0.5161603
0.3870772
-0.21473289
0.60181009
0.1290831
4.809523809523809

0.16725993
0.05952445
-0.15537803
0.21490248
0.10773548
9.0

0.12677622
0.0486845
-0.12122613
0.16991063
0.07809172
5.0

0.15378591
0.04613221
-0.14285924
0.18899145
0.10765369999999999
5.0

0.12471510000000001
0.043084910000000004
-0.11346135
0.15654626000000002
0.08163019
5.0

0.12032517
0.03905144
-0.10666937
0.14572081
0.08127373
5.0

0.12779272
0.02862961
-0.09414876
0.12277837
0.09916311
5.0

0.13945364000000002
0.08825791000000001
-0.09828969
0.1865476
0.05119573
5.0

0.08424144
0.029213740000000002
-0.09497001
0.12418375
0.0550277
6.733333333333333

0.66152142
0.02762102
-0.11498694999999999
0.14260797
0.6339004
9.9
