
0.42333366
0.22445816
-0.34823537
0.57269353
0.1988755
4.809523809523809

0.22620707999999998
0.06952641999999999
-0.26322351
0.33274992999999997
0.15668066
9.0

0.16752059
0.05857093
-0.21688723000000001
0.27545815999999995
0.10894966
5.0

0.151604
0.05335802
-0.16462391
0.21798193
0.09824598
5.0

0.21112419
0.09101514999999999
-0.15194391000000002
0.24295906
0.12010904
5.0

0.17941298
0.0756275
-0.13379728
0.20942478
0.10378548
5.0

0.12253517
0.0315377
-0.12001001
0.15154771
0.09099747
5.0

0.11510194
0.038006269999999995
-0.11210059
0.15010685999999998
0.07709567
5.0

0.22047044
0.028395490000000002
-0.12167964
0.15007513
0.19207495000000002
6.733333333333333

0.13050617
0.03108373
-0.11981910000000001
0.15090283
0.09942244
9.9
