
0.65914987
0.07035251
-0.77264194
0.84299445
0.5887973599999999
5.05

0.28380607
0.06013421
-0.14137331
0.20150752
0.22367185999999997
9.0

0.1446887
0.0531203
-0.12737310000000002
0.1804934
0.0915684
5.0

0.10706734
0.035993830000000004
-0.10869351
0.14468734
0.07107350999999999
5.0

0.10365988000000001
0.03116016
-0.10583622999999999
0.13699639000000002
0.07249972
5.0

0.10471163
0.03224837
-0.09025266
0.12250103
0.07246326
5.0

0.0984576
0.02446177
-0.09154715
0.11600892
0.07399583
5.0

0.06336438
0.021816639999999998
-0.08056526
0.1023819
0.04154774
5.0

0.06993018
0.02367077
-0.1401877
0.16385847
0.04625941
6.733333333333333

0.07473816999999999
0.02357025
-0.08244180000000001
0.10601205
0.05116792
9.9
