
0.47416894
0.35813931
-0.23406120000000002
0.59220051
0.11602963000000001
4.809523809523809

0.18891298
0.06620263
-0.15530945999999998
0.22151209
0.12271035000000001
9.0

0.12542145
0.04221111
-0.13674844
0.17895955
0.08321034
5.0

0.11516533
0.03817674
-0.12353027999999999
0.16170701999999998
0.07698859
5.0

0.10661339
0.0327944
-0.11605093
0.14884533
0.07381899
5.0

0.17039417
0.031149450000000002
-0.10094768
0.13209713
0.13924472
5.0

0.09296275
0.02235606
-0.08925633999999999
0.1116124
0.07060669
5.0

0.11176732
0.02207294
-0.0937557
0.11582864
0.08969438
5.0

0.18770342
0.02323853
-0.08587017999999999
0.10910871000000001
0.16446489
6.733333333333333

0.14292323999999998
0.02379999
-0.09808731
0.1218873
0.11912325
9.9
