
0.34769785
0.24739482999999998
-0.22853303
0.47592786
0.10030302
4.809523809523809

1.2934193200000002
0.29568273
-0.18744422
0.48312695
0.9977365899999999
9.0

0.12013759
0.04191462
-0.1391089
0.18102352
0.07822297
5.0

0.10524732
0.03639385
-0.11752955
0.1539234
0.06885347
5.0

0.11555878
0.03547708
-0.1202573
0.15573438
0.08008169999999999
5.0

0.16465517000000002
0.03621721
-0.09691038
0.13312759
0.12843796000000002
5.0

0.08800505
0.02133283
-0.07644630000000001
0.09777913
0.06667222
5.0

0.08155719
0.020785619999999998
-0.07945250999999999
0.10023813000000001
0.06077157
5.0

0.08066099
0.0239854
-0.08692864
0.11091403999999999
0.05667559
6.733333333333333

0.08751139999999999
0.02137698
-0.07887611
0.10025309
0.06613442
9.9
