
0.37189452
0.12519942
-0.25331645
0.37851587
0.2466951
4.809523809523809

0.53643835
0.40465546999999996
-0.16231999
0.56697546
0.13178288
9.0

0.11992046
0.043961629999999995
-0.13096821
0.17492984
0.07595883
5.0

0.117194
0.03972036
-0.11771237
0.15743273000000002
0.07747364
5.0

0.13909454000000002
0.06866404
-0.11755051
0.18621454999999998
0.0704305
5.0

0.21861521
0.02730571
-0.10045186
0.12775757000000001
0.1913095
5.0

0.08561945
0.026239119999999998
-0.08818848
0.1144276
0.05938033
5.0

0.26611053
0.01977453
-0.08319274
0.10296727
0.246336
5.0

0.061066209999999996
0.02079968
-0.07788477
0.09868444999999999
0.04026653
6.733333333333333

0.07218767
0.021058849999999997
-0.08492196
0.10598081
0.05112882
9.9
