
0.26976303
0.16937772
-0.25695823
0.42633595
0.10038530999999999
4.809523809523809

0.16694435000000002
0.061640129999999994
-0.15145428
0.21309441
0.10530422
9.0

0.17979736999999998
0.046990330000000004
-0.13570307
0.1826934
0.13280704000000002
5.0

0.12324333999999999
0.03792339
-0.12484026
0.16276364999999998
0.08531994999999999
5.0

0.11916347000000001
0.03301746
-0.11839558
0.15141304
0.08614601
5.0

0.10126107000000001
0.02796742
-0.08717669
0.11514411
0.07329364999999999
5.0

0.09182471
0.02676242
-0.08446385000000001
0.11122627
0.06506229
5.0

0.0774427
0.01824622
-0.08330598
0.1015522
0.05919648
5.0

0.08310334
0.02285627
-0.09002042
0.11287669
0.06024707
6.733333333333333

0.08670672
0.01848013
-0.09247427999999999
0.11095441
0.06822658999999999
9.9
