
0.20370427
0.09792341
-0.27296076
0.37088416999999996
0.10578086
4.809523809523809

0.16619982
0.05250887
-0.15327047
0.20577934
0.11369095
9.0

0.13357306
0.041246
-0.13930293
0.18054893
0.09232706
5.0

0.10720410000000001
0.036976089999999996
-0.10693894999999999
0.14391504000000002
0.07022801
5.0

0.13841241
0.04675139
-0.11583981
0.16259120000000002
0.09166102000000001
5.0

0.14105096
0.03450996
-0.12078069
0.15529065
0.106541
5.0

0.09180786
0.027833689999999998
-0.08267874
0.11051243
0.06397417
5.0

0.12235813000000001
0.02287561
-0.08378753
0.10666314
0.09948252
5.0

0.1775794
0.02405028
-0.07850475999999999
0.10255504
0.15352912
6.733333333333333

0.08316913000000001
0.01996488
-0.07610463
0.09606951
0.06320425
9.9
