
0.56211537
0.27072633
-0.37781855999999997
0.64854489
0.29138904
4.809523809523809

0.16345979000000002
0.06321932
-0.15865025
0.22186957000000002
0.10024047
9.0

0.10894593
0.034839550000000004
-0.14222785999999998
0.17706741
0.07410638
5.0

0.11129594999999999
0.03319657
-0.1261472
0.15934377
0.07809938000000001
5.0

0.15125059
0.03550735
-0.12167288000000001
0.15718023
0.11574324000000001
5.0

0.10153661
0.02707848
-0.08610445
0.11318292999999999
0.07445813000000001
5.0

0.08624424
0.02487299
-0.07740663
0.10227962
0.06137125
5.0

0.0703689
0.017483259999999997
-0.08535828999999999
0.10284155
0.05288564
5.0

0.17218982
0.02135062
-0.07964277
0.10099339
0.1508392
6.733333333333333

0.09484909
0.02122201
-0.08994447
0.11116648
0.07362708
9.9
