
26.3638239
26.1501765
11.4258537
14.724322800000001
0.2136474
1.0

30.165931
30.0291526
15.1392677
14.8898849
0.1367784
1.0

27.9209323
27.7202284
14.0049539
13.7152745
0.2007039
1.0

25.9657996
25.827443300000002
12.6526257
13.174817599999999
0.1383563
1.0

26.6984154
26.562652800000002
12.7638319
13.7988209
0.1357626
1.0

24.3216787
24.2318487
12.1807372
12.0511115
0.08983
1.0

25.455566899999997
25.3858912
13.1018436
12.2840476
0.0696757
1.0

24.5780525
24.5086527
12.4074533
12.1011994
0.0693998
1.0

24.8097417
24.7365871
12.2110586
12.5255285
0.0731546
1.0

25.1984304
25.1129912
12.7000734
12.4129178
0.08543919999999999
1.0
