
0.2053152
0.035847
-0.709477
0.745324
0.1694682
1.0

0.1207068
0.031796200000000004
-0.3950896
0.4268858
0.0889106
1.0

0.1345495
0.0422737
-0.4258025
0.4680762
0.0922758
1.0

0.11271089999999999
0.034184400000000004
-0.2606272
0.29481159999999995
0.0785265
1.0

0.14492639999999998
0.0400706
-0.27878040000000004
0.318851
0.1048558
1.0

0.4939315
0.3889702
-1.0221395
1.4111097
0.10496130000000001
1.0

0.1104813
0.0368334
-0.2561698
0.2930032
0.07364789999999999
1.0

0.0830527
0.0202815
-0.21918010000000002
0.2394616
0.0627712
1.0

0.14377720000000002
0.07492910000000001
-0.2216271
0.2965562
0.06884810000000001
1.0

0.11388889999999999
0.0517954
-0.212895
0.26469040000000005
0.0620935
1.0
