
0.2328624
0.044950199999999996
-0.8083541
0.8533043
0.1879122
1.0

0.1655904
0.0338083
-0.4265071
0.46031540000000004
0.1317821
1.0

0.1736462
0.048870800000000006
-0.5159691
0.5648399000000001
0.1247754
1.0

0.1367665
0.039180599999999996
-0.39228620000000003
0.4314668
0.09758589999999999
1.0

0.1195331
0.0342586
-0.3621448
0.3964034
0.0852745
1.0

0.4199643
0.33395990000000003
-0.36098909999999995
0.694949
0.0860044
1.0

0.13612429999999998
0.0298699
-0.4165138
0.4463837
0.1062544
1.0

0.08892119999999999
0.021291099999999997
-0.3274593
0.3487504
0.06763010000000001
1.0

0.12014889999999999
0.0261525
-0.3671454
0.39329790000000003
0.0939964
1.0

0.10111980000000001
0.024698599999999998
-0.3559283
0.38062690000000005
0.0764212
1.0
