
0.28533840000000005
0.0573641
-0.9012533
0.9586174000000001
0.2279743
1.0

0.11403360000000001
0.0415489
-0.3282545
0.3698034
0.0724847
1.0

0.13094519999999998
0.033456900000000005
-0.5146334
0.5480903
0.0974883
1.0

0.0866759
0.022505599999999997
-0.2648798
0.2873854
0.0641703
1.0

0.07190880000000001
0.0263997
-0.2106663
0.237066
0.0455091
1.0

0.0695378
0.017018400000000003
-0.2342679
0.25128629999999996
0.0525194
1.0

0.0643403
0.0165178
-0.2079657
0.2244835
0.0478225
1.0

0.0572197
0.0150639
-0.1947385
0.2098024
0.0421558
1.0

0.0634373
0.0167359
-0.2056843
0.2224202
0.046701400000000004
1.0

0.0537097
0.013696100000000001
-0.19306620000000002
0.20676229999999998
0.040013599999999996
1.0
