
0.2201642
0.0584953
-1.5606826
1.6191779
0.1616689
1.0

0.1429082
0.0318597
-0.355098
0.3869577
0.1110485
1.0

0.341595
0.2323854
-0.4264608
0.6588461999999999
0.1092096
1.0

0.12313589999999999
0.031348
-0.29816770000000004
0.3295157
0.09178789999999999
1.0

0.1501761
0.06876260000000001
-0.2813007
0.35006329999999997
0.0814135
1.0

0.10593
0.026011299999999998
-0.2689907
0.295002
0.0799187
1.0

0.11409230000000001
0.0291782
-0.279879
0.30905720000000003
0.0849141
1.0

0.1022704
0.0247519
-0.2496725
0.2744244
0.0775185
1.0

0.1723762
0.08677910000000001
-0.27286720000000003
0.3596463
0.08559710000000001
1.0

0.10099419999999999
0.024579
-0.2563482
0.2809272
0.0764152
1.0
