
0.3474853
0.0301895
-0.8845411
0.9147306
0.31729579999999996
1.0

0.1135208
0.0447739
-1.0648971999999999
1.1096711000000001
0.0687469
1.0

0.1678344
0.0960079
-0.3710732
0.46708109999999997
0.0718265
1.0

0.0797928
0.0217935
-0.277336
0.2991295
0.057999300000000004
1.0

0.1084701
0.0592716
-0.225138
0.2844096
0.0491985
1.0

0.0666705
0.0184618
-0.2363102
0.254772
0.0482087
1.0

0.0648402
0.0189556
-0.2098843
0.22883989999999998
0.0458846
1.0

0.0580108
0.0147719
-0.1959689
0.21074079999999998
0.043238900000000004
1.0

0.11504
0.06306880000000001
-0.209666
0.2727348
0.051971199999999995
1.0

0.0578961
0.0137106
-0.2019374
0.215648
0.0441855
1.0
