
0.17947529999999998
0.0339275
-0.8793965
0.913324
0.14554779999999998
1.0

0.1197421
0.048079800000000006
-1.0080126999999999
1.0560925
0.0716623
1.0

0.1752465
0.0804601
-0.4147252
0.4951853
0.09478639999999999
1.0

0.159713
0.08709339999999999
-0.2547015
0.3417949
0.0726196
1.0

0.09497119999999999
0.0275365
-0.2406354
0.2681719
0.0674347
1.0

0.3518636
0.2788035
-0.2590655
0.537869
0.0730601
1.0

0.08217
0.0220622
-0.24930970000000002
0.2713719
0.0601078
1.0

0.060186699999999996
0.0144151
-0.19834
0.2127551
0.045771599999999996
1.0

0.0834173
0.0234938
-0.2330401
0.2565339
0.0599235
1.0

0.0596285
0.015126200000000001
-0.2157407
0.23086689999999999
0.0445023
1.0
