
0.1755495
0.0293988
-0.6771206
0.7065194
0.14615070000000002
1.0

0.0900829
0.0207478
-0.3969879
0.4177357
0.06933510000000001
1.0

0.1439453
0.0504719
-0.5024244
0.5528963
0.0934734
1.0

0.0808009
0.0201521
-0.30017279999999996
0.3203249
0.0606488
1.0

0.0988405
0.047103900000000004
-0.2880453
0.33514920000000004
0.0517366
1.0

0.4343172
0.37850090000000003
-0.3198494
0.6983503000000001
0.055816300000000006
1.0

0.0658545
0.0168085
-0.2799795
0.296788
0.049046
1.0

0.06345680000000001
0.0156175
-0.26073620000000003
0.27635370000000004
0.0478393
1.0

0.0718037
0.0170614
-0.2763832
0.2934446
0.0547423
1.0

0.059835099999999995
0.0144476
-0.2584186
0.2728662
0.0453875
1.0
