
0.1934524
0.035115099999999996
-0.6542321999999999
0.6893473
0.1583373
1.0

0.1124694
0.029100400000000002
-0.341853
0.37095340000000004
0.083369
1.0

0.1321203
0.0357808
-0.40791120000000003
0.443692
0.0963395
1.0

0.1132195
0.0269328
-0.2898564
0.3167892
0.0862867
1.0

0.1102978
0.0319031
-0.2685121
0.3004152
0.0783947
1.0

0.1122508
0.0266078
-0.2810208
0.3076286
0.085643
1.0

0.1086361
0.0265911
-0.26328490000000004
0.289876
0.082045
1.0

0.097138
0.0218815
-0.2310522
0.25293370000000004
0.0752565
1.0

0.15137689999999998
0.0789004
-0.238356
0.31725640000000005
0.0724765
1.0

0.0945982
0.022544900000000003
-0.2352668
0.25781170000000003
0.0720533
1.0
