
0.1470724
0.0281703
-0.9343621
0.9625324000000001
0.11890210000000001
1.0

0.0895324
0.017678799999999998
-0.2897229
0.3074017
0.0718536
1.0

0.1892355
0.10728560000000001
-0.3849869
0.4922725
0.08194989999999999
1.0

0.3388083
0.26857759999999997
-0.27890329999999997
0.5474809
0.0702307
1.0

0.1022357
0.052596
-0.22560560000000002
0.2782016
0.049639699999999995
1.0

0.06781060000000001
0.0179713
-0.23644020000000002
0.2544115
0.0498393
1.0

0.0702747
0.0188317
-0.21397539999999998
0.23280710000000002
0.051443
1.0

0.08125560000000001
0.0353805
-0.1983842
0.23376470000000002
0.0458751
1.0

0.0640317
0.0164517
-0.46602
0.4824717
0.04758
1.0

0.0566761
0.0137398
-0.1907337
0.2044735
0.042936300000000004
1.0
