
0.32084409999999997
0.0320345
-0.6785686
0.7106030999999999
0.2888096
1.0

0.1111555
0.0230658
-0.3266853
0.3497511
0.08808969999999999
1.0

0.1489539
0.0552756
-0.4103159
0.4655915
0.0936783
1.0

0.0970491
0.0262069
-0.2624729
0.2886798
0.0708422
1.0

0.1085125
0.0536251
-0.2394538
0.29307890000000003
0.0548874
1.0

0.0791878
0.0186822
-0.2401981
0.2588803
0.0605056
1.0

0.08135110000000001
0.022788
-0.23060229999999998
0.2533903
0.0585631
1.0

0.0675323
0.01665
-0.2060922
0.2227422
0.050882300000000005
1.0

0.08179589999999999
0.019928599999999998
-0.22432770000000002
0.24425629999999998
0.0618673
1.0

0.0652712
0.0155125
-0.46948290000000004
0.4849954
0.049758699999999996
1.0
