
0.1465571
0.0280059
-0.9945969
1.0226028
0.1185512
1.0

0.07697839999999999
0.0197189
-1.0268061
1.046525
0.0572595
1.0

0.1602089
0.0623943
-0.34175459999999996
0.40414890000000003
0.0978146
1.0

0.0790482
0.0205204
-0.2710942
0.2916146
0.058527800000000005
1.0

0.0817174
0.0354696
-0.208966
0.2444356
0.046247800000000006
1.0

0.0661052
0.016882400000000002
-0.2351086
0.251991
0.049222800000000004
1.0

0.0672197
0.017751
-0.21488179999999998
0.2326328
0.0494687
1.0

0.061322800000000004
0.0141895
-0.1937946
0.2079841
0.0471333
1.0

0.2066384
0.1590113
-0.2061818
0.3651931
0.0476271
1.0

0.0596742
0.0152274
-0.192837
0.20806439999999998
0.0444468
1.0
