
0.17112360000000001
0.0272125
-0.7236975999999999
0.7509101
0.14391110000000001
1.0

0.0851749
0.02058
-0.345087
0.365667
0.0645949
1.0

0.1480149
0.0563474
-1.1601274
1.2164748
0.0916675
1.0

0.10191080000000001
0.041299199999999994
-0.2462976
0.2875968
0.0606116
1.0

0.0712457
0.0268786
-0.2144547
0.2413333
0.0443671
1.0

0.3000231
0.2547608
-0.22064070000000002
0.4754015
0.045262300000000005
1.0

0.0680496
0.017245299999999998
-0.2350893
0.2523346
0.050804300000000004
1.0

0.057414
0.0152137
-0.1987861
0.2139998
0.0422003
1.0

0.1079675
0.0602298
-0.20993610000000001
0.2701659
0.047737699999999994
1.0

0.0541524
0.0135557
-0.195489
0.2090447
0.0405967
1.0
