
0.3936115
0.2681686
-0.9864717
1.2546403000000002
0.1254429
1.0

0.08164510000000001
0.0214426
-0.3441263
0.36556890000000003
0.0602025
1.0

0.09221810000000001
0.0267254
-0.354924
0.3816494
0.0654927
1.0

0.1309911
0.0625242
-0.316904
0.3794282
0.0684669
1.0

0.0860512
0.024219900000000003
-0.2514872
0.2757071
0.061831300000000006
1.0

0.0981312
0.018954099999999998
-0.2223931
0.2413472
0.0791771
1.0

0.0658996
0.0171323
-0.2415338
0.2586661
0.0487673
1.0

0.0577547
0.0149117
-0.2292668
0.2441785
0.042843
1.0

0.08184910000000001
0.0333058
-0.2150042
0.24831
0.048543300000000005
1.0

0.059026699999999994
0.0151721
-0.2013605
0.21653260000000002
0.0438546
1.0
