
0.1850467
0.0363827
-0.8440196
0.8804023000000001
0.148664
1.0

0.1186154
0.0276459
-0.3422565
0.3699024
0.0909695
1.0

0.25589629999999997
0.16141139999999998
-0.39978990000000003
0.5612013
0.0944849
1.0

0.1373235
0.047194599999999996
-0.30288309999999996
0.3500777
0.0901289
1.0

0.1038183
0.028205099999999997
-0.2415765
0.26978159999999995
0.07561319999999999
1.0

0.1105597
0.0249184
-0.2829542
0.3078726
0.0856413
1.0

0.1331925
0.0432535
-0.2969155
0.340169
0.089939
1.0

0.0899822
0.0210418
-0.2282941
0.2493359
0.0689404
1.0

0.1507261
0.0719333
-0.2728377
0.344771
0.0787928
1.0

0.0749714
0.0170005
-0.2161079
0.2331084
0.0579709
1.0
