
0.1750144
0.0311046
-1.1189664
1.150071
0.14390979999999998
1.0

0.12274
0.0317759
-0.3669229
0.39869879999999996
0.0909641
1.0

0.180186
0.08576560000000001
-0.39844409999999997
0.4842097
0.09442039999999999
1.0

0.1069475
0.027317099999999997
-0.27526409999999996
0.3025812
0.07963039999999999
1.0

0.11600830000000001
0.0471508
-0.2484952
0.295646
0.0688575
1.0

0.09946089999999999
0.0219412
-0.2577882
0.2797294
0.0775197
1.0

0.1017031
0.025497099999999998
-0.2723016
0.2977987
0.076206
1.0

0.08076280000000001
0.0196707
-0.22209220000000002
0.2417629
0.061092099999999996
1.0

0.1435574
0.0766574
-0.2260325
0.3026899
0.0669
1.0

0.0751807
0.0172064
-0.2119593
0.2291657
0.0579743
1.0
