
0.1797456
0.031043
-0.61055
0.641593
0.14870260000000002
1.0

0.09735360000000001
0.0263492
-0.31940559999999996
0.3457548
0.0710044
1.0

0.14428370000000001
0.0450697
-0.38130240000000004
0.4263721
0.099214
1.0

0.097199
0.0243553
-0.2534758
0.2778311
0.0728437
1.0

0.1272215
0.054802199999999995
-0.9980491
1.0528513000000002
0.0724193
1.0

0.0978533
0.02372
-0.2583981
0.2821181
0.0741333
1.0

0.0808561
0.020331099999999998
-0.2505949
0.270926
0.060525
1.0

0.058958699999999996
0.014136600000000001
-0.1967917
0.21092829999999999
0.0448221
1.0

0.06715639999999999
0.017109799999999998
-0.2090564
0.2261662
0.0500466
1.0

0.0608402
0.0144636
-0.206215
0.2206786
0.0463766
1.0
