
0.2625866
0.13625420000000002
-0.6708067
0.8070609
0.12633239999999998
1.0

0.07841569999999999
0.0192251
-0.3051584
0.3243835
0.059190599999999996
1.0

0.157207
0.0485968
-1.1459953
1.1945921000000002
0.1086102
1.0

0.0854821
0.0258288
-0.2527704
0.2785992
0.059653300000000006
1.0

0.073554
0.0275473
-0.2220448
0.2495921
0.0460067
1.0

0.0661101
0.017268099999999998
-0.2310603
0.2483284
0.048842
1.0

0.0679492
0.0182152
-0.2362619
0.2544771
0.049734
1.0

0.08953639999999999
0.0468319
-0.1928555
0.2396874
0.0427045
1.0

0.0643922
0.0159795
-0.21082979999999998
0.2268093
0.048412699999999996
1.0

0.060110199999999996
0.0166731
-0.4657587
0.48243179999999997
0.0434371
1.0
