
0.2001717
0.036485300000000005
-0.8199909000000001
0.8564761999999999
0.16368639999999998
1.0

0.2170757
0.1227419
-0.3330227
0.45576459999999996
0.09433380000000001
1.0

0.1729223
0.0761528
-0.3959763
0.47212909999999997
0.0967695
1.0

0.14491179999999998
0.0572304
-0.3140007
0.3712311
0.08768139999999999
1.0

0.0926912
0.0242365
-0.26325109999999996
0.28748759999999995
0.0684547
1.0

0.34529709999999997
0.27204690000000004
-0.29641090000000003
0.5684578
0.0732502
1.0

0.09577060000000001
0.022406099999999998
-1.0422699
1.064676
0.0733645
1.0

0.0944037
0.024082799999999998
-0.2394696
0.2635524
0.07032089999999999
1.0

0.0943433
0.0218909
-0.2325803
0.2544712
0.0724524
1.0

0.0776085
0.0178565
-0.21655760000000002
0.23441410000000001
0.059752
1.0
