
0.16695420000000002
0.029585
-0.5965404
0.6261254
0.13736920000000002
1.0

0.0803316
0.02116
-0.32397529999999997
0.3451353
0.0591716
1.0

0.1120541
0.0308317
-0.35680470000000003
0.38763640000000005
0.0812224
1.0

0.0895416
0.026363900000000003
-0.4413028
0.4676667
0.0631777
1.0

0.096094
0.039612699999999994
-0.23896810000000002
0.27858079999999996
0.056481300000000005
1.0

0.0732338
0.0184233
-0.2390553
0.2574786
0.0548105
1.0

0.06786589999999999
0.0162049
-0.2252188
0.24142370000000002
0.051661
1.0

0.0555645
0.014035200000000001
-0.1943549
0.2083901
0.041529300000000005
1.0

0.1056826
0.058722300000000005
-0.2083096
0.26703190000000004
0.0469603
1.0

0.0553312
0.014343799999999999
-0.19937739999999998
0.2137212
0.0409874
1.0
