
0.1632945
0.0283396
-0.5912953000000001
0.6196349
0.1349549
1.0

0.0720503
0.019142
-0.30853959999999997
0.32768159999999996
0.052908300000000005
1.0

0.1559659
0.0727245
-0.38085290000000005
0.4535774
0.0832414
1.0

0.08065019999999999
0.0213513
-0.243023
0.2643743
0.0592989
1.0

0.0889007
0.042156
-0.9619321999999999
1.0040882
0.0467447
1.0

0.0629844
0.0160472
-0.2250844
0.2411316
0.0469372
1.0

0.1063806
0.0565084
-0.23107460000000002
0.287583
0.0498722
1.0

0.056053599999999995
0.0147108
-0.193666
0.2083768
0.041342800000000006
1.0

0.10965789999999999
0.0619319
-0.2165825
0.27851440000000005
0.047726
1.0

0.0582655
0.015259700000000001
-0.2042713
0.219531
0.043005800000000004
1.0
