
0.2434283
0.035718099999999996
-0.6461803
0.6818984
0.2077102
1.0

0.12673589999999998
0.026984400000000002
-0.3604193
0.3874037
0.0997515
1.0

0.11899230000000001
0.0358928
-0.341617
0.3775098
0.0830995
1.0

0.1894229
0.09766280000000001
-0.4464149
0.5440777
0.09176010000000001
1.0

0.1110743
0.029957400000000002
-0.2608874
0.2908448
0.08111689999999999
1.0

0.3525371
0.27180190000000004
-0.2813504
0.5531523
0.0807352
1.0

0.1028282
0.0250343
-0.2861209
0.3111552
0.0777939
1.0

0.08931789999999999
0.0227278
-0.2282507
0.2509785
0.0665901
1.0

0.189215
0.1121283
-0.246301
0.3584293
0.0770867
1.0

0.0920043
0.022067299999999998
-0.22632660000000002
0.2483939
0.069937
1.0
