
0.1607825
0.026898
-0.8189987
0.8458967
0.1338845
1.0

0.0686592
0.016834099999999998
-0.26786509999999997
0.2846992
0.0518251
1.0

0.193596
0.1145239
-0.3584596
0.4729835
0.0790721
1.0

0.1133417
0.048780699999999996
-0.2775125
0.3262932
0.064561
1.0

0.09117839999999999
0.044262800000000005
-0.2186783
0.2629411
0.0469156
1.0

0.0842036
0.037697
-0.9258345
0.9635315
0.046506599999999995
1.0

0.0684757
0.0203075
-0.24306270000000002
0.2633702
0.048168199999999994
1.0

0.0558014
0.0144459
-0.1935741
0.20802
0.0413555
1.0

0.0672358
0.0179717
-0.206982
0.2249537
0.0492641
1.0

0.0589825
0.0156247
-0.214133
0.2297577
0.0433578
1.0
