
0.1749768
0.0380578
-1.3484573999999998
1.3865152
0.136919
1.0

0.08001910000000001
0.0201197
-0.32774709999999996
0.3478668
0.0598994
1.0

0.128577
0.0433032
-0.3922077
0.43551090000000003
0.0852738
1.0

0.0822792
0.0203571
-0.2444685
0.2648256
0.0619221
1.0

0.0838618
0.035381
-0.2271355
0.2625165
0.048480800000000004
1.0

0.36358270000000004
0.31700059999999997
-0.2323316
0.5493321999999999
0.0465821
1.0

0.067568
0.016068799999999998
-0.2159394
0.2320082
0.051499199999999995
1.0

0.0587931
0.0153416
-0.1947939
0.2101355
0.0434515
1.0

0.17865879999999998
0.1315085
-0.19934960000000002
0.3308581
0.047150300000000006
1.0

0.054728599999999995
0.013743700000000001
-0.1909844
0.2047281
0.040984900000000005
1.0
