
0.2375625
0.11198960000000001
-0.9390147
1.0510043
0.1255729
1.0

0.12928589999999998
0.032870300000000005
-0.925865
0.9587353000000001
0.0964156
1.0

0.2542164
0.1866715
-0.3432227
0.5298942
0.06754489999999999
1.0

0.16829070000000002
0.0899003
-0.312691
0.4025913
0.0783904
1.0

0.1226325
0.0665178
-0.2325991
0.2991169
0.056114699999999997
1.0

0.3040443
0.2567667
-0.2241496
0.48091629999999996
0.047277599999999996
1.0

0.067696
0.0172433
-0.2378432
0.2550865
0.050452699999999996
1.0

0.056630400000000004
0.01489
-0.2060767
0.22096670000000002
0.041740400000000004
1.0

0.1090175
0.0602667
-0.22268670000000002
0.2829534
0.048750800000000004
1.0

0.054459099999999996
0.013986700000000001
-0.20040460000000002
0.21439129999999998
0.0404724
1.0
