
0.1574122
0.02811
-0.9906024
1.0187124
0.1293022
1.0

0.1120277
0.0246484
-0.3465508
0.3711992
0.08737930000000001
1.0

0.13718139999999998
0.0525729
-0.37263559999999996
0.4252085
0.0846085
1.0

0.1319199
0.0579475
-0.2669034
0.3248509
0.0739724
1.0

0.0987287
0.0297299
-0.2386
0.2683299
0.0689988
1.0

0.36614009999999997
0.3097603
-0.23624720000000002
0.5460075
0.0563798
1.0

0.08748539999999999
0.024139
-0.2486671
0.2728061
0.0633464
1.0

0.0629495
0.0162935
-0.2015699
0.21786339999999998
0.046656
1.0

0.1319994
0.0772202
-0.222434
0.29965420000000004
0.0547792
1.0

0.0691707
0.0167277
-0.2064265
0.22315420000000002
0.052443
1.0
