
0.165595
0.028632099999999997
-0.9482231999999999
0.9768553000000001
0.1369629
1.0

0.0956754
0.0200415
-0.3438675
0.363909
0.07563389999999999
1.0

0.0984287
0.0325297
-0.34458059999999996
0.3771103
0.065899
1.0

0.08907810000000001
0.0230885
-0.2819828
0.3050713
0.06598960000000001
1.0

0.0909025
0.037004699999999995
-0.23827779999999998
0.2752825
0.0538978
1.0

0.4627752
0.3292394
-0.22513460000000002
0.554374
0.13353579999999998
1.0

0.0743585
0.0178885
-0.2497802
0.26766870000000004
0.05647
1.0

0.0578491
0.0155518
-0.1957102
0.211262
0.0422973
1.0

0.1325195
0.0858286
-0.2132349
0.2990635
0.0466909
1.0

0.0558273
0.0148926
-0.19222370000000003
0.20711629999999998
0.0409347
1.0
