
0.1465796
0.0274854
-0.6048867
0.6323721
0.1190942
1.0

0.0777369
0.0213621
-0.2970259
0.318388
0.0563748
1.0

0.12988460000000002
0.0516212
-0.43870529999999996
0.4903265
0.0782634
1.0

0.17205120000000002
0.1036684
-0.3306682
0.43433659999999996
0.06838280000000001
1.0

0.10942389999999999
0.060818800000000006
-0.9145655
0.9753843000000001
0.0486051
1.0

0.3552316
0.3065218
-0.2251185
0.5316403000000001
0.048709800000000004
1.0

0.0686378
0.0172947
-0.23884460000000002
0.2561393
0.051343099999999996
1.0

0.059378
0.0148385
-0.21019079999999998
0.2250293
0.0445395
1.0

0.0673618
0.0182344
-0.3185057
0.3367401
0.0491274
1.0

0.0549802
0.0143089
-0.192327
0.20663589999999998
0.0406713
1.0
