
0.1544729
0.0279749
-0.5879717
0.6159466
0.126498
1.0

0.10660489999999999
0.026960099999999997
-0.3397279
0.366688
0.0796448
1.0

0.17793910000000002
0.08788839999999999
-0.3692102
0.45709859999999997
0.0900507
1.0

0.3030409
0.21785870000000002
-0.3062428
0.5241015
0.0851822
1.0

0.11088060000000001
0.032214400000000004
-0.298311
0.3305254
0.07866619999999999
1.0

0.4042017
0.3387327
-0.2557723
0.594505
0.065469
1.0

0.0820852
0.0209679
-0.24908229999999998
0.2700502
0.061117300000000006
1.0

0.0785949
0.0181833
-0.2219469
0.24013020000000002
0.060411599999999996
1.0

0.0905603
0.0220583
-0.2362689
0.25832720000000003
0.068502
1.0

0.0702116
0.017520900000000002
-0.2271774
0.24469829999999998
0.0526907
1.0
