
0.18194729999999998
0.0312613
-0.7075707
0.738832
0.150686
1.0

0.11382
0.022939400000000002
-0.3364592
0.35939859999999996
0.0908806
1.0

0.3148057
0.229167
-0.37188790000000005
0.6010549000000001
0.0856387
1.0

0.1008055
0.0350645
-0.27511040000000003
0.31017490000000003
0.065741
1.0

0.0868752
0.031790900000000004
-0.2237796
0.2555705
0.0550843
1.0

0.3073457
0.25567439999999997
-0.2264858
0.48216020000000004
0.0516713
1.0

0.0707397
0.0176099
-0.233837
0.2514469
0.053129800000000005
1.0

0.0655373
0.0161269
-0.2041525
0.2202794
0.0494104
1.0

0.0670315
0.0171708
-0.8835438000000001
0.9007146
0.049860699999999994
1.0

0.0565864
0.0136341
-0.1927853
0.2064194
0.042952300000000006
1.0
