
0.1751462
0.029425299999999998
-0.8216806
0.8511059
0.1457209
1.0

0.07373260000000001
0.019359900000000003
-0.3001463
0.3195062
0.054372699999999996
1.0

0.1908022
0.10455389999999999
-0.3799281
0.484482
0.0862483
1.0

0.1532869
0.0853406
-0.33361490000000005
0.4189555
0.0679463
1.0

0.0673375
0.019679400000000003
-0.21624939999999998
0.2359288
0.0476581
1.0

0.08942560000000001
0.0362696
-0.23712170000000002
0.2733913
0.053156
1.0

0.0687476
0.0183073
-0.2347803
0.2530876
0.0504403
1.0

0.057702699999999996
0.0152171
-0.19591139999999999
0.2111285
0.0424856
1.0

0.06628239999999999
0.019108200000000002
-0.21779510000000002
0.23690329999999998
0.0471742
1.0

0.0536338
0.0133407
-0.1923092
0.2056499
0.0402931
1.0
