
0.15887089999999998
0.0270962
-0.6905595
0.7176557
0.13177470000000002
1.0

0.0793764
0.0198054
-0.3063034
0.3261088
0.059571
1.0

0.1348414
0.0579031
-0.3832502
0.44115329999999997
0.0769383
1.0

0.0907233
0.0234261
-0.2736717
0.29709779999999997
0.0672972
1.0

0.10663660000000001
0.041701199999999994
-0.24278670000000002
0.2844879
0.0649354
1.0

0.36030870000000004
0.30966459999999996
-0.2366839
0.5463485
0.0506441
1.0

0.09430939999999999
0.0192709
-0.2481356
0.2674065
0.0750385
1.0

0.0657772
0.0162146
-0.2057494
0.221964
0.0495626
1.0

0.1512756
0.0968232
-0.2227011
0.3195243
0.0544524
1.0

0.0564025
0.015734
-0.20213779999999998
0.21787179999999998
0.0406685
1.0
