
0.2286236
0.035361699999999996
-0.7141772
0.7495389
0.1932619
1.0

0.12117960000000001
0.029676900000000003
-0.3351706
0.3648475
0.09150269999999999
1.0

0.2208822
0.1136312
-0.3782816
0.4919128
0.107251
1.0

0.1511083
0.0651127
-0.2967681
0.3618808
0.0859956
1.0

0.1612482
0.08958260000000001
-0.2561551
0.34573770000000004
0.07166560000000001
1.0

0.38447570000000003
0.3176577
-0.2491179
0.5667755999999999
0.066818
1.0

0.098073
0.0227553
-0.26703109999999997
0.2897864
0.0753177
1.0

0.0867033
0.019185900000000002
-0.2408869
0.2600728
0.06751739999999999
1.0

0.0877153
0.0203337
-0.2313179
0.25165160000000003
0.0673816
1.0

0.0753152
0.0169167
-0.21294670000000002
0.2298634
0.0583985
1.0
