
0.1835194
0.0412194
-1.1945475
1.2357669
0.1423
1.0

0.0781187
0.021133799999999998
-0.30240290000000003
0.3235367
0.0569849
1.0

0.1081998
0.047817
-0.3298441
0.37766109999999997
0.0603828
1.0

0.07678030000000001
0.0214386
-0.4304496
0.4518882
0.055341699999999994
1.0

0.0698618
0.0197809
-0.21573620000000002
0.2355171
0.050080900000000005
1.0

0.061149699999999994
0.0163406
-0.2319362
0.2482768
0.0448091
1.0

0.0774785
0.0281612
-0.2458154
0.27397659999999996
0.0493173
1.0

0.0603114
0.0151311
-0.8346121999999999
0.8497433000000001
0.0451803
1.0

0.0726416
0.019725200000000002
-0.2322434
0.2519686
0.0529164
1.0

0.0565867
0.0140202
-0.1959145
0.2099347
0.0425665
1.0
