
0.1786276
0.0296963
-0.7184029000000001
0.7480992
0.1489313
1.0

0.08399039999999999
0.021032
-0.2768997
0.2979317
0.0629584
1.0

0.1759683
0.0869822
-0.4982683
0.5852505
0.08898610000000001
1.0

0.1349298
0.059676099999999996
-0.4505809
0.510257
0.07525369999999999
1.0

0.11403039999999999
0.0339095
-0.2436172
0.2775267
0.0801209
1.0

0.10076460000000001
0.022403700000000002
-0.2601795
0.28258320000000003
0.0783609
1.0

0.09339639999999999
0.0300655
-0.2478132
0.27787870000000003
0.0633309
1.0

0.060496
0.0151244
-0.21187989999999998
0.2270043
0.0453716
1.0

0.1130366
0.062252800000000004
-0.22200579999999998
0.2842586
0.050783800000000004
1.0

0.0599151
0.0144872
-0.2047089
0.2191961
0.0454279
1.0
