
0.1604285
0.0313813
-0.6671961
0.6985774
0.1290472
1.0

0.1726836
0.1064029
-0.32122870000000003
0.4276316
0.0662807
1.0

0.1351483
0.030599599999999998
-0.35080490000000003
0.3814045
0.1045487
1.0

0.095409
0.0239827
-0.2451464
0.26912909999999995
0.0714263
1.0

0.07467069999999999
0.0214569
-0.2253063
0.24676320000000002
0.053213800000000006
1.0

0.30405259999999995
0.2526076
-0.22800020000000001
0.4806078
0.051445
1.0

0.0764159
0.021219599999999998
-0.2454574
0.266677
0.055196300000000004
1.0

0.06842039999999999
0.0178339
-0.2131458
0.2309797
0.0505865
1.0

0.180872
0.13146529999999998
-0.2341943
0.3656596
0.0494067
1.0

0.0643765
0.015338899999999999
-0.20066379999999998
0.21600270000000002
0.0490376
1.0
