
0.1752611
0.035531599999999997
-0.6623745999999999
0.6979061999999999
0.1397295
1.0

0.1241583
0.06119
-0.28315229999999997
0.3443423
0.0629683
1.0

0.0852542
0.0225023
-0.333441
0.35594329999999996
0.0627519
1.0

0.2757791
0.21336429999999998
-0.27612570000000003
0.48949
0.0624148
1.0

0.0799414
0.0230807
-0.23337070000000001
0.2564514
0.0568607
1.0

0.0805193
0.015849600000000002
-0.2292626
0.2451122
0.0646697
1.0

0.06899860000000001
0.0170842
-1.0294818000000001
1.046566
0.0519144
1.0

0.057042300000000004
0.0139165
-0.2020395
0.215956
0.043125800000000006
1.0

0.1285923
0.0788916
-0.2305725
0.30946409999999996
0.0497007
1.0

0.0577705
0.014302200000000001
-0.194606
0.20890820000000002
0.0434683
1.0
