
0.1462767
0.0280423
-0.9285882
0.9566305
0.11823439999999999
1.0

0.0712439
0.018757700000000002
-0.2806445
0.2994022
0.0524862
1.0

0.1407997
0.06496640000000001
-0.3629697
0.4279361
0.0758333
1.0

0.0791217
0.021664700000000002
-0.42410240000000005
0.44576709999999997
0.057457
1.0

0.0690063
0.021547200000000002
-0.2212934
0.24284060000000002
0.0474591
1.0

0.0616448
0.017014
-0.2291341
0.2461481
0.044630800000000005
1.0

0.0692517
0.0188694
-0.2413846
0.260254
0.050382300000000005
1.0

0.0586908
0.0154071
-0.2000083
0.2154154
0.043283699999999994
1.0

0.1166695
0.0638338
-0.22091070000000002
0.2847445
0.0528357
1.0

0.0549701
0.0139718
-0.1978292
0.211801
0.0409983
1.0
