
0.19852070000000002
0.035234699999999994
-0.7004674000000001
0.7357021
0.163286
1.0

0.11690039999999999
0.0266954
-0.31537129999999997
0.3420667
0.090205
1.0

0.1242327
0.032699599999999995
-0.42095479999999996
0.4536544
0.0915331
1.0

0.3470465
0.2516024
-0.3029188
0.5545211999999999
0.0954441
1.0

0.1114688
0.031493
-0.2645078
0.2960008
0.0799758
1.0

0.1010462
0.0237123
-0.2642238
0.2879361
0.0773339
1.0

0.1159583
0.0244613
-0.2840839
0.3085452
0.091497
1.0

0.0948248
0.0221317
-0.24199120000000002
0.26412290000000005
0.07269310000000001
1.0

0.1088303
0.0258535
-0.2693068
0.2951603
0.0829768
1.0

0.0948657
0.0224477
-0.2338689
0.2563166
0.072418
1.0
