
0.2307909
0.0661652
-0.9152466
0.9814118000000001
0.1646257
1.0

0.11129889999999999
0.024987
-0.3318912
0.35687820000000003
0.0863119
1.0

0.10832069999999999
0.0245467
-0.31897790000000004
0.34352459999999996
0.083774
1.0

0.1216995
0.0453396
-0.2465201
0.2918597
0.0763599
1.0

0.0951973
0.0251032
-0.23985710000000002
0.2649603
0.0700941
1.0

0.0872546
0.0192984
-0.23967929999999998
0.25897770000000003
0.0679562
1.0

0.1002006
0.0247069
-0.26517759999999996
0.2898845
0.0754937
1.0

0.0749768
0.017638400000000002
-0.2171763
0.23481470000000002
0.057338400000000005
1.0

0.1432823
0.07569769999999999
-0.23870329999999998
0.314401
0.06758460000000001
1.0

0.0748519
0.0173362
-0.2092511
0.2265873
0.057515699999999996
1.0
