
0.1866029
0.0473451
-0.6252941999999999
0.6726393
0.1392578
1.0

0.10843939999999999
0.0274024
-0.3664622
0.39386459999999995
0.081037
1.0

0.1094925
0.0267875
-0.354897
0.3816845
0.082705
1.0

0.11925619999999999
0.0557086
-0.2309851
0.2866937
0.0635476
1.0

0.0808843
0.023940700000000002
-0.2411304
0.2650711
0.0569436
1.0

0.0820768
0.0190839
-0.2437436
0.2628275
0.0629929
1.0

0.0769082
0.0206477
-0.24838729999999998
0.269035
0.0562605
1.0

0.0673395
0.0173935
-0.2150103
0.2324038
0.049946
1.0

0.0843835
0.0214159
-0.2365523
0.25796820000000004
0.0629676
1.0

0.06370680000000001
0.0156821
-0.20764570000000002
0.2233278
0.0480247
1.0
