
0.22922520000000002
0.0631618
-0.7407005
0.8038623
0.1660634
1.0

0.1659843
0.0537772
-0.35276820000000003
0.4065454
0.1122071
1.0

0.1105997
0.0335929
-0.3262753
0.3598682
0.0770068
1.0

0.1190647
0.0375761
-0.260623
0.2981991
0.08148860000000001
1.0

0.0919682
0.0262492
-0.9454056999999999
0.9716549
0.065719
1.0

0.08595269999999999
0.020680900000000002
-0.26146179999999997
0.2821427
0.0652718
1.0

0.0934525
0.0236106
-0.2539743
0.2775849
0.0698419
1.0

0.0790885
0.019366
-0.2223645
0.2417305
0.0597225
1.0

0.08894919999999999
0.018883900000000002
-0.2317305
0.2506144
0.0700653
1.0

0.074425
0.017740799999999998
-0.2133109
0.2310517
0.0566842
1.0
