
0.19779439999999998
0.036734199999999995
-0.7438384
0.7805726
0.16106020000000001
1.0

0.1183284
0.029801900000000003
-0.43752559999999996
0.4673275
0.0885265
1.0

0.1417976
0.046761
-0.3972682
0.4440292
0.09503660000000001
1.0

0.1016708
0.028122099999999997
-0.25486220000000004
0.28298429999999997
0.0735487
1.0

0.1192092
0.054430900000000004
-0.2415996
0.2960305
0.0647783
1.0

0.09244989999999999
0.0210776
-0.26621059999999996
0.2872882
0.0713723
1.0

0.09547169999999999
0.023311400000000003
-0.9368059
0.9601173000000001
0.0721603
1.0

0.0664825
0.015989200000000002
-0.2095945
0.2255837
0.050493300000000005
1.0

0.1272955
0.06710160000000001
-0.2260353
0.29313690000000003
0.0601939
1.0

0.0708003
0.0172825
-0.21992879999999998
0.23721129999999999
0.053517800000000004
1.0
