
0.2016439
0.0349086
-0.854589
0.8894976
0.16673529999999998
1.0

0.1198158
0.0304936
-1.2610382
1.2915318
0.08932219999999999
1.0

0.1174673
0.030255599999999997
-0.3802032
0.4104588
0.0872117
1.0

0.0973189
0.025586
-0.2612202
0.2868062
0.07173289999999999
1.0

0.0952292
0.0281839
-0.2679666
0.2961505
0.0670453
1.0

0.3197124
0.2563937
-0.2551554
0.5115491
0.06331869999999999
1.0

0.0893814
0.0212162
-0.2431689
0.2643851
0.0681652
1.0

0.0756161
0.018001700000000002
-0.2286219
0.2466236
0.0576144
1.0

0.07849980000000001
0.020178599999999998
-0.2533836
0.27356220000000003
0.0583212
1.0

0.0742109
0.0172295
-0.2852907
0.3025202
0.0569814
1.0
