
0.180241
0.0454449
-1.7622254
1.8076703
0.1347961
1.0

0.11099239999999999
0.0432597
-0.3886253
0.431885
0.06773269999999999
1.0

0.13883179999999998
0.0472347
-0.4172296
0.4644643
0.0915971
1.0

0.1136796
0.039552800000000006
-0.35203209999999996
0.3915849
0.0741268
1.0

0.1852321
0.0281169
-0.2578548
0.2859717
0.1571152
1.0

0.1000407
0.0247137
-0.2706143
0.295328
0.075327
1.0

0.0730552
0.0174482
-0.2374018
0.25485
0.055607
1.0

0.06743980000000001
0.0165868
-0.2217461
0.2383329
0.050853
1.0

0.11868110000000001
0.0654102
-0.2720268
0.337437
0.0532709
1.0

0.0639571
0.016909599999999997
-0.2778561
0.2947657
0.0470475
1.0
