
0.1360853
0.0268322
-0.6584248
0.685257
0.1092531
1.0

0.1150813
0.0300785
-0.43763820000000003
0.4677167
0.0850028
1.0

0.0882607
0.0229488
-0.3077747
0.3307235
0.0653119
1.0

0.08276639999999999
0.0224288
-0.23373939999999999
0.2561682
0.0603376
1.0

0.0709344
0.0210767
-0.2155268
0.2366035
0.0498577
1.0

0.36617259999999996
0.3134074
-0.2395301
0.5529375
0.0527652
1.0

0.0705697
0.0168534
-0.21928579999999998
0.23613920000000002
0.0537163
1.0

0.05744
0.0142768
-0.1975519
0.2118287
0.0431632
1.0

0.07009760000000001
0.0212058
-0.2101776
0.2313834
0.048891800000000006
1.0

0.0546943
0.014340799999999999
-0.19352170000000002
0.2078625
0.0403535
1.0
