
0.2311176
0.0433694
-0.7248285999999999
0.768198
0.1877482
1.0

0.1608167
0.058773900000000004
-0.40546879999999996
0.4642427
0.1020428
1.0

0.1267085
0.0375975
-0.31105190000000005
0.3486494
0.089111
1.0

0.14450179999999999
0.0639452
-0.281844
0.3457892
0.0805566
1.0

0.1712629
0.0826608
-0.2783067
0.3609675
0.0886021
1.0

0.12128219999999999
0.042749
-0.9556576
0.9984065999999999
0.0785332
1.0

0.1081824
0.0272975
-0.27648670000000003
0.3037842
0.0808849
1.0

0.099534
0.0230485
-0.2472437
0.27029220000000004
0.0764855
1.0

0.1114748
0.024646
-0.26641529999999997
0.29106129999999997
0.0868288
1.0

0.111717
0.0261695
-0.2516916
0.27786109999999997
0.0855475
1.0
