
0.1632877
0.036213699999999995
-0.7977181
0.8339318
0.127074
1.0

0.0973976
0.0252893
-0.3992754
0.4245647
0.0721083
1.0

0.0956992
0.02435
-0.3557858
0.38013579999999997
0.0713492
1.0

0.1667887
0.0922967
-0.32993890000000003
0.4222356
0.074492
1.0

0.1695534
0.1052574
-0.2839855
0.3892429
0.064296
1.0

0.0677888
0.0177815
-0.2399451
0.25772660000000003
0.050007300000000005
1.0

0.0685597
0.0170147
-0.2285495
0.2455642
0.051545
1.0

0.057826800000000005
0.013881600000000001
-0.20406329999999998
0.2179449
0.0439452
1.0

0.1089966
0.0628003
-0.20515570000000002
0.267956
0.0461963
1.0

0.0566449
0.014885
-0.2005893
0.21547429999999998
0.0417599
1.0
