
0.2824636
0.0660338
-1.0163701
1.0824038999999999
0.21642979999999998
1.0

0.2842008
0.15691360000000001
-0.6098295
0.7667431
0.1272872
1.0

0.1760009
0.0510159
-0.6340829
0.6850988
0.124985
1.0

0.1932679
0.0725398
-0.4583285
0.5308683000000001
0.1207281
1.0

0.202999
0.08953739999999999
-0.4454996
0.535037
0.11346160000000001
1.0

0.1430704
0.0313024
-0.4149798
0.4462822
0.111768
1.0

0.1344445
0.029609299999999998
-0.3528384
0.3824477
0.1048352
1.0

0.1398988
0.0315681
-0.3169425
0.3485106
0.1083307
1.0

0.19030329999999998
0.0872005
-0.3204816
0.4076821
0.10310280000000001
1.0

0.1216303
0.025515799999999998
-0.2911764
0.31669220000000003
0.0961145
1.0
