
0.1510564
0.0412402
-0.8031250999999999
0.8443653000000001
0.1098162
1.0

0.10277939999999999
0.0334066
-0.43758440000000004
0.470991
0.0693728
1.0

0.1049859
0.0325074
-0.3969865
0.42949390000000004
0.0724785
1.0

0.0788917
0.022135099999999998
-0.248922
0.2710571
0.0567566
1.0

0.0675366
0.0195378
-0.2238585
0.24339629999999998
0.0479988
1.0

0.3034611
0.25436970000000003
-0.23832789999999998
0.49269759999999996
0.0490914
1.0

0.0630387
0.015582299999999999
-0.213752
0.2293343
0.0474564
1.0

0.0623207
0.0169219
-0.8089299
0.8258518
0.0453988
1.0

0.0665007
0.0171267
-0.2201085
0.2372352
0.049374
1.0

0.0591852
0.0159377
-0.2051036
0.2210413
0.0432475
1.0
