
0.14391510000000002
0.030998599999999998
-1.5493611999999999
1.5803598
0.1129165
1.0

0.12289489999999999
0.0462726
-0.3882677
0.4345403
0.0766223
1.0

0.1053764
0.0286363
-0.33404870000000003
0.362685
0.0767401
1.0

0.113811
0.0509729
-0.2973746
0.3483475
0.0628381
1.0

0.0694432
0.0205973
-0.2385976
0.2591949
0.048845900000000005
1.0

0.06713010000000001
0.017309099999999997
-0.2400753
0.2573844
0.049821
1.0

0.17674120000000001
0.125015
-0.2260681
0.3510831
0.0517262
1.0

0.056307800000000005
0.014018
-0.2013867
0.2154047
0.0422898
1.0

0.1239195
0.0790083
-0.2827253
0.3617336
0.0449112
1.0

0.0579903
0.015032
-0.27191309999999996
0.28694509999999995
0.042958300000000005
1.0
