
0.165811
0.053758099999999996
-0.6361266999999999
0.6898848000000001
0.1120529
1.0

0.1061233
0.0250395
-0.40707
0.4321095
0.0810838
1.0

0.0993263
0.0239072
-0.33268709999999996
0.3565943
0.0754191
1.0

0.0798316
0.020646900000000003
-0.2749427
0.29558959999999995
0.0591847
1.0

0.11010360000000001
0.0302896
-0.2756727
0.30596229999999996
0.079814
1.0

0.3498348
0.2674782
-0.271221
0.5386991999999999
0.0823566
1.0

0.0797029
0.019634
-0.2427077
0.2623417
0.0600689
1.0

0.0602111
0.0147908
-0.2045639
0.2193547
0.045420300000000004
1.0

0.1323795
0.0688285
-0.236852
0.3056805
0.063551
1.0

0.059339199999999995
0.0152922
-0.1977854
0.2130776
0.044047
1.0
