
0.1730098
0.037036599999999996
-0.8679226
0.9049592
0.13597320000000002
1.0

0.1327965
0.029262
-0.3667918
0.3960538
0.1035345
1.0

0.1285142
0.033188300000000004
-0.4189228
0.4521111
0.09532589999999999
1.0

0.1143333
0.028542
-0.29809209999999997
0.3266341
0.0857913
1.0

0.1462598
0.0700252
-0.2718096
0.3418348
0.0762346
1.0

0.1154645
0.0266615
-0.26757359999999997
0.29423509999999997
0.088803
1.0

0.0950943
0.02466
-0.2508405
0.2755005
0.0704343
1.0

0.09852380000000001
0.0233078
-0.2621316
0.2854394
0.075216
1.0

0.1709939
0.07885139999999999
-0.34834529999999997
0.4271967
0.0921425
1.0

0.1009223
0.024507400000000002
-0.31370359999999997
0.338211
0.0764149
1.0
