
0.2483389
0.13568360000000002
-0.7574491
0.8931327
0.1126553
1.0

0.1209148
0.030691200000000002
-1.2024948
1.233186
0.0902236
1.0

0.119387
0.0377831
-0.3726375
0.41042059999999997
0.0816039
1.0

0.0866445
0.0232232
-0.24218479999999998
0.265408
0.0634213
1.0

0.082372
0.033463099999999996
-0.2301481
0.2636112
0.0489089
1.0

0.3752823
0.2721157
-0.236993
0.5091087
0.10316660000000001
1.0

0.0714068
0.0166494
-0.25094310000000003
0.2675925
0.054757400000000005
1.0

0.060841099999999995
0.0163709
-0.2069775
0.2233484
0.044470199999999994
1.0

0.3455134
0.0614315
-0.23188029999999998
0.2933118
0.2840819
1.0

0.0552065
0.014048799999999998
-0.1929885
0.20703729999999998
0.0411577
1.0
