
0.2490194
0.029293
-0.7136851
0.7429781
0.2197264
1.0

0.0811941
0.0202432
-0.4162115
0.43645470000000003
0.0609509
1.0

0.103143
0.0384946
-1.0160849
1.0545795
0.0646484
1.0

0.1077221
0.0509786
-0.2476027
0.2985813
0.0567435
1.0

0.2062701
0.11186839999999999
-0.2428412
0.35470959999999996
0.09440169999999999
1.0

0.0644387
0.017009
-0.2421894
0.2591984
0.0474297
1.0

0.06739919999999999
0.0173402
-0.23083979999999998
0.24818
0.050059
1.0

0.0650732
0.015867
-0.2175996
0.2334666
0.0492062
1.0

0.1140659
0.0636924
-0.8099126
0.873605
0.0503735
1.0

0.054213199999999996
0.014013399999999999
-0.20252879999999998
0.21654220000000002
0.0401998
1.0
