
0.1302256
0.024922200000000002
-0.8586836999999999
0.8836059
0.10530339999999999
1.0

0.1508815
0.0485488
-0.4474708
0.49601959999999995
0.1023327
1.0

0.1368175
0.0653418
-0.363106
0.4284478
0.0714757
1.0

0.10723819999999999
0.034651
-0.2893279
0.3239789
0.07258719999999999
1.0

0.0845091
0.0300443
-0.26530859999999995
0.29535290000000003
0.0544648
1.0

0.0688622
0.0176252
-0.2438342
0.2614594
0.051237
1.0

0.2975681
0.23123729999999998
-0.230115
0.4613523
0.06633080000000001
1.0

0.0671345
0.0156112
-0.2085181
0.22412929999999998
0.0515233
1.0

0.069276
0.0210458
-0.830688
0.8517338000000001
0.048230199999999994
1.0

0.0565747
0.014225799999999999
-0.2142043
0.2284301
0.0423489
1.0
