
0.144718
0.0312689
-0.6965612
0.7278300999999999
0.11344910000000001
1.0

0.1313288
0.0356987
-1.169202
1.2049007
0.09563010000000001
1.0

0.1737176
0.0851795
-0.3812439
0.46642340000000004
0.08853810000000001
1.0

0.1280703
0.0649616
-0.2681441
0.3331057
0.0631087
1.0

0.0707887
0.022752599999999998
-0.23492629999999998
0.2576789
0.0480361
1.0

0.3616925
0.3114895
-0.2343429
0.5458324
0.050203
1.0

0.061726800000000005
0.0152889
-0.2060395
0.22132839999999998
0.046437900000000004
1.0

0.062021
0.016426200000000002
-0.2155113
0.2319375
0.045594800000000005
1.0

0.0651032
0.0184113
-0.21719560000000002
0.2356069
0.0466919
1.0

0.0575533
0.015138200000000001
-0.2460994
0.2612376
0.0424151
1.0
