
0.14881070000000002
0.0279605
-0.7620205
0.789981
0.12085019999999999
1.0

0.0856787
0.023296900000000002
-0.4354956
0.4587925
0.0623818
1.0

0.1184392
0.0514043
-1.0634822
1.1148865
0.0670349
1.0

0.1351339
0.06748180000000001
-0.3619427
0.4294245
0.0676521
1.0

0.113163
0.052394199999999995
-0.2415338
0.293928
0.060768800000000005
1.0

0.07106910000000001
0.0186617
-0.23604239999999999
0.2547041
0.0524074
1.0

0.07257
0.019074400000000002
-0.24389139999999998
0.26296579999999997
0.0534956
1.0

0.0618963
0.0164196
-0.2063368
0.2227564
0.045476699999999995
1.0

0.07068580000000001
0.0206998
-0.2291532
0.249853
0.049986
1.0

0.055502300000000004
0.013713399999999999
-0.2034133
0.2171267
0.041788900000000004
1.0
