
0.3008141
0.0322586
-0.7896091999999999
0.8218678
0.2685555
1.0

0.0816919
0.023483
-0.46382870000000004
0.4873117
0.0582089
1.0

0.123296
0.053754
-0.37307
0.426824
0.069542
1.0

0.1310221
0.0584819
-0.2683575
0.3268394
0.0725402
1.0

0.1592945
0.0922158
-0.281014
0.3732298
0.06707869999999999
1.0

0.09719219999999999
0.0227448
-0.2681563
0.29090109999999997
0.0744474
1.0

0.0948782
0.0415543
-0.2197665
0.26132079999999996
0.0533239
1.0

0.0598022
0.0165405
-0.2087914
0.2253319
0.0432617
1.0

0.13427070000000002
0.0844654
-0.2282526
0.312718
0.049805300000000004
1.0

0.0573453
0.014804600000000001
-0.19898570000000002
0.2137903
0.042540699999999994
1.0
