
0.1830521
0.032778699999999994
-0.7320965
0.7648752
0.1502734
1.0

0.1093739
0.0260132
-0.3924392
0.4184524
0.0833607
1.0

0.150229
0.0640457
-1.0619365
1.1259822
0.0861833
1.0

0.1520657
0.028420599999999997
-0.3706842
0.3991048
0.12364510000000001
1.0

0.11418460000000001
0.0445319
-0.2448863
0.2894182
0.0696527
1.0

0.1220834
0.041779699999999996
-0.2776945
0.3194742
0.08030369999999999
1.0

0.1013327
0.0256052
-0.2794302
0.3050354
0.0757275
1.0

0.076401
0.0194832
-0.2297081
0.24919129999999998
0.056917800000000005
1.0

0.0849649
0.0200922
-0.2308115
0.2509037
0.06487269999999999
1.0

0.13514189999999998
0.0779741
-0.22025029999999998
0.2982244
0.057167800000000005
1.0
