
0.1529811
0.0290879
-0.8056623
0.8347502
0.1238932
1.0

0.07924880000000001
0.022022200000000002
-0.37888140000000003
0.40090359999999997
0.057226599999999996
1.0

0.10133210000000001
0.0292901
-1.0596581
1.0889482
0.072042
1.0

0.1424903
0.0654852
-0.2661531
0.3316383
0.0770051
1.0

0.1194886
0.025182200000000002
-0.2728937
0.2980759
0.0943064
1.0

0.0677003
0.0181113
-0.2389757
0.257087
0.049589
1.0

0.065516
0.0168037
-0.20910420000000002
0.2259079
0.0487123
1.0

0.0608357
0.0161919
-0.20624820000000002
0.2224401
0.044643800000000004
1.0

0.1313754
0.08182880000000001
-0.2237843
0.30561309999999997
0.049546599999999996
1.0

0.0570504
0.0146441
-0.7881861
0.8028301999999999
0.0424063
1.0
