
0.19544720000000002
0.0377489
-0.782031
0.8197799
0.15769829999999999
1.0

0.12592330000000002
0.0323508
-0.4491969
0.4815477
0.0935725
1.0

0.18264629999999998
0.0876982
-1.1674721000000001
1.2551703
0.09494810000000001
1.0

0.2342615
0.0464862
-0.37058579999999997
0.417072
0.18777529999999998
1.0

0.1828451
0.08725089999999999
-0.3268399
0.4140908
0.09559419999999999
1.0

0.10362880000000001
0.0257176
-0.2875779
0.3132955
0.0779112
1.0

0.1182709
0.0281993
-0.2875606
0.31575990000000004
0.0900716
1.0

0.10626189999999999
0.0295282
-0.2620554
0.2915836
0.0767337
1.0

0.1989402
0.0332535
-0.2794457
0.3126992
0.16568670000000002
1.0

0.09775
0.02254
-0.254869
0.277409
0.07521
1.0
