
0.1961252
0.0359496
-0.7817966
0.8177462
0.1601756
1.0

0.1542375
0.060004800000000004
-0.4524527
0.5124575
0.0942327
1.0

0.218336
0.1248437
-1.0965995
1.2214432
0.0934923
1.0

0.1520091
0.0561561
-0.3206578
0.37681390000000003
0.095853
1.0

0.1142699
0.033896699999999995
-0.3115195
0.3454162
0.08037319999999999
1.0

0.3255531
0.24005310000000002
-0.2758447
0.5158978
0.0855
1.0

0.10147060000000001
0.023772400000000003
-0.25306629999999997
0.2768387
0.0776982
1.0

0.1019804
0.0230076
-0.2456702
0.26867779999999997
0.07897280000000001
1.0

0.1064678
0.0230981
-0.24601489999999998
0.269113
0.08336969999999999
1.0

0.0899507
0.0196675
-0.2348896
0.2545571
0.0702832
1.0
