
0.1390775
0.0291693
-0.7914521
0.8206214000000001
0.1099082
1.0

0.0750113
0.019598599999999997
-0.36392359999999996
0.38352220000000004
0.055412699999999995
1.0

0.2818115
0.2120954
-0.4028115
0.6149069
0.0697161
1.0

0.1843847
0.1288182
-0.2767153
0.4055335
0.0555665
1.0

0.08509180000000001
0.0362191
-0.22788879999999997
0.2641079
0.0488727
1.0

0.0630265
0.017642
-0.24904389999999998
0.26668590000000003
0.0453845
1.0

0.0636903
0.0156312
-0.2155394
0.2311706
0.0480591
1.0

0.058608
0.0164427
-0.2097377
0.2261804
0.0421653
1.0

0.1367716
0.019082599999999998
-0.2208445
0.2399271
0.117689
1.0

0.0555634
0.014146200000000001
-0.8002471999999999
0.8143934
0.041417199999999994
1.0
