
0.14940420000000001
0.030058900000000003
-0.8126908
0.8427496999999999
0.1193453
1.0

0.0779566
0.0198177
-0.3687269
0.38854459999999996
0.0581389
1.0

0.11645219999999999
0.0494986
-1.0615238
1.1110224
0.0669536
1.0

0.0908649
0.0235616
-0.271033
0.2945946
0.0673033
1.0

0.0994373
0.0378982
-0.2503396
0.2882378
0.0615391
1.0

0.07321119999999999
0.017353900000000002
-0.2503307
0.2676846
0.055857300000000006
1.0

0.0705373
0.0172948
-0.2303835
0.2476783
0.0532425
1.0

0.0584956
0.0154854
-0.2290323
0.2445177
0.0430102
1.0

0.109327
0.0622992
-0.2187075
0.2810067
0.0470278
1.0

0.0594549
0.0148199
-0.2046427
0.2194626
0.044635
1.0
