
0.1883387
0.0418891
-0.9791748
1.0210639
0.1464496
1.0

0.115722
0.027449400000000002
-0.4295239
0.45697329999999997
0.0882726
1.0

0.1197931
0.0285225
-1.105445
1.1339675
0.09127060000000001
1.0

0.09668610000000001
0.0243091
-0.2834661
0.3077752
0.072377
1.0

0.1055449
0.0261522
-0.24607020000000002
0.27222240000000003
0.0793927
1.0

0.0971925
0.0231119
-0.2831367
0.3062486
0.07408060000000001
1.0

0.0900367
0.020056900000000003
-0.241535
0.2615919
0.06997980000000001
1.0

0.0686907
0.017856
-0.2115891
0.2294451
0.0508347
1.0

0.080382
0.021906099999999998
-0.2286282
0.2505343
0.058475900000000004
1.0

0.0749702
0.0180063
-0.8279454
0.8459517
0.056963900000000005
1.0
