
0.21125760000000002
0.0317688
-0.8930449
0.9248137
0.17948879999999998
1.0

0.0796394
0.0206072
-0.3988366
0.4194438
0.0590322
1.0

0.08267630000000001
0.027480400000000002
-0.38062890000000005
0.4081093
0.0551959
1.0

0.0721428
0.0209133
-0.5991215
0.6200348
0.0512295
1.0

0.09648839999999999
0.0347165
-0.2641348
0.2988513
0.061771900000000005
1.0

0.0673952
0.0190587
-0.2453814
0.26444009999999996
0.0483365
1.0

0.0617681
0.0156271
-0.211606
0.2272331
0.046141
1.0

0.0562244
0.014777700000000001
-0.22657629999999998
0.241354
0.041446699999999996
1.0

0.0660384
0.0182409
-0.217472
0.2357129
0.0477975
1.0

0.0547279
0.0146494
-0.7765693
0.7912186999999999
0.0400785
1.0
