
0.3607777285714286
0.1644549857142857
-0.28116975714285714
0.4456247428571429
0.19632274285714285
3.5

0.15370194285714286
0.0598568
-0.16264364285714286
0.22250044285714285
0.09384514285714285
5.538461538461538

0.1681854714285714
0.05056497142857143
-0.17179048571428573
0.22235545714285715
0.1176205
7.0

0.1493871714285714
0.04068061428571428
-0.15746702857142858
0.19814764285714287
0.10870655714285714
7.0

0.1409521
0.03799107142857143
-0.1278728142857143
0.1658638857142857
0.10296102857142857
7.0

0.15780865714285716
0.04150438571428572
-0.1464538
0.1879581857142857
0.11630427142857143
7.0

0.1503473
0.052312085714285715
-0.7987547571428572
0.851066842857143
0.0980352142857143
7.0

0.13892051428571428
0.034604771428571435
-0.14603582857142858
0.1806406
0.10431574285714286
7.0

0.13211542857142858
0.026815099999999998
-0.11763625714285714
0.14445135714285712
0.10530032857142857
7.0

0.11672112857142858
0.024153785714285714
-0.11470307142857143
0.13885685714285714
0.09256734285714285
6.8
