
0.33671490000000004
0.22842784285714285
-0.3183922571428571
0.5468201
0.10828705714285715
3.5

0.20316485714285712
0.048141857142857146
-0.15945295714285715
0.2075948142857143
0.155023
5.538461538461538

0.23235008571428573
0.13265424285714283
-0.1414362857142857
0.27409052857142857
0.09969584285714285
7.0

0.13132327142857142
0.03744154285714286
-0.12194355714285714
0.1593851
0.09388172857142857
7.0

0.10551671428571428
0.028778342857142855
-0.10102345714285714
0.1298018
0.07673837142857143
7.0

0.18663122857142858
0.03434145714285714
-0.13558887142857143
0.16993032857142856
0.15228977142857142
7.0

0.13340908571428572
0.02616691428571429
-0.11780902857142857
0.14397594285714285
0.10724217142857143
7.0

0.10746835714285714
0.029845614285714285
-0.11462710000000001
0.1444727142857143
0.07762274285714287
7.0

0.0905306
0.021257314285714285
-0.10269715714285715
0.12395447142857142
0.0692732857142857
7.0

0.09453202857142858
0.01907127142857143
-0.08963448571428571
0.10870575714285714
0.07546075714285713
6.8
