
0.19651114285714286
0.061970300000000006
-0.26697858571428573
0.3289488857142857
0.13454084285714285
3.5

0.25847124285714285
0.04634047142857143
-0.14463911428571427
0.19097958571428572
0.21213077142857142
5.538461538461538

0.20510284285714286
0.052059214285714285
-0.15183804285714286
0.20389725714285714
0.15304362857142856
7.0

0.13878372857142857
0.041334357142857145
-0.1353999
0.17673425714285715
0.09744937142857142
7.0

0.12179822857142857
0.03232581428571429
-0.10734381428571428
0.13966962857142856
0.08947241428571429
7.0

0.12907762857142857
0.030684257142857142
-0.109976
0.14066025714285715
0.09839337142857142
7.0

0.09460704285714286
0.024498642857142858
-0.09991535714285714
0.124414
0.07010839999999999
7.0

0.10329991428571429
0.028818814285714284
-0.11838982857142857
0.14720864285714286
0.07448110000000001
7.0

0.11913908571428572
0.022014099999999998
-0.11191675714285713
0.13393085714285713
0.09712498571428571
7.0

0.10117938571428571
0.020388742857142858
-0.09269112857142858
0.11307987142857143
0.08079064285714285
6.8
