
0.2673908142857143
0.06689322857142857
-0.33169134285714286
0.3985845714285714
0.20049758571428572
3.5

0.16732462857142857
0.052690742857142855
-0.20093464285714288
0.2536253857142857
0.11463388571428572
5.538461538461538

0.1850532857142857
0.04950015714285714
-0.22776891428571427
0.27726907142857143
0.13555312857142857
7.0

0.18301261428571428
0.0586195
-0.1807483
0.2393678
0.12439311428571428
7.0

0.1377327857142857
0.03548812857142857
-0.15317577142857144
0.1886639
0.10224465714285715
7.0

0.12681910000000002
0.0347668
-0.1499834
0.1847502
0.0920523
7.0

0.1182050142857143
0.030059842857142857
-0.1268248142857143
0.15688465714285715
0.08814517142857142
7.0

0.13060282857142858
0.03407358571428571
-0.1261482142857143
0.1602218
0.09652924285714286
7.0

0.11512552857142858
0.02850967142857143
-0.1294967142857143
0.1580063857142857
0.08661585714285715
7.0

0.11708227142857143
0.023497900000000002
-0.10688660000000001
0.1303845
0.09358437142857143
6.8
