
0.2797248142857143
0.16791787142857142
-0.3223015142857143
0.4902193857142857
0.11180694285714286
3.5

0.1287633
0.048817071428571425
-0.15151812857142857
0.20033520000000002
0.07994622857142857
5.538461538461538

0.13231307142857143
0.040180742857142855
-0.13998829999999998
0.18016904285714286
0.09213232857142857
7.0

0.12277442857142856
0.03845454285714286
-0.13010505714285714
0.1685596
0.08431988571428571
7.0

0.10979404285714287
0.031739842857142854
-0.10995192857142856
0.14169177142857142
0.07805419999999999
7.0

0.10942081428571428
0.03509712857142857
-0.12463675714285714
0.1597338857142857
0.07432368571428571
7.0

0.09722077142857143
0.027229814285714284
-0.10190957142857143
0.1291393857142857
0.06999095714285714
7.0

0.10977484285714285
0.02754482857142857
-0.1143728
0.14191762857142856
0.08223001428571429
7.0

0.08596557142857143
0.01995632857142857
-0.1070654857142857
0.12702181428571427
0.06600924285714287
7.0

0.11640435714285714
0.03282704285714286
-0.10368245714285713
0.1365095
0.08357731428571429
6.8
