
0.4226351428571428
0.12476338571428572
-0.30892921428571424
0.4336926
0.29787175714285713
3.5

0.1249617857142857
0.046583242857142854
-0.15705724285714284
0.20364048571428572
0.07837854285714287
5.538461538461538

0.1242494
0.0418064
-0.14031547142857143
0.18212187142857145
0.082443
7.0

0.13410555714285713
0.050858071428571426
-0.14925165714285715
0.20010972857142856
0.08324748571428571
7.0

0.11281032857142857
0.03293034285714286
-0.10376711428571428
0.13669745714285714
0.0798799857142857
7.0

0.10900941428571428
0.03010017142857143
-0.1281228
0.15822297142857142
0.07890924285714286
7.0

0.1197377142857143
0.026207428571428572
-0.1061745
0.13238192857142858
0.0935302857142857
7.0

0.10982235714285714
0.032773642857142855
-0.10910521428571429
0.14187885714285714
0.07704871428571429
7.0

0.08501175714285714
0.020990571428571428
-0.10343231428571428
0.12442288571428571
0.06402118571428571
7.0

0.12771462857142857
0.025123514285714285
-0.7891602714285715
0.8142837857142857
0.10259111428571428
6.8
