
0.15229287142857142
0.05099431428571429
-0.29553932857142856
0.34653364285714283
0.10129855714285714
3.5

0.12321891428571428
0.04839655714285714
-0.14844754285714287
0.1968441
0.07482235714285715
5.538461538461538

0.13666144285714285
0.04185208571428571
-0.1410911
0.1829431857142857
0.09480935714285714
7.0

0.11998178571428571
0.03406808571428571
-0.13494648571428572
0.16901457142857143
0.0859137
7.0

0.12288632857142857
0.0352805
-0.11201534285714285
0.14729584285714284
0.08760582857142857
7.0

0.11983867142857142
0.03299395714285714
-0.1421686857142857
0.17516264285714286
0.08684471428571429
7.0

0.15497815714285715
0.03185582857142857
-0.7197104428571429
0.7515662714285715
0.12312232857142857
7.0

0.10933984285714285
0.029428157142857143
-0.10995638571428572
0.13938454285714286
0.07991168571428572
7.0

0.08585989999999999
0.02093714285714286
-0.11059735714285715
0.1315345
0.06492275714285714
7.0

0.0901139
0.01925294285714286
-0.0888868
0.10813974285714287
0.07086095714285713
6.8
