
0.21373412857142857
0.055113414285714285
-0.37489058571428574
0.430004
0.15862071428571428
3.5

0.17817908571428573
0.06442302857142856
-0.21943748571428573
0.2838605142857143
0.11375605714285714
5.538461538461538

0.1768442857142857
0.05261728571428572
-0.20725884285714286
0.25987612857142856
0.124227
7.0

0.1813733
0.0550603
-0.19754374285714285
0.2526040428571429
0.126313
7.0

0.15379748571428573
0.0387106
-0.1636025142857143
0.20231311428571427
0.11508688571428571
7.0

0.14512497142857142
0.043597
-0.1646655714285714
0.2082625714285714
0.10152797142857142
7.0

0.12090644285714286
0.0314297
-0.13079427142857142
0.16222397142857142
0.08947674285714285
7.0

0.15153477142857144
0.042552685714285714
-0.1515987857142857
0.19415147142857142
0.1089820857142857
7.0

0.12331975714285714
0.027424942857142857
-0.14058215714285716
0.1680071
0.09589481428571428
7.0

0.14454370000000002
0.03321777142857143
-0.12191045714285714
0.15512822857142858
0.11132592857142856
6.8
