
0.19681720000000003
0.05839574285714285
-0.2939336142857143
0.3523293571428572
0.13842145714285714
3.5

0.13965182857142858
0.06434922857142857
-0.1611847142857143
0.22553394285714287
0.07530260000000001
5.538461538461538

0.14357342857142857
0.04790964285714285
-0.14838704285714285
0.1962966857142857
0.09566378571428572
7.0

0.12406722857142857
0.03474451428571428
-0.1420833142857143
0.17682782857142856
0.08932271428571428
7.0

0.11812751428571429
0.03438195714285714
-0.10709935714285715
0.14148131428571428
0.08374555714285714
7.0

0.10235205714285714
0.0284886
-0.11590397142857142
0.14439257142857143
0.07386345714285714
7.0

0.09503077142857143
0.025444742857142856
-0.10983347142857143
0.1352782142857143
0.06958602857142857
7.0

0.1011469
0.029570142857142857
-0.10411252857142857
0.13368267142857143
0.07157675714285713
7.0

0.09082824285714286
0.019866099999999998
-0.10578625714285714
0.12565235714285714
0.07096214285714285
7.0

0.09223452857142857
0.017019385714285715
-0.0975557857142857
0.11457517142857143
0.07521514285714286
6.8
