
0.30229264285714286
0.06530732857142857
-0.32438482857142853
0.38969215714285715
0.2369853142857143
3.5

0.14045929999999998
0.05333112857142857
-0.15565044285714286
0.20898157142857143
0.08712817142857143
5.538461538461538

0.15337838571428572
0.045753728571428565
-0.14563381428571429
0.19138754285714285
0.10762465714285714
7.0

0.1367756
0.03918744285714286
-0.15434989999999998
0.19353734285714286
0.09758815714285715
7.0

0.12873631428571428
0.034525685714285714
-0.1282883
0.1628139857142857
0.09421062857142858
7.0

0.11418017142857143
0.03340577142857143
-0.13281811428571427
0.16622388571428573
0.0807744
7.0

0.10927232857142857
0.027163171428571428
-0.11045222857142857
0.1376154
0.08210915714285714
7.0

0.11646558571428571
0.03076237142857143
-0.12012260000000001
0.1508849714285714
0.08570321428571429
7.0

0.09601274285714285
0.02433894285714286
-0.11794645714285713
0.1422854
0.07167380000000001
7.0

0.1036052
0.01965085714285714
-0.09801654285714287
0.11766739999999999
0.08395434285714286
6.8
