
0.30669082857142854
0.1645512
-0.6442682857142856
0.8088194857142857
0.14213962857142856
3.5

0.20725960000000002
0.048511085714285716
-0.1684388
0.21694988571428572
0.15874851428571427
5.538461538461538

0.14584287142857144
0.05418527142857143
-0.13153622857142858
0.1857215
0.0916576
7.0

0.13077772857142858
0.03698784285714286
-0.14709712857142856
0.18408497142857141
0.09378988571428572
7.0

0.11704972857142856
0.036679771428571435
-0.11440574285714286
0.1510855142857143
0.08036995714285713
7.0

0.10004985714285715
0.028490042857142857
-0.12913085714285716
0.15762089999999998
0.07155981428571428
7.0

0.09785235714285714
0.02663032857142857
-0.1019751
0.12860542857142856
0.07122202857142858
7.0

0.14404872857142856
0.03409564285714285
-0.11185819999999999
0.14595384285714286
0.10995308571428572
7.0

0.08739092857142856
0.020761242857142856
-0.101645
0.12240624285714286
0.06662968571428572
7.0

0.09525941428571429
0.018413314285714286
-0.095181
0.11359431428571429
0.0768461
6.8
