
0.15542857142857142
0.04694302857142857
-0.2633159285714286
0.3102589571428571
0.10848554285714286
3.5

0.14440294285714286
0.04864994285714286
-0.15246158571428572
0.20111152857142858
0.095753
5.538461538461538

0.13984185714285713
0.04333262857142857
-0.13238497142857142
0.1757176
0.09650922857142857
7.0

0.12630262857142857
0.03484081428571429
-0.14737795714285715
0.18221877142857143
0.09146181428571429
7.0

0.11333757142857144
0.03190741428571429
-0.10467175714285713
0.13657917142857143
0.08143015714285715
7.0

0.09761354285714287
0.027968285714285713
-0.11768417142857143
0.14565245714285713
0.06964525714285714
7.0

0.0929110142857143
0.025754714285714287
-0.10032897142857143
0.12608368571428571
0.0671563
7.0

0.11280781428571428
0.03505108571428571
-0.11404344285714285
0.14909452857142858
0.07775672857142857
7.0

0.11099868571428571
0.022909642857142858
-0.09979531428571428
0.12270495714285713
0.08808904285714286
7.0

0.0943268
0.019886571428571427
-0.09869908571428572
0.11858565714285715
0.07444022857142857
6.8
