
0.1597801857142857
0.05003701428571428
-0.3267729714285714
0.3768099857142857
0.10974317142857143
3.5

0.15407561428571429
0.055158428571428574
-0.18843848571428573
0.24359691428571428
0.09891718571428572
5.538461538461538

0.13594834285714286
0.04292658571428571
-0.14748282857142858
0.19040941428571428
0.09302175714285714
7.0

0.12949922857142857
0.04004585714285715
-0.15289584285714286
0.19294170000000002
0.08945337142857142
7.0

0.1422227
0.05702331428571429
-0.12934980000000001
0.1863731142857143
0.08519938571428572
7.0

0.10416394285714285
0.02944032857142857
-0.12022682857142858
0.14966715714285714
0.07472361428571428
7.0

0.0987858
0.026190685714285716
-0.11606232857142858
0.14225301428571427
0.07259511428571429
7.0

0.11057705714285714
0.02939127142857143
-0.1127762
0.14216747142857142
0.08118578571428571
7.0

0.09466431428571428
0.020466814285714285
-0.10907012857142857
0.12953694285714284
0.0741975
7.0

0.09785194285714285
0.02105447142857143
-0.09740062857142857
0.11845510000000001
0.07679747142857143
6.8
