
0.1929577857142857
0.06505261428571428
-0.3758324
0.4408850142857143
0.1279051714285714
3.5

0.18578637142857143
0.052431257142857145
-0.19761722857142858
0.25004848571428573
0.13335511428571428
5.538461538461538

0.1382922857142857
0.037638142857142856
-0.1533612
0.19099934285714285
0.10065414285714286
7.0

0.12892054285714286
0.037372142857142854
-0.15772758571428572
0.19509972857142857
0.09154839999999999
7.0

0.12992435714285713
0.034890614285714286
-0.13234491428571427
0.1672355285714286
0.09503374285714286
7.0

0.1267458
0.030350557142857143
-0.151402
0.18175255714285715
0.09639524285714286
7.0

0.11276484285714285
0.026958114285714284
-0.1284105
0.15536861428571427
0.08580672857142857
7.0

0.12984345714285714
0.03459365714285714
-0.12477478571428571
0.15936844285714286
0.09524980000000001
7.0

0.0973581
0.02127772857142857
-0.11280827142857143
0.134086
0.07608037142857142
7.0

0.11026531428571427
0.022155314285714284
-0.10162257142857144
0.12377788571428572
0.08811
6.8
