
0.5685896857142857
0.1774148142857143
-0.7975774714285714
0.9749922857142856
0.39117487142857144
3.5

0.13101821428571428
0.049304542857142857
-0.1560293857142857
0.20533392857142857
0.08171367142857143
5.538461538461538

0.14112874285714286
0.038830614285714285
-0.1511153857142857
0.189946
0.10229812857142857
7.0

0.12760344285714287
0.03535664285714286
-0.1545227857142857
0.1898794285714286
0.0922468
7.0

0.12625974285714286
0.03775902857142857
-0.1321816857142857
0.16994071428571428
0.0885007142857143
7.0

0.11211254285714287
0.0336391
-0.13028772857142856
0.16392682857142857
0.07847344285714286
7.0

0.0969035
0.026125014285714284
-0.11128714285714285
0.13741215714285715
0.0707784857142857
7.0

0.11334835714285714
0.03271867142857143
-0.11740258571428572
0.15012125714285715
0.08062968571428572
7.0

0.08644222857142857
0.02154514285714286
-0.10270732857142857
0.12425247142857143
0.06489708571428571
7.0

0.09772807142857143
0.019132657142857144
-0.09402447142857143
0.11315712857142858
0.07859541428571429
6.8
