
0.30137220000000003
0.15188145714285714
-0.44118017142857147
0.5930616285714286
0.14949074285714284
3.5

0.14250964285714288
0.06017301428571428
-0.17492182857142857
0.23509484285714286
0.08233662857142858
5.538461538461538

0.13994362857142856
0.04415931428571429
-0.14051339999999998
0.1846727142857143
0.09578431428571428
7.0

0.12753732857142858
0.036750085714285716
-0.15568248571428572
0.19243257142857143
0.09078724285714286
7.0

0.1205992
0.03609244285714286
-0.13431685714285713
0.17040929999999999
0.08450675714285714
7.0

0.10855622857142856
0.031680571428571426
-0.12554767142857143
0.15722824285714285
0.07687565714285714
7.0

0.12137334285714285
0.027178942857142858
-0.10906522857142857
0.13624417142857143
0.0941944
7.0

0.12993275714285715
0.031951985714285716
-0.10836815714285715
0.14032014285714287
0.09798077142857144
7.0

0.09888665714285715
0.019897742857142856
-0.10613851428571429
0.12603625714285713
0.07898891428571429
7.0

0.10273811428571429
0.021805042857142857
-0.09987014285714285
0.12167518571428572
0.08093307142857144
6.8
