
0.158573
0.0294875
-0.8072479
0.8367354
0.1290855
1.0

0.07739760000000001
0.0218093
-0.3218488
0.34365809999999997
0.0555883
1.0

0.2444526
0.1568566
-0.4307298
0.5875864000000001
0.087596
1.0

0.1898473
0.0968068
-0.4214917
0.5182985
0.0930405
1.0

0.2010617
0.128592
-0.3317059
0.46029790000000004
0.0724697
1.0

0.3027637
0.20514
-0.272272
0.477412
0.0976237
1.0

0.07107
0.0191242
-0.26258970000000004
0.2817139
0.0519458
1.0

0.0763521
0.017741200000000002
-0.2170018
0.234743
0.0586109
1.0

0.06685819999999999
0.019036400000000002
-0.24111960000000002
0.260156
0.047821800000000005
1.0

0.056487699999999995
0.0136934
-0.2194534
0.2331468
0.0427943
1.0
