
0.2709563
0.0588368
-0.966248
1.0250848000000001
0.2121195
1.0

0.1612845
0.027966400000000002
-0.4880549
0.5160213
0.1333181
1.0

0.30863029999999997
0.1167358
-0.5867849
0.7035207
0.1918945
1.0

0.33401790000000003
0.20105889999999998
-0.587922
0.7889809
0.132959
1.0

0.3368029
0.21676379999999998
-0.5133305
0.7300943000000001
0.12003910000000001
1.0

0.7860621
0.6833803
-0.4905812
1.1739615
0.1026818
1.0

0.1099825
0.0386271
-0.38844090000000003
0.427068
0.0713554
1.0

0.181321
0.0242044
-0.3754869
0.39969129999999997
0.1571166
1.0

0.08231110000000001
0.0244585
-0.3498644
0.3743229
0.0578526
1.0

0.0756996
0.0192378
-0.3471639
0.3664017
0.0564618
1.0
