
0.22163860000000002
0.033179
-0.7971209
0.8302999
0.1884596
1.0

0.10953510000000001
0.026613099999999997
-0.4439639
0.470577
0.082922
1.0

0.1965967
0.09918189999999999
-0.5181793
0.6173611999999999
0.09741480000000001
1.0

0.3920558
0.2948613
-0.4850932
0.7799545
0.0971945
1.0

0.1225662
0.0365507
-0.40144579999999996
0.4379965
0.0860155
1.0

0.0909299
0.0211953
-0.3622499
0.3834452
0.06973460000000001
1.0

0.1195614
0.020622900000000003
-0.3538664
0.37448929999999997
0.0989385
1.0

0.10735810000000001
0.016879
-0.291624
0.308503
0.0904791
1.0

0.0889708
0.0206058
-0.3177739
0.3383797
0.068365
1.0

0.08138630000000001
0.017330400000000003
-0.3160453
0.3333757
0.0640559
1.0
