
20.6882408
20.5328823
4.500102099999999
16.032780199999998
0.1553585
1.0

18.6048925
18.515740899999997
4.328683799999999
14.187057099999999
0.08915160000000001
1.0

18.103638699999998
17.9887908
4.0122781000000005
13.976512699999999
0.11484789999999999
1.0

18.8679372
18.7303213
4.1311249
14.5991964
0.13761589999999999
1.0

19.2957247
19.204806899999998
4.9143998
14.2904071
0.09091780000000001
1.0

19.3825345
18.701102300000002
3.3532037999999997
15.3478985
0.6814321999999999
1.0

20.232626
17.4630574
2.5369493999999997
14.926108
2.7695686
1.0

20.7275004
20.6684708
4.4656132
16.202857599999998
0.0590296
1.0

21.3005363
20.9281914
4.6128043
16.3153871
0.37234490000000003
1.0

19.855056100000002
19.2270272
3.5617909
15.6652363
0.6280289
1.0
