
0.29164009999999996
0.1413647
-0.7092398000000001
0.8506045
0.1502754
1.0

0.081875
0.0216643
-0.363418
0.3850823
0.0602107
1.0

0.14959779999999998
0.0787906
-0.421162
0.49995259999999997
0.0708072
1.0

0.6311146
0.5237904
-0.38561870000000004
0.9094091
0.1073242
1.0

0.14518810000000001
0.0734624
-0.3281637
0.4016261
0.0717257
1.0

0.1043781
0.0256716
-0.3533542
0.37902579999999997
0.0787065
1.0

0.0887923
0.019871299999999998
-0.3133997
0.333271
0.068921
1.0

0.1056246
0.0208212
-0.2667742
0.2875954
0.0848034
1.0

0.1013676
0.0199584
-0.29421379999999997
0.3141722
0.0814092
1.0

0.0790867
0.0180385
-0.30433059999999995
0.32236909999999996
0.0610482
1.0
