
0.1768971
0.0407552
-1.4208268
1.461582
0.13614189999999998
1.0

0.09052360000000001
0.0235367
-0.3599252
0.3834619
0.06698689999999999
1.0

0.10652919999999999
0.035315900000000004
-0.3212937
0.35660959999999997
0.07121330000000001
1.0

0.11552710000000001
0.0302143
-0.7316443
0.7618585999999999
0.08531280000000001
1.0

0.132699
0.0608018
-0.3286809
0.3894827
0.0718972
1.0

0.1288351
0.07449839999999999
-0.2596781
0.3341765
0.054336699999999995
1.0

0.0724418
0.0181644
-0.24697570000000002
0.2651401
0.0542774
1.0

0.0618075
0.0161123
-0.2094034
0.2255157
0.0456952
1.0

0.141358
0.0844694
-0.23758279999999998
0.3220522
0.0568886
1.0

0.058982900000000005
0.0146684
-0.2194381
0.2341065
0.0443145
1.0
