
0.1653575
0.0299101
-1.3631018000000001
1.3930118999999999
0.1354474
1.0

0.14286079999999998
0.0772959
-0.3624715
0.43976740000000003
0.0655649
1.0

0.1509451
0.0644313
-0.4482348
0.5126661
0.0865138
1.0

0.24685020000000002
0.15626420000000002
-0.3925632
0.5488274000000001
0.090586
1.0

0.1930738
0.12274539999999999
-0.31730990000000003
0.4400553
0.0703284
1.0

0.061845800000000006
0.0162813
-0.2607366
0.27701790000000004
0.0455645
1.0

0.06746360000000001
0.0181933
-0.6141408
0.6323341
0.0492703
1.0

0.081036
0.0358449
-0.2051189
0.24096379999999998
0.0451911
1.0

0.069118
0.0191657
-0.2273674
0.2465331
0.049952300000000005
1.0

0.0564435
0.013818
-0.2146836
0.2285016
0.0426255
1.0
