
0.1959243
0.06734889999999999
-1.1780933999999998
1.2454423000000001
0.1285754
1.0

0.1186991
0.0221415
-0.3384213
0.36056279999999996
0.09655760000000001
1.0

0.0975344
0.0307337
-0.3541801
0.3849138
0.06680069999999999
1.0

0.11929089999999999
0.047793699999999995
-0.3820754
0.4298691
0.0714972
1.0

0.12468610000000001
0.0648784
-0.2921778
0.3570562
0.0598077
1.0

0.3569412
0.3104713
-0.2433771
0.5538484
0.0464699
1.0

0.0668459
0.016983400000000003
-0.2444451
0.2614285
0.0498625
1.0

0.082794
0.0377745
-0.21658929999999998
0.2543638
0.0450195
1.0

0.3337334
0.0565885
-0.2493733
0.3059618
0.2771449
1.0

0.055127
0.0140088
-0.2169014
0.2309102
0.041118199999999994
1.0
