
0.16016439999999998
0.0309152
-1.1278953999999999
1.1588106
0.1292492
1.0

0.08096060000000001
0.019703599999999998
-0.389138
0.40884159999999997
0.061257
1.0

0.10376010000000001
0.0322943
-0.4876548
0.5199490999999999
0.0714658
1.0

0.27809540000000005
0.1912449
-0.5354741999999999
0.7267191
0.0868505
1.0

0.18658439999999998
0.1038175
-0.4694662
0.5732837
0.08276689999999999
1.0

0.145012
0.0701709
-0.5502646
0.6204355
0.07484110000000001
1.0

0.0790798
0.025102
-0.3190892
0.34419120000000003
0.053977800000000006
1.0

0.0697622
0.0155343
-0.2968186
0.31235290000000004
0.0542279
1.0

0.0808937
0.0221601
-0.3134928
0.33565290000000003
0.0587336
1.0

0.0690575
0.0155056
-0.3044332
0.31993879999999997
0.0535519
1.0
