
0.155845
0.0348452
-1.1617066999999999
1.1965519
0.1209998
1.0

0.0911395
0.0210509
-0.3344207
0.3554716
0.0700886
1.0

0.23073529999999998
0.1583784
-0.37877109999999997
0.5371495
0.07235689999999999
1.0

0.4268396
0.34631670000000003
-0.3934408
0.7397575
0.0805229
1.0

0.13597220000000002
0.0809887
-0.29605970000000004
0.3770484
0.0549835
1.0

0.3629323
0.3150679
-0.2642822
0.5793501
0.0478644
1.0

0.0662092
0.020636900000000003
-0.2469495
0.2675864
0.0455723
1.0

0.0610864
0.0158632
-0.21750229999999998
0.2333655
0.0452232
1.0

0.17622120000000002
0.1230973
-0.22963820000000001
0.3527355
0.0531239
1.0

0.063477
0.0161235
-0.2290307
0.24515420000000002
0.0473535
1.0
