
0.200298
0.08102530000000001
-1.0713499
1.1523752
0.1192727
1.0

0.14163610000000001
0.0673612
-0.3648605
0.4322217
0.07427489999999999
1.0

0.1872864
0.09220360000000001
-0.4270262
0.5192298
0.09508280000000001
1.0

0.353629
0.2700046
-1.2022743999999999
1.472279
0.08362439999999999
1.0

0.1119546
0.044839699999999996
-0.3003772
0.34521690000000005
0.06711489999999999
1.0

0.06658460000000001
0.0186138
-0.2570717
0.2756855
0.0479708
1.0

0.0658413
0.016833900000000002
-0.2565335
0.27336740000000004
0.0490074
1.0

0.054592699999999994
0.0142116
-0.20749810000000002
0.2217097
0.040381099999999996
1.0

0.1522582
0.0632286
-0.22664689999999998
0.2898755
0.0890296
1.0

0.057002
0.0140652
-0.2195598
0.233625
0.042936800000000004
1.0
