
0.1551732
0.0281168
-0.9726808
1.0007976
0.12705639999999999
1.0

0.0978
0.0210773
-0.3803297
0.401407
0.07672269999999999
1.0

0.1956845
0.1098257
-0.4359396
0.5457653
0.0858588
1.0

0.1787359
0.0859241
-1.1993586
1.2852827
0.0928118
1.0

0.1936098
0.1241063
-0.319057
0.4431633
0.0695035
1.0

0.4159262
0.3624909
-0.2708488
0.6333397
0.053435300000000005
1.0

0.3967165
0.3357658
-0.2645977
0.6003635
0.0609507
1.0

0.0705507
0.0154379
-0.20882910000000002
0.224267
0.0551128
1.0

0.0994836
0.0513605
-0.2265309
0.2778914
0.0481231
1.0

0.0556293
0.0141943
-0.2244336
0.2386279
0.041435
1.0
