
0.1519681
0.0320705
-1.1216101
1.1536806000000002
0.11989760000000001
1.0

0.079775
0.022231400000000002
-0.30486779999999997
0.32709920000000003
0.0575436
1.0

0.166918
0.0832713
-0.3703951
0.4536664
0.08364669999999999
1.0

0.39830709999999997
0.30596029999999996
-0.4093986
0.7153589
0.0923468
1.0

0.26185020000000003
0.16499070000000002
-0.38768840000000004
0.5526791
0.0968595
1.0

0.2661019
0.1883226
-0.3233047
0.5116273
0.07777930000000001
1.0

0.0822667
0.0203741
-0.2600388
0.2804129
0.0618926
1.0

0.0624499
0.0160732
-0.2287233
0.2447965
0.0463767
1.0

0.4161632
0.36111879999999996
-0.243262
0.6043808
0.0550444
1.0

0.0609792
0.0153998
-0.21624770000000001
0.2316475
0.0455794
1.0
