
0.4227215
0.26684420000000003
-0.6946514
0.9614956
0.1558773
1.0

0.1196551
0.0294802
-0.385056
0.4145362
0.09017489999999999
1.0

0.12111010000000001
0.029435299999999998
-0.41712390000000005
0.4465592
0.0916748
1.0

0.16038270000000002
0.0692571
-0.3816948
0.4509519
0.0911256
1.0

0.1645712
0.0317582
-0.3970929
0.4288511
0.132813
1.0

0.1147547
0.0402481
-0.27628790000000003
0.316536
0.0745066
1.0

0.1087371
0.0235397
-0.5973006999999999
0.6208404000000001
0.08519739999999999
1.0

0.075656
0.0169282
-0.22292
0.2398482
0.058727800000000004
1.0

0.092318
0.0213653
-0.2531254
0.27449070000000003
0.0709527
1.0

0.0773522
0.0168193
-0.2324726
0.24929189999999998
0.0605329
1.0
