
0.20253110000000002
0.0506015
-1.1219803000000002
1.1725818000000001
0.1519296
1.0

0.158869
0.0639187
-0.3850721
0.44899079999999997
0.0949503
1.0

0.354763
0.1936599
-0.4474248
0.6410847
0.1611031
1.0

0.38660120000000003
0.28616179999999997
-0.4123686
0.6985304
0.1004394
1.0

0.2433892
0.1590839
-0.3166636
0.4757475
0.0843053
1.0

0.0975126
0.0225591
-0.3009593
0.32351840000000004
0.0749535
1.0

0.0978295
0.0222189
-0.286436
0.3086549
0.0756106
1.0

0.1345765
0.076701
-0.23256829999999998
0.30926929999999997
0.0578755
1.0

0.1281073
0.0269584
-0.2627465
0.28970490000000004
0.1011489
1.0

0.0870498
0.0209563
-0.2675479
0.2885042
0.0660935
1.0
