
0.16679970000000002
0.0315103
-1.1407983000000002
1.1723086
0.1352894
1.0

0.0937413
0.0327096
-0.35850129999999997
0.39121090000000003
0.061031699999999994
1.0

0.1228045
0.0375586
-0.3797677
0.4173263
0.0852459
1.0

0.349343
0.2592753
-0.3853937
0.644669
0.0900677
1.0

0.1006885
0.0335598
-0.3214862
0.355046
0.0671287
1.0

0.0674012
0.0173605
-0.2569416
0.2743021
0.0500407
1.0

0.08275919999999999
0.0205278
-0.2624807
0.2830085
0.0622314
1.0

0.0645125
0.0182124
-0.2223581
0.2405705
0.0463001
1.0

0.0690253
0.0166917
-0.2615236
0.2782153
0.0523336
1.0

0.08634589999999999
0.0412589
-0.21626789999999999
0.2575268
0.045087
1.0
