
0.25466
0.032109900000000004
-0.9523071999999999
0.9844170999999999
0.2225501
1.0

0.102895
0.024635900000000002
-0.3342533
0.3588892
0.07825910000000001
1.0

0.2290914
0.1368039
-1.83538
1.9721838999999999
0.0922875
1.0

0.18432289999999998
0.0926805
-0.7058441
0.7985246
0.0916424
1.0

0.1529414
0.0756728
-0.4080797
0.4837525
0.0772686
1.0

0.0925434
0.0214915
-0.28132559999999995
0.30281709999999995
0.07105189999999999
1.0

0.0940343
0.0232994
-0.2723716
0.295671
0.07073489999999999
1.0

0.0922463
0.0212665
-0.2361983
0.2574648
0.07097980000000001
1.0

0.1210907
0.024234099999999998
-0.24820129999999999
0.27243540000000005
0.0968566
1.0

0.089065
0.0211123
-0.2601872
0.2812995
0.06795269999999999
1.0
