
0.16233029999999998
0.031927
-1.2415795
1.2735065
0.1304033
1.0

0.1446915
0.0825427
-0.46890790000000004
0.5514506
0.062148800000000004
1.0

0.1756171
0.0816618
-0.3639027
0.4455645
0.0939553
1.0

0.1778399
0.0884461
-0.401649
0.49009509999999995
0.08939380000000001
1.0

0.1286948
0.064641
-0.3164048
0.3810458
0.06405380000000001
1.0

0.07272210000000001
0.019893900000000003
-0.27243290000000003
0.2923268
0.0528282
1.0

0.0686301
0.018971
-0.2509634
0.2699344
0.0496591
1.0

0.0928682
0.050256800000000004
-0.4794773
0.5297341
0.0426114
1.0

0.1193531
0.0180962
-0.2351562
0.2532524
0.1012569
1.0

0.0599989
0.015057899999999999
-0.2300625
0.2451204
0.044941
1.0
