
0.2006684
0.050937699999999995
-0.7366591
0.7875968000000001
0.14973070000000002
1.0

0.1007818
0.0251103
-0.360237
0.3853473
0.0756715
1.0

0.1726038
0.077141
-1.5962838000000001
1.6734248
0.0954628
1.0

0.4741112
0.0531636
-0.481815
0.5349786
0.4209476
1.0

0.1460287
0.060672
-0.33426079999999997
0.3949328
0.0853567
1.0

0.513153
0.4337227
-0.3230645
0.7567872
0.07943030000000001
1.0

0.0734457
0.0190934
-0.2523477
0.2714411
0.054352300000000006
1.0

0.0645451
0.0187327
-0.2210436
0.2397763
0.0458124
1.0

0.2831921
0.061285599999999996
-0.24376070000000002
0.3050463
0.2219065
1.0

0.056699599999999996
0.01396
-0.22029970000000001
0.23425970000000002
0.042739599999999996
1.0
