
0.23005910000000002
0.0305305
-1.0906078000000001
1.1211383000000001
0.1995286
1.0

0.07749289999999999
0.020292400000000002
-0.359779
0.3800714
0.0572005
1.0

0.199547
0.1127708
-1.1680728999999999
1.2808437
0.0867762
1.0

0.1223675
0.0591425
-0.3663357
0.42547820000000003
0.063225
1.0

0.1669874
0.11309480000000001
-0.2922916
0.40538640000000004
0.0538926
1.0

0.3508751
0.2997565
-0.2846399
0.5843964
0.0511186
1.0

0.0677143
0.018438700000000002
-0.266443
0.2848817
0.049275599999999996
1.0

0.0593833
0.0154272
-0.2058496
0.2212768
0.0439561
1.0

0.0674684
0.0173152
-0.23260039999999998
0.24991560000000002
0.050153199999999995
1.0

0.0575745
0.0140854
-0.2220151
0.2361005
0.043489099999999996
1.0
