
0.1524481
0.028594900000000003
-0.7385186
0.7671135
0.1238532
1.0

0.1195195
0.0630411
-0.3163977
0.37943879999999996
0.0564784
1.0

0.1394256
0.0738893
-0.3651983
0.43908759999999997
0.0655363
1.0

0.3974384
0.3107255
-0.4052735
0.715999
0.0867129
1.0

0.1430449
0.0654291
-0.3639349
0.429364
0.0776158
1.0

0.06953
0.0176623
-0.2590558
0.27671809999999997
0.051867699999999996
1.0

0.0727452
0.0244462
-0.2443038
0.26875
0.048299
1.0

0.0609932
0.0153028
-0.2169468
0.2322496
0.0456904
1.0

0.07148260000000001
0.0230934
-0.23355889999999999
0.2566523
0.0483892
1.0

0.058937699999999996
0.014326700000000001
-0.4800604
0.49438709999999997
0.044611
1.0
