
0.2818476
0.047055400000000004
-0.6974241
0.7444795
0.2347922
1.0

0.11915060000000001
0.0191388
-0.3524895
0.37162829999999997
0.1000118
1.0

0.2629845
0.1915105
-0.3988785
0.590389
0.071474
1.0

0.411076
0.32390759999999996
-0.4136422
0.7375498
0.0871684
1.0

0.177601
0.12028230000000001
-0.2640431
0.38432540000000004
0.0573187
1.0

0.1657621
0.0198823
-0.2923369
0.31221920000000003
0.14587979999999998
1.0

0.06493840000000001
0.016245799999999998
-0.23258020000000001
0.248826
0.048692599999999996
1.0

0.1035786
0.0601335
-0.2069756
0.2671091
0.0434451
1.0

0.1104421
0.0161156
-0.2304312
0.24654679999999998
0.0943265
1.0

0.2075565
0.0146103
-0.2261724
0.24078270000000002
0.1929462
1.0
