
0.18095979999999998
0.0328099
-0.8950213
0.9278312
0.1481499
1.0

0.1012273
0.026367900000000003
-0.3445135
0.3708814
0.07485939999999999
1.0

0.2125429
0.113548
-0.4252705
0.5388185
0.0989949
1.0

0.5670564
0.471654
-0.3995163
0.8711703000000001
0.0954024
1.0

0.23945870000000002
0.1582678
-0.31715
0.4754178
0.0811909
1.0

0.3537556
0.29084879999999996
-0.279755
0.5706038
0.0629068
1.0

0.1069658
0.0258911
-0.2975545
0.3234456
0.0810747
1.0

0.0813512
0.0211102
-0.9859761
1.0070863
0.060241
1.0

0.0900964
0.0224968
-0.24550870000000002
0.2680055
0.06759960000000001
1.0

0.0723198
0.018424799999999998
-0.238144
0.2565688
0.053895
1.0
