
0.27201
0.121222
-1.175609
1.296831
0.150788
1.0

0.1182576
0.0346025
-0.3364238
0.3710263
0.08365510000000001
1.0

0.37116170000000004
0.2935886
-0.35763
0.6512186
0.0775731
1.0

0.21551279999999998
0.1228799
-0.42057120000000003
0.5434511
0.09263289999999999
1.0

0.1641197
0.07709769999999999
-0.3822076
0.45930529999999997
0.087022
1.0

0.4786979
0.4162536
-0.2616465
0.6779001
0.0624443
1.0

0.0934295
0.037434699999999994
-0.25311
0.2905447
0.055994800000000004
1.0

0.0650766
0.017758
-0.20921520000000002
0.2269732
0.047318599999999995
1.0

0.09282639999999999
0.0240848
-0.25034629999999997
0.2744311
0.0687416
1.0

0.0822294
0.02959
-0.2291889
0.2587789
0.0526394
1.0
