
0.1701933
0.0346376
-0.9512022
0.9858398
0.1355557
1.0

0.0965477
0.0343785
-0.3505824
0.38496090000000005
0.062169199999999994
1.0

0.33993209999999996
0.2562938
-0.4631648
0.7194586
0.0836383
1.0

0.281784
0.19603120000000002
-0.41882159999999996
0.6148528000000001
0.0857528
1.0

0.1773461
0.0546175
-1.0942884
1.1489059
0.12272860000000001
1.0

0.3132725
0.2556352
-0.2422194
0.4978546
0.0576373
1.0

0.0723508
0.0185849
-0.29773320000000003
0.3163181
0.0537659
1.0

0.0586905
0.0150064
-0.21272639999999998
0.22773279999999999
0.0436841
1.0

0.0735102
0.0211182
-0.2359736
0.2570918
0.052392
1.0

0.0611953
0.0159945
-0.2174682
0.23346270000000002
0.045200800000000006
1.0
