
0.16925179999999998
0.046059800000000005
-1.1019813999999999
1.1480412
0.123192
1.0

0.0728078
0.019234400000000002
-0.3274412
0.3466756
0.0535734
1.0

0.1394184
0.0791074
-0.3383534
0.41746079999999997
0.060311
1.0

0.1675404
0.0801763
-1.1735598
1.2537361
0.0873641
1.0

0.15600470000000002
0.0724468
-0.3150406
0.38748740000000004
0.08355789999999999
1.0

0.068065
0.0159183
-0.2614857
0.277404
0.0521467
1.0

0.0638096
0.017156099999999997
-0.2396955
0.2568516
0.0466535
1.0

0.0571839
0.0146194
-0.2015005
0.2161199
0.0425645
1.0

0.1418821
0.0918003
-0.2229452
0.3147455
0.0500818
1.0

0.0613656
0.0161088
-0.5003824
0.5164912
0.0452568
1.0
