
0.2016066
0.035953599999999995
-0.8250082
0.8609618
0.165653
1.0

0.12199589999999999
0.0281532
-0.3655075
0.39366070000000003
0.0938427
1.0

0.3654205
0.2702002
-0.5568126999999999
0.8270129
0.09522030000000001
1.0

0.1203615
0.027983599999999997
-0.3626102
0.3905938
0.0923779
1.0

0.1729338
0.0956484
-1.7272637
1.8229121000000001
0.07728539999999999
1.0

0.0988457
0.025397700000000002
-0.2905796
0.31597729999999996
0.073448
1.0

0.0753808
0.0203769
-0.26327090000000003
0.2836478
0.0550039
1.0

0.0697933
0.0172507
-0.21643410000000002
0.2336848
0.0525426
1.0

0.1729302
0.055398
-0.2426836
0.2980816
0.1175322
1.0

0.0600075
0.0146816
-0.2197983
0.2344799
0.0453259
1.0
