
0.1613973
0.028787200000000002
-0.8426214000000001
0.8714086
0.1326101
1.0

0.0761652
0.0198611
-0.3255284
0.3453895
0.056304099999999996
1.0

0.2945018
0.2261018
-0.5380834
0.7641852
0.0684
1.0

0.1665455
0.087724
-0.4044362
0.4921602
0.0788215
1.0

0.1393455
0.0729788
-0.3019878
0.3749666
0.0663667
1.0

0.0805338
0.0299636
-0.2668133
0.2967769
0.050570199999999996
1.0

0.06569080000000001
0.018530900000000003
-0.2513016
0.2698325
0.047159900000000005
1.0

0.0931669
0.049407599999999996
-0.2033708
0.2527784
0.0437593
1.0

0.0668429
0.0174354
-0.4886625
0.5060979
0.0494075
1.0

0.0609705
0.0167372
-0.228406
0.2451432
0.0442333
1.0
