
0.1874613
0.050227
-1.3775701999999999
1.4277971999999999
0.13723429999999998
1.0

0.09563669999999999
0.0229171
-0.32399490000000003
0.346912
0.07271960000000001
1.0

0.16774370000000002
0.083819
-0.3807236
0.46454259999999997
0.08392469999999999
1.0

0.1613238
0.0775259
-0.4050615
0.4825874
0.0837979
1.0

0.2033277
0.1093881
-0.32569570000000003
0.43508379999999997
0.09393960000000001
1.0

0.3350451
0.2580434
-0.26913790000000004
0.5271813000000001
0.07700169999999999
1.0

0.1000022
0.022140299999999998
-0.2786484
0.3007887
0.0778619
1.0

0.09397889999999999
0.0218689
-0.2681348
0.29000370000000003
0.07211
1.0

0.1197865
0.056595
-0.2527576
0.3093526
0.0631915
1.0

0.0828671
0.019690799999999998
-0.250637
0.2703278
0.0631763
1.0
