
0.1694595
0.0287952
-0.6418492
0.6706444
0.1406643
1.0

0.17002910000000002
0.10515260000000001
-0.3422111
0.44736370000000003
0.0648765
1.0

0.0979027
0.0258398
-0.3631244
0.38896420000000004
0.0720629
1.0

0.397957
0.3124111
-0.39638270000000003
0.7087938
0.0855459
1.0

0.1231612
0.0526325
-0.4347872
0.4874197
0.0705287
1.0

0.3031528
0.238858
-0.438764
0.677622
0.0642948
1.0

0.06868210000000001
0.0179599
-0.2479026
0.2658625
0.050722199999999995
1.0

0.09168639999999999
0.0171065
-0.23078010000000002
0.2478866
0.07457989999999999
1.0

0.1415996
0.017045400000000002
-0.2788596
0.295905
0.1245542
1.0

0.0572239
0.0148137
-0.2171721
0.2319858
0.042410199999999995
1.0
