
0.2791963
0.1185522
-0.6786106
0.7971628000000001
0.1606441
1.0

0.1012918
0.0225451
-0.39012159999999996
0.4126667
0.0787467
1.0

0.16642189999999998
0.0773036
-0.4177691
0.49507270000000003
0.0891183
1.0

0.2452649
0.1475183
-0.42461390000000004
0.5721322
0.0977466
1.0

0.2439965
0.1599763
-0.3579907
0.517967
0.0840202
1.0

0.4041916
0.3313334
-0.29269890000000004
0.6240323000000001
0.0728582
1.0

0.0927895
0.0213519
-0.2715321
0.292884
0.0714376
1.0

0.091422
0.0221029
-0.2382544
0.2603573
0.06931910000000001
1.0

0.1257647
0.059558599999999996
-0.9923546
1.0519132
0.0662061
1.0

0.08473789999999999
0.017552099999999998
-0.2472969
0.264849
0.0671858
1.0
