
0.2892555
0.14592129999999998
-1.4098413
1.5557626
0.14333420000000002
1.0

0.2076771
0.1513551
-0.2862961
0.4376512
0.056322
1.0

0.33139070000000004
0.2598857
-0.37649340000000003
0.6363791
0.071505
1.0

0.3586458
0.27375109999999997
-0.40444559999999996
0.6781967
0.0848947
1.0

0.1180326
0.0454446
-0.3472717
0.39271629999999996
0.072588
1.0

0.3588732
0.3109723
-0.9827568000000001
1.2937291000000002
0.0479009
1.0

0.0655419
0.0170213
-0.24563
0.2626513
0.0485206
1.0

0.08955089999999999
0.042510599999999996
-0.2144148
0.25692539999999997
0.0470403
1.0

0.099992
0.051669099999999996
-0.2293309
0.281
0.0483229
1.0

0.056518599999999995
0.0135765
-0.22864120000000002
0.2422177
0.0429421
1.0
