
0.28230659999999996
0.1578743
-0.8745320999999999
1.0324064
0.12443230000000001
1.0

0.089005
0.0211103
-0.3426537
0.363764
0.0678947
1.0

0.2010051
0.1062679
-0.4306701
0.536938
0.0947372
1.0

0.3453315
0.2605902
-0.38618959999999997
0.6467798
0.0847413
1.0

0.1394099
0.07718839999999999
-0.3073758
0.3845642
0.0622215
1.0

0.337295
0.2819811
-0.279841
0.5618221
0.0553139
1.0

0.0665587
0.018221900000000003
-0.2658879
0.28410979999999997
0.048336800000000006
1.0

0.0618288
0.015317299999999999
-0.2053459
0.2206632
0.0465115
1.0

0.0681331
0.019226200000000002
-0.2227367
0.24196289999999998
0.0489069
1.0

0.0589039
0.015097600000000001
-0.218468
0.2335656
0.043806300000000006
1.0
