
0.1465328
0.026828099999999997
-1.1318906000000002
1.1587186999999999
0.1197047
1.0

0.0889645
0.0219421
-0.32339290000000004
0.345335
0.0670224
1.0

0.2403142
0.1699859
-0.3739168
0.5439027
0.0703283
1.0

0.17681629999999998
0.0716036
-0.34518109999999996
0.4167847
0.10521269999999999
1.0

0.15905239999999998
0.0904643
-0.3212437
0.411708
0.0685881
1.0

0.1908776
0.12048930000000001
-0.29309779999999996
0.4135871
0.0703883
1.0

0.0892701
0.024951
-0.2986778
0.3236288
0.0643191
1.0

0.0626246
0.016248600000000002
-0.2266312
0.24287979999999998
0.046376
1.0

0.0674888
0.0191426
-0.231977
0.2511196
0.0483462
1.0

0.0607433
0.017209099999999998
-0.9093256
0.9265346999999999
0.043534199999999995
1.0
