
0.1577875
0.0275753
-0.9575349000000001
0.9851101999999999
0.1302122
1.0

0.07233360000000001
0.018007099999999998
-0.3128415
0.3308486
0.0543265
1.0

0.09569269999999999
0.026377099999999997
-0.3468773
0.37325440000000004
0.0693156
1.0

0.30661279999999996
0.21649960000000001
-0.3939107
0.6104103000000001
0.09011319999999999
1.0

0.1824759
0.0912348
-0.402407
0.49364179999999996
0.0912411
1.0

0.5567892
0.4844685
-0.3598822
0.8443506999999999
0.0723207
1.0

0.0781175
0.0263092
-0.2475102
0.27381940000000005
0.0518083
1.0

0.0996771
0.054026199999999996
-0.9921808000000001
1.046207
0.0456509
1.0

0.0616053
0.0141999
-0.2471253
0.26132520000000004
0.0474054
1.0

0.0548941
0.013283399999999999
-0.22156379999999998
0.2348472
0.0416107
1.0
