
0.1650714
0.0319207
-1.4145938
1.4465145
0.1331507
1.0

0.0970093
0.0232217
-0.38160279999999996
0.4048245
0.07378760000000001
1.0

0.1296197
0.0502926
-0.3833845
0.4336771
0.07932710000000001
1.0

0.1708695
0.0838338
-0.37067809999999995
0.4545119
0.0870357
1.0

0.1673674
0.0409674
-0.2858832
0.3268506
0.1264
1.0

0.3076914
0.2554374
-0.2962389
0.5516763
0.052254
1.0

0.0740812
0.0182627
-0.26959859999999997
0.2878613
0.0558185
1.0

0.06430469999999999
0.016442599999999998
-0.23450870000000001
0.2509513
0.0478621
1.0

0.1045267
0.0525988
-0.9647946
1.0173934
0.0519279
1.0

0.0631012
0.0150855
-0.2340244
0.2491099
0.048015699999999994
1.0
