
0.15813229999999998
0.0303425
-1.1453
1.1756425
0.1277898
1.0

0.14462629999999999
0.0267375
-1.0310991999999999
1.0578367
0.1178888
1.0

0.1553015
0.0824374
-0.394228
0.4766654
0.0728641
1.0

0.1868561
0.1047804
-0.3993107
0.5040911
0.0820757
1.0

0.1114324
0.0408655
-0.3082432
0.3491087
0.07056689999999999
1.0

0.08879719999999999
0.0397582
-0.25527089999999997
0.2950291
0.049039
1.0

0.0698213
0.0178734
-0.2588162
0.2766896
0.0519479
1.0

0.06821630000000001
0.0179254
-0.2290654
0.24699079999999998
0.0502909
1.0

0.0751525
0.0188992
-0.2325905
0.25148970000000004
0.056253300000000006
1.0

0.061727300000000006
0.0144732
-0.2298765
0.2443497
0.0472541
1.0
