
0.35366020000000004
0.0299665
-0.693362
0.7233285
0.32369370000000003
1.0

0.0782814
0.0185535
-0.31383
0.3323835
0.0597279
1.0

0.12626289999999998
0.051162900000000004
-0.5281158
0.5792786999999999
0.0751
1.0

0.2468682
0.151075
-0.42328590000000005
0.5743609000000001
0.0957932
1.0

0.20369820000000002
0.10879710000000001
-0.4025415
0.5113386
0.0949011
1.0

0.09460210000000001
0.0244968
-0.2873763
0.31187309999999996
0.07010530000000001
1.0

0.086625
0.0202965
-0.905131
0.9254275
0.0663285
1.0

0.0596278
0.015284899999999999
-0.2051296
0.2204145
0.044342900000000005
1.0

0.1514914
0.0960545
-0.2245829
0.3206374
0.055436900000000004
1.0

0.0600589
0.013897399999999999
-0.2172221
0.2311195
0.0461615
1.0
