
0.16924779999999998
0.0325138
-0.9217061999999999
0.95422
0.136734
1.0

0.0874356
0.0213537
-0.32165520000000003
0.3430089
0.0660819
1.0

0.149114
0.0493736
-1.1329683000000002
1.1823419
0.09974039999999999
1.0

0.3260967
0.2306105
-0.42602029999999996
0.6566308000000001
0.0954862
1.0

0.1465265
0.0582225
-0.43512829999999997
0.4933508
0.088304
1.0

0.3199533
0.2630902
-0.3049924
0.5680826
0.0568631
1.0

0.0759718
0.0198757
-0.2512811
0.2711568
0.056096099999999996
1.0

0.09336069999999999
0.0471069
-0.9230788000000001
0.9701856999999999
0.046253800000000005
1.0

0.0728202
0.0212284
-0.227002
0.2482304
0.0515918
1.0

0.059186199999999994
0.0138579
-0.2236524
0.23751029999999998
0.0453283
1.0
