
0.16690470000000002
0.0278845
-1.3664545
1.394339
0.1390202
1.0

0.1014262
0.0461588
-0.3344508
0.3806096
0.0552674
1.0

0.0825269
0.0236759
-0.5974494
0.6211253
0.058851
1.0

0.1091266
0.0263707
-0.3545836
0.38095429999999997
0.0827559
1.0

0.1358411
0.059451
-0.3592499
0.41870090000000004
0.0763901
1.0

0.07419339999999999
0.0201063
-0.325485
0.3455913
0.0540871
1.0

0.0645596
0.0172906
-0.2587167
0.2760073
0.047269
1.0

0.0609991
0.0161989
-0.2180772
0.23427610000000001
0.0448002
1.0

0.0644479
0.0184625
-0.2328816
0.2513441
0.0459854
1.0

0.7477015
0.7014532
-0.22608679999999998
0.92754
0.046248300000000006
1.0
