
0.1752736
0.0448065
-1.3109544
1.3557609
0.1304671
1.0

0.08865310000000001
0.0191424
-0.3216056
0.340748
0.0695107
1.0

0.2155045
0.091604
-0.4550099
0.5466139
0.1239005
1.0

0.252781
0.1628204
-0.4044382
0.5672586
0.0899606
1.0

0.1395041
0.0673996
-0.325449
0.3928486
0.0721045
1.0

0.4163281
0.3642905
-0.25674610000000003
0.6210365999999999
0.052037599999999996
1.0

0.06651130000000001
0.0159319
-0.2559185
0.27185040000000005
0.050579400000000004
1.0

0.0677212
0.0180185
-0.2263133
0.2443318
0.049702699999999995
1.0

0.0616068
0.0141943
-0.2386707
0.252865
0.0474125
1.0

0.0640663
0.017736099999999998
-0.2314149
0.249151
0.046330199999999995
1.0
