
0.196282
0.0411219
-1.0804939
1.1216158
0.1551601
1.0

0.1545684
0.0869661
-0.34861840000000005
0.4355845
0.0676023
1.0

0.1465707
0.07393369999999999
-0.347919
0.4218527
0.072637
1.0

0.4238242
0.1484724
-1.5561193999999998
1.7045918
0.2753518
1.0

0.21225770000000002
0.1201322
-0.4023921
0.5225242999999999
0.0921255
1.0

0.43561
0.3705366
-0.288831
0.6593675999999999
0.0650734
1.0

0.06935580000000001
0.0177171
-0.2315044
0.2492215
0.051638699999999996
1.0

0.06651030000000001
0.017707599999999997
-0.2200947
0.2378023
0.0488027
1.0

0.4323248
0.3699094
-0.2481046
0.618014
0.0624154
1.0

0.0688029
0.0178175
-0.22533070000000002
0.2431482
0.0509854
1.0
