
0.15710839999999998
0.0317609
-1.0471401
1.078901
0.1253475
1.0

0.0970998
0.0374559
-0.305422
0.3428779
0.0596439
1.0

0.2721056
0.2039693
-0.3754473
0.5794166
0.0681363
1.0

0.2380075
0.1523189
-1.0970758
1.2493946999999999
0.0856886
1.0

0.14862039999999999
0.0392217
-0.2646935
0.3039152
0.1093987
1.0

0.4464909
0.3861908
-0.274129
0.6603198
0.060300099999999995
1.0

0.0793493
0.0200411
-0.266459
0.2865001
0.0593082
1.0

0.0860646
0.030908599999999998
-0.2425137
0.2734223
0.055156
1.0

0.0680051
0.0185645
-0.2301413
0.24870579999999998
0.0494406
1.0

0.061338199999999996
0.0158756
-1.1397363999999999
1.155612
0.0454626
1.0
