
0.1848271
0.060352199999999995
-0.9940383
1.0543905
0.1244749
1.0

0.1147894
0.0514768
-1.0180494
1.0695261999999999
0.0633126
1.0

0.108067
0.034867
-0.4254902
0.4603572
0.0732
1.0

0.1704241
0.0788907
-0.6251968
0.7040875
0.0915334
1.0

0.1163509
0.045644699999999996
-0.2982373
0.343882
0.0707062
1.0

0.3120658
0.2608672
-0.26117070000000003
0.5220379
0.0511986
1.0

0.07261010000000001
0.01918
-0.24784920000000002
0.2670292
0.0534301
1.0

0.7826029
0.7368602
-0.2379753
0.9748355
0.0457427
1.0

0.11206160000000001
0.0640754
-0.234717
0.2987924
0.0479862
1.0

0.0583404
0.014666299999999998
-0.22949029999999998
0.2441566
0.0436741
1.0
