
0.294406
0.1791198
-1.3270761000000002
1.5061958999999998
0.11528619999999999
1.0

0.15314139999999998
0.0748611
-0.4344491
0.5093102
0.0782803
1.0

0.217159
0.1234083
-0.454199
0.5776073
0.09375069999999999
1.0

0.10945310000000001
0.0282102
-0.3680565
0.3962667
0.08124289999999999
1.0

0.1777766
0.1038814
-0.3138393
0.4177207
0.0738952
1.0

0.3607775
0.3095702
-0.28413740000000004
0.5937076
0.051207300000000004
1.0

0.0832157
0.019361
-0.8915238000000001
0.9108848
0.0638547
1.0

0.0661128
0.0168496
-0.2341967
0.2510463
0.0492632
1.0

0.0710304
0.018476799999999998
-0.2329107
0.2513875
0.0525536
1.0

0.145413
0.101673
-0.22269239999999998
0.3243654
0.04374
1.0
