
0.1943306
0.0292896
-0.7042406
0.7335301999999999
0.165041
1.0

0.10814439999999999
0.0419099
-0.3730347
0.4149446
0.0662345
1.0

0.1918985
0.073237
-1.6353832
1.7086202
0.1186615
1.0

0.3890737
0.0851464
-0.4888217
0.5739681
0.3039273
1.0

0.16876829999999998
0.0948481
-0.38732479999999997
0.4821729
0.07392019999999999
1.0

0.542337
0.47564429999999996
-0.3405971
0.8162414
0.0666927
1.0

0.0792732
0.0200551
-0.28173940000000003
0.3017945
0.059218099999999996
1.0

0.062429
0.0167596
-0.21868579999999999
0.2354454
0.0456694
1.0

0.1210144
0.0655634
-0.8643039
0.9298673000000001
0.055451
1.0

0.056522300000000004
0.014373700000000001
-0.2229515
0.23732520000000001
0.0421486
1.0
