
0.2137576
0.042397
-0.737668
0.780065
0.1713606
1.0

0.1913019
0.1034668
-0.4411275
0.5445943000000001
0.0878351
1.0

0.1056811
0.0424268
-0.30626359999999997
0.3486904
0.0632543
1.0

0.1562004
0.0736736
-0.2705397
0.3442133
0.0825268
1.0

0.16604670000000002
0.0979661
-0.276558
0.37452409999999997
0.0680806
1.0

0.3827543
0.32273890000000005
-0.2671243
0.5898631999999999
0.0600154
1.0

0.0783481
0.0192757
-0.2567628
0.2760385
0.059072400000000004
1.0

0.072287
0.0186913
-0.2341275
0.2528188
0.053595699999999996
1.0

0.0733494
0.019704
-0.23709570000000002
0.2567997
0.0536454
1.0

0.0626707
0.0146688
-0.2267168
0.2413856
0.0480019
1.0
