
0.1745455
0.032512900000000004
-0.7212399
0.7537528
0.1420326
1.0

0.171273
0.08257089999999999
-0.44465920000000003
0.5272300999999999
0.0887021
1.0

0.1564007
0.06462280000000001
-0.45248109999999997
0.5171039000000001
0.0917779
1.0

0.2224847
0.1301113
-0.3995633
0.5296746
0.0923734
1.0

0.15769229999999998
0.0659241
-0.4324686
0.4983927
0.0917682
1.0

0.464022
0.392974
-0.48574490000000003
0.8787189
0.071048
1.0

0.13819710000000002
0.053658199999999996
-0.34350909999999996
0.3971673
0.0845389
1.0

0.0886534
0.024281599999999997
-0.8896531999999999
0.9139348
0.0643718
1.0

0.2250013
0.1513134
-0.2733658
0.42467920000000003
0.0736879
1.0

0.0859342
0.0186784
-0.2508283
0.2695067
0.0672558
1.0
