
0.18796320000000002
0.0359224
-1.2526372
1.2885596000000001
0.15204079999999998
1.0

0.1065689
0.025568599999999997
-0.35768940000000005
0.383258
0.0810003
1.0

0.1804481
0.10253
-1.0797089
1.1822389
0.0779181
1.0

0.1352867
0.0391302
-0.4137532
0.45288340000000005
0.0961565
1.0

0.1957217
0.1084257
-0.4120233
0.520449
0.087296
1.0

0.2042105
0.119308
-0.6035453000000001
0.7228533
0.0849025
1.0

0.083309
0.019972
-0.2692609
0.2892329
0.063337
1.0

0.0660966
0.0163075
-0.2188566
0.23516410000000001
0.049789099999999996
1.0

0.1727402
0.1166921
-0.22966229999999999
0.3463544
0.0560481
1.0

0.0836425
0.0327511
-0.22540729999999998
0.2581584
0.0508914
1.0
