
0.2234695
0.0335131
-1.7272246
1.7607377
0.1899564
1.0

0.1740948
0.0689961
-0.5360801
0.6050762
0.1050987
1.0

0.2642526
0.1117303
-0.4917174
0.6034476999999999
0.1525223
1.0

0.12522160000000002
0.0323076
-0.3493702
0.3816778
0.092914
1.0

0.1944411
0.0651666
-0.3249767
0.39014329999999997
0.1292745
1.0

0.34208259999999996
0.2729452
-0.269555
0.5425002
0.06913739999999999
1.0

0.19097779999999998
0.022471
-0.9087145999999999
0.9311856
0.16850679999999998
1.0

0.077568
0.0214592
-0.22810870000000003
0.24956789999999998
0.0561088
1.0

0.1036294
0.0246767
-0.29666709999999996
0.3213438
0.0789527
1.0

0.0774289
0.0183673
-0.2461174
0.2644847
0.0590616
1.0
