
0.1826468
0.0304447
-1.2953614
1.3258061
0.1522021
1.0

0.0794991
0.0205819
-0.3460304
0.3666123
0.058917199999999996
1.0

0.28292540000000005
0.1944733
-0.4388971
0.6333704
0.0884521
1.0

0.4223241
0.3266394
-0.4532407
0.7798801
0.0956847
1.0

0.17060060000000002
0.07788460000000001
-0.35030740000000005
0.428192
0.092716
1.0

0.2021611
0.1502248
-0.2642711
0.41449590000000003
0.051936300000000005
1.0

0.0728827
0.0198269
-0.2599728
0.2797997
0.0530558
1.0

0.0729957
0.0210264
-0.268142
0.28916840000000005
0.0519693
1.0

0.0704068
0.0204765
-0.2682383
0.2887148
0.049930300000000004
1.0

0.0585453
0.0142857
-0.2244158
0.2387015
0.044259599999999996
1.0
