
0.21460120000000002
0.0646388
-0.7419821
0.8066209
0.1499624
1.0

0.1801212
0.102303
-0.4076269
0.5099299
0.07781819999999999
1.0

0.0784041
0.019813599999999997
-0.2802527
0.3000663
0.0585905
1.0

0.0822161
0.0215339
-0.2481164
0.2696503
0.0606822
1.0

0.1030948
0.0539359
-0.9193248
0.9732607
0.0491589
1.0

0.3651169
0.3120521
-0.2587948
0.5708469
0.0530648
1.0

0.07468839999999999
0.0190455
-0.2585805
0.277626
0.0556429
1.0

0.0639658
0.0165538
-0.2190051
0.2355589
0.047412
1.0

0.1215424
0.0682556
-0.23464870000000002
0.3029043
0.0532868
1.0

0.0776868
0.017623
-0.2425123
0.2601353
0.0600638
1.0
