
0.1749957
0.0320744
-0.8266889000000001
0.8587633
0.1429213
1.0

0.1045584
0.026069400000000003
-0.40775059999999996
0.43382
0.078489
1.0

0.3156283
0.21861670000000002
-0.4582288
0.6768455
0.0970116
1.0

0.09995789999999999
0.0274229
-0.3038832
0.3313061
0.072535
1.0

0.1374948
0.0283527
-0.28943490000000005
0.3177876
0.1091421
1.0

0.4545991
0.30754990000000004
-0.29036270000000003
0.5979126
0.14704920000000002
1.0

0.10185369999999999
0.023213400000000002
-0.28840940000000004
0.3116228
0.0786403
1.0

0.1612659
0.0242405
-0.2582315
0.282472
0.1370254
1.0

0.1458607
0.07942310000000001
-0.2557457
0.3351688
0.0664376
1.0

0.0875855
0.0224556
-0.25289079999999997
0.27534640000000005
0.0651299
1.0
