
0.221669
0.0384365
-0.8174584
0.8558949
0.1832325
1.0

0.215183
0.1095855
-0.5622849
0.6718704
0.1055975
1.0

0.15304579999999998
0.0390472
-0.4223048
0.461352
0.1139986
1.0

0.1691516
0.0815327
-0.3502437
0.4317764
0.0876189
1.0

0.1242452
0.0489212
-0.25892339999999997
0.30784459999999997
0.075324
1.0

0.1024193
0.0281123
-0.3361619
0.3642742
0.074307
1.0

0.1077809
0.0351492
-0.288681
0.3238302
0.0726317
1.0

0.0878435
0.020622400000000003
-0.2511602
0.2717826
0.0672211
1.0

0.1220103
0.0575969
-0.2610254
0.31862229999999997
0.0644134
1.0

0.0651278
0.0175679
-0.24032889999999998
0.2578968
0.0475599
1.0
