
0.4888455
0.32448
-0.8174431999999999
1.1419232
0.1643655
1.0

0.1431458
0.0404354
-0.5105092
0.5509446
0.1027104
1.0

0.2508317
0.1457952
-0.4746568
0.620452
0.1050365
1.0

0.1619761
0.060884
-0.4903675
0.5512515
0.1010921
1.0

0.2026189
0.1105089
-0.366455
0.4769639
0.09211
1.0

0.209906
0.0374252
-0.28524259999999996
0.3226678
0.1724808
1.0

0.09743510000000001
0.0233533
-0.2862484
0.30960170000000004
0.0740818
1.0

0.0874262
0.021264400000000003
-0.2483936
0.269658
0.0661618
1.0

0.0989931
0.0253
-0.26990309999999995
0.2952031
0.07369310000000001
1.0

0.0991339
0.0203423
-0.24891739999999998
0.2692597
0.0787916
1.0
