
0.2119896
0.058401
-0.744879
0.80328
0.15358860000000002
1.0

0.13569479999999998
0.0495564
-0.5504666
0.600023
0.08613839999999999
1.0

0.1972587
0.09105160000000001
-0.6222073
0.7132589
0.10620710000000001
1.0

0.1246923
0.0313105
-0.5358788000000001
0.5671893
0.0933818
1.0

0.1405746
0.0565519
-0.3699147
0.4264666
0.08402269999999999
1.0

0.1405734
0.07914260000000001
-0.3659889
0.4451315
0.0614308
1.0

0.1060048
0.0434555
-1.1003943
1.1438498000000001
0.0625493
1.0

0.0684814
0.016467
-0.2640094
0.2804764
0.0520144
1.0

0.0716463
0.0191249
-0.2300296
0.2491545
0.0525214
1.0

0.2167893
0.0142091
-0.23629879999999998
0.2505079
0.20258020000000002
1.0
