
0.1749278
0.026214400000000002
-1.3203163
1.3465307
0.1487134
1.0

0.11197860000000001
0.034681300000000005
-0.3855389
0.4202202
0.0772973
1.0

0.3060966
0.20949820000000002
-0.5147254
0.7242236
0.0965984
1.0

0.1340067
0.056455
-0.8337936
0.8902486
0.0775517
1.0

0.14999410000000002
0.0709738
-0.334758
0.4057318
0.0790203
1.0

0.2379608
0.150487
-0.5141911
0.6646780999999999
0.0874738
1.0

0.085756
0.0220133
-0.2897281
0.3117414
0.0637427
1.0

0.0822586
0.02615
-0.28232
0.30847
0.0561086
1.0

0.17946279999999998
0.12221889999999999
-0.23
0.3522189
0.0572439
1.0

0.059620400000000004
0.0147798
-0.2336645
0.24844429999999998
0.0448406
1.0
