
0.137594
0.0303749
-0.7037661
0.734141
0.10721910000000001
1.0

0.16596770000000002
0.0877435
-0.5611948
0.6489383000000001
0.0782242
1.0

0.2161079
0.1330904
-0.45789979999999997
0.5909901999999999
0.0830175
1.0

0.1233643
0.0483439
-0.358546
0.4068899
0.0750204
1.0

0.16095779999999998
0.0896721
-0.30260529999999997
0.3922774
0.0712857
1.0

0.0882114
0.0198774
-0.2657454
0.2856228
0.068334
1.0

0.08317039999999999
0.0320011
-0.2724261
0.3044272
0.0511693
1.0

0.0638161
0.016356799999999998
-0.8247161
0.8410729
0.0474593
1.0

0.15226910000000002
0.0867775
-0.2327622
0.31953970000000004
0.0654916
1.0

0.0556906
0.0143741
-0.2269614
0.2413355
0.0413165
1.0
