
0.1629935
0.033529800000000005
-1.8727386000000001
1.9062683999999999
0.1294637
1.0

0.1333595
0.0315561
-0.4726278
0.5041839
0.10180339999999999
1.0

0.328871
0.2414331
-0.5791733
0.8206064000000001
0.0874379
1.0

0.2423305
0.1525932
-0.38070329999999997
0.5332965
0.0897373
1.0

0.0901944
0.0349428
-0.245689
0.2806318
0.0552516
1.0

0.1248095
0.0211923
-0.2704029
0.2915952
0.10361719999999999
1.0

0.07078319999999999
0.0173892
-0.2706935
0.2880827
0.053394
1.0

0.1003502
0.036256199999999995
-0.24267370000000002
0.2789299
0.064094
1.0

0.0950559
0.0217166
-0.2482731
0.2699897
0.0733393
1.0

0.08694389999999999
0.0202365
-0.2503491
0.2705856
0.0667074
1.0
