
0.1673433
0.0296344
-0.8636529000000001
0.8932873
0.1377089
1.0

0.10412830000000001
0.0284905
-0.4232903
0.4517808
0.0756378
1.0

0.14810210000000001
0.06758289999999999
-0.4456888
0.5132717
0.0805192
1.0

0.09946260000000001
0.0269093
-0.3386451
0.3655544
0.0725533
1.0

0.1462483
0.0848602
-0.2811304
0.3659906
0.0613881
1.0

0.0773662
0.0206511
-0.26889620000000003
0.2895473
0.0567151
1.0

0.07794369999999999
0.021347900000000003
-0.7136872
0.7350350999999999
0.0565958
1.0

0.0697009
0.018697
-0.2442304
0.26292740000000003
0.051003900000000005
1.0

0.22730170000000002
0.1759821
-0.2403589
0.416341
0.0513196
1.0

0.0577366
0.0137719
-0.2225005
0.2362724
0.043964699999999995
1.0
