
0.16080139999999998
0.039034
-0.8292687
0.8683027
0.1217674
1.0

0.1046681
0.0232876
-1.0497117
1.0729993
0.0813805
1.0

0.191315
0.11797730000000001
-0.421116
0.5390933
0.07333769999999999
1.0

0.3301219
0.2498052
-0.4564263
0.7062315
0.08031669999999999
1.0

0.10930569999999999
0.0368615
-0.3941501
0.4310116
0.0724442
1.0

0.08526360000000001
0.0263085
-0.282519
0.3088275
0.058955099999999996
1.0

0.0909692
0.0216183
-0.2802887
0.301907
0.0693509
1.0

0.1241835
0.0569486
-0.9050868000000001
0.9620354
0.0672349
1.0

0.1899784
0.1377345
-0.2381023
0.37583679999999997
0.0522439
1.0

0.0777121
0.0150265
-0.22275070000000002
0.23777720000000002
0.0626856
1.0
