
0.2019675
0.037566300000000004
-0.8738601
0.9114264
0.16440120000000003
1.0

0.1642246
0.049493800000000004
-0.541518
0.5910118000000001
0.11473080000000001
1.0

0.353184
0.254821
-0.491094
0.745915
0.098363
1.0

0.20240239999999998
0.10745980000000001
-0.4927352
0.600195
0.0949426
1.0

0.27564690000000003
0.1827312
-0.3898256
0.5725568000000001
0.0929157
1.0

0.1065866
0.0273026
-0.2880552
0.31535779999999997
0.079284
1.0

0.13105719999999998
0.0529219
-0.7894359
0.8423578
0.0781353
1.0

0.0889354
0.019869
-0.2906065
0.3104755
0.0690664
1.0

0.08121969999999999
0.020007
-0.2332294
0.2532364
0.061212699999999995
1.0

0.0614364
0.014783899999999999
-0.22535429999999998
0.24013820000000002
0.0466525
1.0
