
0.1697877
0.0316004
-0.9120708000000001
0.9436711999999999
0.13818729999999999
1.0

0.3759065
0.2979914
-0.4468092
0.7448005999999999
0.0779151
1.0

0.2129419
0.1092664
-1.928735
2.0380013999999997
0.1036755
1.0

0.381194
0.2911109
-0.3774072
0.6685181
0.0900831
1.0

0.121182
0.0560245
-0.24862489999999998
0.3046494
0.0651575
1.0

0.089141
0.02469
-0.2863757
0.3110657
0.064451
1.0

0.0787894
0.019405
-0.277743
0.297148
0.059384400000000004
1.0

0.0644648
0.0195599
-0.2198592
0.2394191
0.044904900000000005
1.0

0.12075430000000001
0.0214862
-0.6759839
0.6974701
0.09926810000000001
1.0

0.0603299
0.0148054
-0.2180463
0.23285170000000002
0.0455245
1.0
