
0.1466004
0.028158700000000002
-0.8097414000000001
0.8379000999999999
0.1184417
1.0

0.1654945
0.08848210000000001
-0.5077699
0.596252
0.0770124
1.0

0.1960923
0.10869
-0.4727885
0.5814785
0.0874023
1.0

0.11867169999999999
0.030249900000000003
-0.37004
0.40028990000000003
0.08842180000000001
1.0

0.0839955
0.023611200000000002
-0.24986239999999998
0.2734736
0.0603843
1.0

0.0736424
0.020044700000000002
-0.2532989
0.27334359999999996
0.0535977
1.0

0.0701714
0.018135
-0.2517821
0.26991709999999997
0.052036400000000003
1.0

0.06279019999999999
0.0171812
-0.2321434
0.2493246
0.045609
1.0

0.0688263
0.0188869
-0.2264142
0.2453011
0.0499394
1.0

0.0649565
0.0162072
-0.2196467
0.2358539
0.0487493
1.0
