
0.1489564
0.0311993
-0.8255085
0.8567078
0.1177571
1.0

0.0792941
0.022117099999999997
-0.4023116
0.4244287
0.057177
1.0

0.1683884
0.07933280000000001
-0.41722990000000004
0.4965627
0.08905560000000001
1.0

0.2012314
0.1172063
-0.3891139
0.5063202
0.0840251
1.0

0.1303318
0.0284822
-0.2745085
0.3029907
0.10184960000000001
1.0

0.0794253
0.0214405
-0.297698
0.3191385
0.0579848
1.0

0.0732387
0.0178251
-0.2864676
0.3042927
0.0554136
1.0

0.066182
0.017375400000000003
-0.22255570000000002
0.2399311
0.0488066
1.0

0.15693110000000002
0.100005
-0.2542419
0.35424690000000003
0.0569261
1.0

0.0553756
0.0141526
-0.2189452
0.2330978
0.041223
1.0
