
0.360839
0.0282222
-0.7505305999999999
0.7787528
0.3326168
1.0

0.09887710000000001
0.0425641
-0.3975356
0.44009970000000004
0.056313
1.0

0.20825329999999997
0.1146878
-0.4225518
0.5372395999999999
0.0935655
1.0

0.1096506
0.0295447
-0.31781129999999996
0.347356
0.0801059
1.0

0.0944039
0.0272382
-0.27351590000000003
0.30075409999999997
0.0671657
1.0

0.0829686
0.0288565
-0.2717839
0.30064040000000003
0.054112099999999996
1.0

0.0778285
0.020881
-0.2415976
0.26247859999999995
0.0569475
1.0

0.0617871
0.015527
-0.2155144
0.2310414
0.0462601
1.0

0.1249953
0.059902699999999996
-0.3177538
0.3776565
0.0650926
1.0

0.0560388
0.0145359
-0.23516920000000002
0.2497051
0.0415029
1.0
