
0.1435755
0.030056
-0.7658105
0.7958665
0.1135195
1.0

0.10041810000000001
0.0299535
-0.5310336999999999
0.5609871999999999
0.0704646
1.0

0.2480517
0.1812288
-0.5827363000000001
0.7639651
0.06682289999999999
1.0

0.09779639999999999
0.037151
-0.44266059999999996
0.47981159999999995
0.0606454
1.0

0.0756023
0.023941900000000002
-0.3346213
0.3585632
0.0516604
1.0

0.0736225
0.018487
-0.3377031
0.35619009999999995
0.0551355
1.0

0.0716255
0.0170379
-0.3013378
0.31837570000000004
0.0545876
1.0

0.06929930000000001
0.0174768
-0.2671102
0.284587
0.0518225
1.0

0.1702352
0.1085404
-0.2579626
0.366503
0.0616948
1.0

0.06462040000000001
0.0172635
-0.2414106
0.2586741
0.0473569
1.0
