
0.1924583
0.0367884
-0.857789
0.8945774000000001
0.1556699
1.0

0.14067929999999998
0.043817699999999994
-0.47326359999999995
0.5170813
0.0968616
1.0

0.1381965
0.0319328
-1.9087162
1.940649
0.1062637
1.0

0.1049926
0.0288575
-0.4121626
0.44102009999999997
0.07613510000000001
1.0

0.0770585
0.0211527
-0.2646306
0.28578329999999996
0.055905800000000005
1.0

0.0742357
0.0210618
-0.2863108
0.3073726
0.0531739
1.0

0.0955004
0.0402577
-0.26364529999999997
0.303903
0.0552427
1.0

0.0700589
0.0206735
-0.2283756
0.2490491
0.0493854
1.0

0.13015089999999999
0.043887800000000005
-0.870051
0.9139388
0.08626310000000001
1.0

0.0620835
0.0162067
-0.24139729999999998
0.257604
0.0458768
1.0
