
0.5166852000000001
0.38557709999999995
-0.9437683
1.3293454
0.1311081
1.0

0.3102587
0.24699179999999998
-0.4475775
0.6945693000000001
0.0632669
1.0

0.1855776
0.1159831
-0.4716653
0.5876484000000001
0.0695945
1.0

0.1513026
0.0779153
-0.408695
0.4866103
0.0733873
1.0

0.0849124
0.0294267
-0.2885319
0.3179586
0.0554857
1.0

0.4422701
0.39136190000000004
-0.2966946
0.6880565
0.050908199999999994
1.0

0.0670285
0.018179599999999997
-0.2397658
0.2579454
0.0488489
1.0

0.0666707
0.017918299999999998
-0.20988320000000002
0.2278015
0.0487524
1.0

0.0789077
0.018960900000000003
-0.28055009999999997
0.299511
0.0599468
1.0

0.0615179
0.0152555
-0.22465320000000003
0.2399087
0.0462624
1.0
