
15.1389828
14.6412644
0.2924542
0.2052642
2.491944
5.190541400000001
6.958779
1.0

12.1571288
11.969465900000001
0.07108560000000001
0.11657730000000001
1.4401863000000001
3.8448095
6.6844700999999995
1.0

12.677771300000002
12.4428049
0.076114
0.1588524
1.4607128
4.0825694
6.8995227
1.0

12.141619
11.8379871
0.0853502
0.21828170000000002
1.6912456
3.2171372999999996
6.9296042
1.0

12.1671876
11.9995137
0.0651514
0.1025225
1.31727
3.7028119
6.9794317999999995
1.0

12.779183
12.567692
0.0956317
0.1158593
2.5914519
3.4857105
6.4905295999999995
1.0

15.6759005
15.1443364
0.4220023
0.1095618
5.650972599999999
4.1694518
5.323912
1.0

12.5799429
11.8844004
0.5964423000000001
0.0991002
2.3496561000000002
4.1838262
5.3509180999999995
1.0

11.887932699999999
11.4707715
0.2058325
0.2113287
2.3350421
5.1862883
3.9494411
1.0

11.1873438
10.9877895
0.11086889999999999
0.0886854
2.0810711
5.4188605
3.4878579
1.0
