
13.248161199999998
13.3699409
0.0
0.1862564
0.4123785
6.833854
6.1237084
1.0

12.6267093
12.678437800000001
0.0
0.1008702
0.2782237
7.6397476
4.7604665
1.0

10.589642900000001
10.5078984
0.0
0.1754096
0.2193349
5.0792138
5.2093497
1.0

11.9632595
12.101961699999999
0.0
0.1004794
0.3103945
7.2981427000000005
4.4934245
1.0

11.4732825
11.4488235
0.0
0.1231847
0.1751208
4.3971739
6.8765288
1.0

13.031582
13.045387400000001
0.0
0.16667120000000002
0.4381481
6.1917122
6.415527099999999
1.0

13.026107
13.2544247
0.0
0.1065422
0.8490951999999999
9.423189599999999
2.9821399
1.0

11.8343586
11.9591585
0.0
0.10098660000000001
0.3320129
4.6073068
7.0198388
1.0

11.263529199999999
11.2269544
0.0
0.1286439
0.1275579
4.9090833
6.1903132
1.0

11.5986259
11.5952941
0.0
0.078426
0.2708552
6.899069900000001
4.425369
1.0
