
16.0367048
16.1435515
0.0
0.2509349
0.44971
8.6442491
7.049592400000001
1.0

11.796130400000001
11.879939
0.0
0.4129254
0.7976806999999999
5.2745963
5.807662
1.0

11.9688102
11.901822699999999
0.0
0.4746068
0.4799718
5.9864857
5.435365200000001
1.0

11.1355903
11.1757782
0.0
0.1198832
0.2176465
4.2977295
6.6604022
1.0

11.6957696
11.6694312
0.0
0.1774095
0.1936161
3.8809033
7.5949118
1.0

10.681702099999999
10.7096792
0.0
0.12493130000000001
0.1896463
4.1028651
6.4171678
1.0

11.5178098
11.4832016
0.0
0.1968876
0.2211263
4.8197753
6.4423
1.0

11.9566365
11.8953956
0.0
0.3590141
0.5503834000000001
6.096301700000001
5.2487105
1.0

11.0931915
11.0568045
0.0
0.1525382
0.16993129999999998
5.4494231
5.4374500999999995
1.0

11.390829199999999
11.395634300000001
0.0
0.0968619
0.2011897
6.694248
4.5001966
1.0
