
19.0570051
19.9350174
0.0
0.5497177
1.8786418999999999
9.114958199999998
8.941417300000001
1.0

15.3358691
15.7231577
0.0
0.2647315
0.8328055999999999
6.4326697
8.4576824
1.0

12.708771
15.4964932
0.0
0.1237837
2.9729584
7.3195991
5.203935700000001
1.0

12.855823599999999
12.939379
0.0
0.21196710000000002
0.445252
6.476765599999999
6.0173614
1.0

11.7135226
11.6022091
0.0
0.2612785
0.2307289
5.470576299999999
5.9009039
1.0

12.7187006
12.6156247
0.0
0.260537
0.6833525
7.1227295
4.809542700000001
1.0

12.8584044
12.902253400000001
0.0
0.1579251
0.2688443
4.5000151
8.133394
1.0

16.7493357
16.954044800000002
0.0
0.1468303
1.0810536000000002
10.3032915
5.5696997
1.0

16.4775901
16.5769156
0.0
0.1484029
0.283767
12.360466
3.9326826
1.0

16.4701156
16.4859772
0.0
0.129133
0.5772267
9.795150699999999
6.1135998
1.0
