
13.318187199999999
13.5825081
0.0
0.1583946
0.4774893
5.7689436
7.3360752
1.0

10.830841
10.8424234
0.0
0.08673360000000001
0.1307964
4.845340599999999
5.866286400000001
1.0

12.141221400000001
12.1884879
0.0
0.0861281
0.2503885
6.5652538
5.3728456
1.0

10.5754043
10.911793699999999
0.0
0.0981087
0.5689156
4.317532099999999
6.025346
1.0

10.3066079
10.4821701
0.0
0.0975106
0.6460193000000001
4.2454898
5.590661
1.0

11.3959825
11.4466241
0.0
0.1229018
0.5659107
5.6547502000000005
5.2259632
1.0

12.5542174
12.6629247
0.0
0.15770979999999998
0.3156423
8.0325433
4.3147391
1.0

11.1567577
11.190233
0.0
0.08472980000000001
0.26384
6.5297522
4.3966408
1.0

10.661042
10.6662106
0.0
0.1172875
0.1815133
6.2921986
4.1924987
1.0

10.941113199999998
10.9752961
0.0
0.07812889999999999
0.2959406
6.6097828
4.0695727
1.0
