
14.6137617
15.0442713
0.0
0.1897959
1.0680474
6.9690483
7.0071756
1.0

13.3581072
13.3010886
0.0
0.16207929999999998
0.14566720000000002
6.6623804
6.493041
1.0

15.302184
15.359333699999999
0.0
0.0867822
0.2712985
9.1289476
5.959087599999999
1.0

12.8373606
12.572565699999998
0.0
0.5128691
0.28569059999999996
5.78958
6.4972951
1.0

12.0512908
11.874828
0.0
0.30264959999999996
0.4095336
5.062645799999999
6.4026486
1.0

11.499962199999999
11.5922505
0.0
0.09357560000000001
0.613858
4.363533
6.6148595
1.0

11.1132367
10.9704061
0.0
0.3531998
0.2380206
2.7930427
7.9393427999999995
1.0

12.6371388
12.439229699999999
0.0
0.4122075
0.346096
4.5777928
7.5153409
1.0

12.8770315
12.898721199999999
0.0
0.1313175
0.24182920000000002
6.2529461
6.4039459
1.0

11.6701744
11.6179095
0.0
0.14824379999999998
0.16491679999999997
5.276375099999999
6.176617599999999
1.0
