
12.4456881
12.5817684
0.0
0.15966829999999999
0.365558
5.895546700000001
6.3206637
1.0

11.763172599999999
11.8270346
0.0
0.0873934
0.2351045
7.162814900000001
4.4291152
1.0

12.056783800000002
12.0851321
0.0
0.07414369999999999
0.1494726
7.2270468
4.7086127
1.0

13.304356
13.3312465
0.0
0.10064619999999999
0.1653039
8.6131406
4.552802
1.0

11.6990222
11.699756
0.0
0.0828543
0.1318087
6.007404
5.5605433
1.0

12.6294619
12.519435099999999
0.0
0.200881
0.1311254
6.2828454
6.1054642999999995
1.0

12.070729199999999
12.0586368
0.0
0.1186507
0.1376621
7.0207443
4.900230400000001
1.0

13.206442699999998
13.2453132
0.0
0.07485069999999999
0.16788820000000002
8.2385456
4.838879400000001
1.0

11.1506695
11.1666172
0.0
0.10156
0.16149370000000002
6.3917989
4.613324599999999
1.0

11.461919400000001
11.4765366
0.0
0.0718892
0.1915734
6.7772305
4.5077327
1.0
