
14.282808699999999
14.2651625
0.0
0.3272558
0.3653165
6.5518505
7.3479955
1.0

10.913502800000002
10.9105933
0.0
0.0625671
0.0849313
3.9710935
6.8545685
1.0

11.1582398
11.0719272
0.0
0.1469482
0.0873918
3.861553
7.122982400000001
1.0

13.6914821
13.6933276
0.0
0.08341660000000001
0.1773296
5.6271617
7.8888362999999995
1.0

13.944956
14.057083
0.0
0.0718844
0.3374018
9.5467736
4.1729076
1.0

13.7035736
13.3496615
0.0
0.7577472
1.4399535
5.7625412
6.1471668
1.0

9.8299109
9.718922800000001
0.0
0.174979
0.09009210000000001
3.0118426
6.6169880999999995
1.0

11.046270199999999
10.9587578
0.0
0.24530739999999998
0.18429489999999998
4.2348741
6.5395888
1.0

11.095051400000001
11.0325459
0.0
0.1464927
0.11955239999999999
4.3847258
6.5282677
1.0

10.307121
10.292190699999999
0.0
0.0720685
0.08399989999999999
3.5819167999999997
6.626274
1.0
