
15.3845726
15.6601785
0.0
0.45832470000000003
1.3652476
5.808395
8.4865359
1.0

12.6790627
12.672666699999999
0.0
0.11899989999999999
0.1584537
5.660303799999999
6.8539092
1.0

11.673819400000001
11.6578342
0.0
0.10640569999999999
0.1369967
5.299868900000001
6.2209686
1.0

11.5968975
11.5543777
0.0
0.1695847
0.172008
4.5724196
6.8099501
1.0

12.1959046
12.1803419
0.0
0.12239939999999999
0.1988881
5.4022525
6.5792013
1.0

13.325897099999999
13.043462199999999
0.0
0.4487427
1.8549409
3.7281606000000003
7.4603607
1.0

13.4314505
13.3491724
0.0
0.4750833
1.4291983000000001
4.405828400000001
7.5141457
1.0

12.6916448
12.9091524
0.0
0.0825305
0.34825090000000003
7.6192055
4.941696
1.0

13.059401300000001
13.0370963
0.0
0.10301980000000001
0.1088292
7.822348
5.1059190999999995
1.0

11.6032189
11.6034514
0.0
0.0790588
0.11751260000000001
6.7306722
4.7552666
1.0
