
13.7028301
13.820229900000001
0.0
0.176328
0.3455466
7.231408200000001
6.2432751
1.0

11.6375588
11.6546741
0.0
0.12144239999999999
0.1922388
6.5780248
4.8844105
1.0

11.3663625
11.3940825
0.0
0.0754504
0.1312585
5.455413200000001
5.8074107999999995
1.0

11.781450099999999
11.7368589
0.0
0.1255567
0.1265975
3.9234045
7.6868569
1.0

11.822438
11.8239139
0.0
0.11604489999999999
0.29358290000000004
4.3377627
7.1925683
1.0

12.314371300000001
12.2893664
0.0
0.11758239999999999
0.5856638000000001
4.394001
7.3097015999999995
1.0

11.221105300000001
11.2287632
0.0
0.0959338
0.2607682
4.3667551
6.6012399
1.0

11.7649447
11.7727129
0.0
0.078167
0.1242943
6.6963126
4.952106
1.0

13.168530800000001
12.9529757
0.0
0.3951774
0.24928
8.9365212
3.7671745
1.0

10.3478008
10.3844392
0.0
0.1074988
0.1811006
6.0543702999999995
4.1489683
1.0
