
13.3146347
13.6016609
0.0
0.1951797
0.6038533
4.9238637999999995
8.0739438
1.0

12.5357613
12.2814046
0.0
0.3442855
0.13808289999999998
3.8915625
8.2517592
1.0

14.614947
13.807577199999999
0.0
0.9837901
0.4451283
4.1222689
9.24018
1.0

14.5665188
15.0667691
0.0
0.1226895
0.6699816
6.924864299999999
7.4719232
1.0

15.1493953
15.1804019
0.0
0.107116
0.2603915
8.4514706
6.468539799999999
1.0

14.5224224
13.6034345
0.0
1.0246617
0.7235161999999999
5.036889
7.8430292999999995
1.0

11.4295013
11.4312948
0.0
0.260942
0.5965833
3.9043837999999997
6.9303277
1.0

12.123877
12.0431901
0.0
0.2398034
0.20874720000000002
4.4441359
7.390307
1.0

13.1001563
13.1387444
0.0
0.1112466
0.5819266999999999
5.9167447
6.640073
1.0

10.2898765
10.2355484
0.0
0.1405026
0.13349060000000001
3.5784514
6.5236064
1.0
