
15.188852800000001
14.780764
0.0
0.8760673
0.6573644000000001
5.5078961
8.6155035
1.0

11.4431289
11.393663400000001
0.0
0.1480989
0.1740901
4.3208138
6.8987595
1.0

11.5626582
11.623443199999999
0.0
0.1051679
0.27069529999999997
4.447129400000001
6.9056185
1.0

11.885431
11.9444339
0.0
0.12228660000000001
0.283206
5.785792900000001
5.875435
1.0

10.599741400000001
10.638755
0.0
0.0977339
0.1933641
5.0843212
5.3610697
1.0

13.1511494
13.126085300000002
0.0
0.1197038
0.8803944
5.8287487
6.4169422
1.0

12.922318599999999
13.1904127
0.0
0.1161867
0.45370140000000003
5.694089900000001
7.042621400000001
1.0

13.514254699999999
13.8600799
0.0
0.1127432
0.7423441999999999
5.8535901
7.2641456
1.0

12.5169583
12.6903864
0.0
0.1476655
0.36640670000000003
6.4317829
5.8921968
1.0

11.905563800000001
11.891769
0.0
0.1465952
0.3004826
6.8755405
4.7157459
1.0
