
13.934265300000002
14.5242545
0.0
0.20331120000000003
0.9017669
4.524636
9.0978516
1.0

11.207589
11.2914989
0.0
0.08901410000000001
0.25076339999999997
3.5039618
7.5367737
1.0

10.8664789
10.8091435
0.0
0.2059347
0.2467345
4.2066837999999995
6.3557252
1.0

11.8930001
11.778529800000001
0.0
0.24039770000000002
0.1987434
5.8447165
5.7350699
1.0

12.381518199999999
12.4282724
0.0
0.0861492
0.2806652
7.8111044000000005
4.3365028
1.0

12.4854464
12.5027138
0.0
0.1033519
0.17134939999999999
7.8330755
4.4982889
1.0

11.0707712
11.3626659
0.0
0.1198411
0.4522392
4.090832
6.819594700000001
1.0

11.507721
11.6092639
0.0
0.0972642
0.3592333
5.4402393
5.8097913
1.0

12.4066356
12.5025718
0.0
0.0960665
0.2743232
7.2789323
4.9493163
1.0

9.4294192
9.381785
0.0
0.1189732
0.1433372
2.6461297999999998
6.592318
1.0
