
18.2729175
17.8102439
0.0
1.1930923
0.7890763000000001
7.2281155
9.793052099999999
1.0

12.3540567
12.4634049
0.0
0.1250259
0.28879479999999996
6.0925277
6.0820824
1.0

11.455877300000001
11.484010199999998
0.0
0.0973622
0.20282139999999999
4.2242016
7.0569872
1.0

13.6792049
13.8150811
0.0
0.11601310000000001
0.3096055
7.2518919
6.2535837
1.0

14.1575333
14.273733
0.0
0.4929567
0.978695
6.693775
6.601263
1.0

12.6406934
12.6239481
0.0
0.1414995
0.1976361
6.9977566
5.4285554000000005
1.0

10.4451571
10.4602766
0.0
0.0915051
0.15257010000000001
4.1995979000000005
6.1081085999999996
1.0

13.3059343
13.3324355
0.0
0.1017016
0.1674688
7.970932299999999
5.1940344000000005
1.0

10.8355591
10.827938099999999
0.0
0.1210338
0.1647321
6.2132685
4.4499375
1.0

11.2953951
11.276228699999999
0.0
0.10380339999999999
0.19157729999999998
4.6432511
6.4414003
1.0
