
14.750613699999999
14.5671771
0.0
0.5828394
1.2659685
5.9106552
7.3905534
1.0

11.1905782
11.380394800000001
0.0
0.0815733
0.3944006
4.2647425
6.7212517
1.0

12.8271756
12.8178057
0.0
0.1042649
0.388074
6.7321173
5.6976144
1.0

12.743531
13.0356793
0.0
0.1134521
0.4759556
8.891453
3.6682707000000003
1.0

11.901262800000001
11.7369124
0.0
0.2467081
0.1756115
3.7454467
7.8158542
1.0

13.0878335
13.1081759
0.0
0.4615613
2.0659849
4.924664900000001
6.117526099999999
1.0

10.7313609
10.7518181
0.0
0.1067352
0.197479
5.465678400000001
5.0886607
1.0

13.7200417
13.7292382
0.0
0.1099974
0.23494410000000002
8.6976412
4.796652900000001
1.0

11.1955428
11.1524495
0.0
0.1308612
0.1203629
6.543279900000001
4.4888067000000005
1.0

10.5194581
10.511833300000001
0.0
0.08096969999999999
0.11215910000000001
6.262984
4.1366902
1.0
