
13.1904361
13.433053300000001
0.0
0.1710325
0.5039941
5.6532765
7.275782700000001
1.0

12.487703699999999
12.556911900000001
0.0
0.08703889999999999
0.27317179999999996
6.95681
5.326930099999999
1.0

10.337850300000001
10.4595006
0.0
0.07944280000000001
0.2391853
6.990548400000001
3.2297669
1.0

13.3080484
13.466923099999999
0.0
0.09736189999999999
0.35527359999999997
9.3580698
3.7535797000000004
1.0

12.2830681
12.3595696
0.0
0.0811712
0.3480871
8.6535739
3.3579086
1.0

13.4304162
13.4332677
0.0
0.1273814
0.5468991
9.251878699999999
3.6344898999999997
1.0

12.202259300000001
12.2198169
0.0
0.2567742
0.7933356
6.202937
5.2235442999999995
1.0

12.6614044
12.0980094
0.0
0.7832332
0.7177131999999999
5.1790798
6.201216400000001
1.0

10.7158426
10.683841699999999
0.0
0.1102307
0.1075726
5.6533197
4.9229494
1.0

10.4629576
10.4738271
0.0
0.0708681
0.1050586
5.9305035
4.438265
1.0
