
14.8255965
14.9659068
0.0
0.15804020000000002
0.6377115999999999
6.5632106
7.7649846
1.0

10.887851300000001
10.8986664
0.0
0.0691786
0.1478122
3.3837992000000003
7.367055
1.0

11.586445699999999
11.699738199999999
0.0
0.078836
0.2316859
6.558119400000001
4.9099329
1.0

10.9899071
11.0098968
0.0
0.123334
0.1854563
3.9050477999999997
6.9193927
1.0

12.4218785
12.3970245
0.0
0.1301125
0.14258289999999998
3.7012858
8.5531558
1.0

12.5707796
12.5989578
0.0
0.4144502
1.4269303
3.5127029
7.6593246
1.0

11.2673041
11.0965624
0.0
0.2522858
0.1118643
3.8213117000000003
7.1633864
1.0

10.811755199999999
10.7690275
0.0
0.1218403
0.18162820000000002
3.358863
7.2285363
1.0

11.339218599999999
11.505108300000002
0.0
0.1089653
0.32012029999999997
4.1399754
7.0450126
1.0

10.3023472
10.2666839
0.0
0.10410080000000001
0.1687774
3.6286681
6.4692384
1.0
