
15.6069543
16.0187269
0.0
0.18501589999999998
0.7658979
8.1398262
7.113002799999999
1.0

12.0396453
11.5372776
0.0
0.7569016999999999
0.4242803
3.3719723
7.741025
1.0

12.3334286
12.250717400000001
0.0
0.1701272
0.23918479999999998
5.5224758
6.4890568
1.0

13.5573465
13.6374446
0.0
0.1030484
0.22686579999999998
4.6346558
8.775923
1.0

11.130054
11.2084118
0.0
0.0669733
0.2089281
6.1696712
4.8298125
1.0

10.869344300000002
11.0129322
0.0
0.0982864
1.0365616
4.244790900000001
5.7315797
1.0

11.032876
10.820212699999999
0.0
0.37925570000000003
0.2013367
3.4727101
7.146165900000001
1.0

13.437353
12.0193587
0.0
1.6502659
0.264288
3.6130759
8.141994799999999
1.0

12.187379400000001
11.68657
0.0
0.5784045
0.10273639999999999
3.4710811
8.1127525
1.0

10.1517986
10.1184516
0.0
0.1649166
0.4029603
3.8438605
5.8716308
1.0
