
13.0307192
13.4604897
0.0
0.2313415
0.7021875
6.0333364000000005
6.7249658
1.0

10.793297800000001
10.9134825
0.0
0.1031398
0.2963905
3.5635725
7.0535195
1.0

10.8820011
10.9041959
0.0
0.0716171
0.1251546
4.9009289
5.8781124
1.0

12.0132915
12.184248
0.0
0.1249026
0.347535
5.4774802000000005
6.3592328
1.0

12.5680935
12.5547361
0.0
0.0907371
0.1393083
7.5392934
4.876134400000001
1.0

11.7318221
11.7297947
0.0
0.0731735
0.5083162999999999
5.1215408
6.0999376
1.0

12.079536800000001
12.0713305
0.0
0.1009905
0.13715870000000002
7.6951005
4.2390713
1.0

11.2435286
11.2623359
0.0
0.0754314
0.1190869
6.8022869
4.3409621
1.0

11.6504762
11.6479005
0.0
0.10658480000000001
0.1691754
7.1851777000000006
4.2935474000000005
1.0

9.6016011
9.6947592
0.0
0.0660286
0.21895620000000002
4.865351599999999
4.6104514000000005
1.0
