
14.5086188
14.7070381
0.0
0.2575153
0.7412854
6.3528472
7.6129055
1.0

11.5274816
11.3492604
0.0
0.2746189
0.1358229
3.7976189
7.4158186
1.0

12.3313331
12.1717655
0.0
0.2505978
0.1857552
5.1902842
6.7957260999999995
1.0

12.6918333
12.7455653
0.0
0.0888646
0.173574
8.0220218
4.5499695
1.0

11.2107412
11.225650199999999
0.0
0.0841436
0.20124170000000002
4.310606099999999
6.7138024000000005
1.0

11.8141564
11.9779191
0.0
0.0925276
0.6716495
6.2584503
5.0478193
1.0

11.282424800000001
12.246813900000001
0.0
0.1069991
1.1057342
7.054573
4.0865067
1.0

11.2412779
11.285781
0.0
0.1173549
0.27076409999999995
5.011653900000001
6.003363
1.0

13.1668949
13.154599300000001
0.0
0.1199935
0.1588481
7.564714400000001
5.4310368
1.0

11.1616975
11.1725351
0.0
0.08747869999999999
0.3029199
6.6730426
4.1965726
1.0
