
11.7734486
12.4616529
0.0
0.162084
1.0198452
5.141272099999999
6.3005356
1.0

11.032041900000001
11.0622612
0.0
0.067353
0.3909037
3.7365144
6.934843099999999
1.0

10.3380568
10.4738415
0.0
0.1013338
0.4446684
4.2983694
5.7308037
1.0

12.0328042
12.0815875
0.0
0.0777475
0.1533979
6.9394875
4.988702099999999
1.0

11.9636149
11.9850099
0.0
0.077155
0.2122316
7.459802799999999
4.3129755
1.0

12.3357136
12.369003
0.0
0.081956
0.5659929
7.0253571
4.777653
1.0

11.1332778
11.1399299
0.0
0.08361610000000001
0.1267882
4.532749
6.4803927
1.0

11.5686055
11.6591505
0.0
0.0924673
0.3000256
6.345772599999999
5.0133523
1.0

67.8441729
67.6106347
0.0
0.35668059999999996
1.831032
60.0465184
5.7330843
1.0

7.1551764
7.154646400000001
0.0
0.044291
0.1252313
4.6463132
2.3831018999999998
1.0
