
13.1244971
13.2261265
0.0
0.1745267
0.3345456
5.1251142000000005
7.7664667000000005
1.0

13.1939496
13.1955193
0.0
0.18429510000000002
0.2494017
4.6231421
8.3229755
1.0

14.423027900000001
14.391674400000001
0.0
0.279879
0.3755984
6.4198189
7.5962571
1.0

12.469785400000001
12.4268715
0.0
0.368897
0.3547614
4.2614377
7.8106724000000005
1.0

11.9549699
11.958687300000001
0.0
0.1139251
0.6188692
3.7763139
7.563504200000001
1.0

10.935817199999999
10.8968503
0.0
0.15253339999999999
0.5510391
3.4919854
6.8538258
1.0

12.238622900000001
11.413272699999998
0.0
0.9295294000000001
0.1520252
5.1442575
6.11699
1.0

10.820213599999999
10.8435799
0.0
0.0817156
0.15239370000000002
6.2101625
4.481023700000001
1.0

11.6895264
11.7051545
0.0
0.0915865
0.1654563
6.465863
5.0738352
1.0

10.1007865
10.072261
0.0
0.1005862
0.1093723
3.8059824
6.1569063
1.0
