
12.3232773
13.522972800000002
0.0
0.1808988
1.4389975
6.6874638
5.3965115
1.0

12.4374929
12.449128
0.0
0.094956
0.1851924
6.3016220999999994
5.9623135
1.0

10.3672228
10.369409699999999
0.0
0.09140889999999999
0.1312131
3.1117081
7.1264885
1.0

10.8268221
10.713469
0.0
0.2705845
0.3263182
3.4922171
6.8949337
1.0

12.658956199999999
12.673884
0.0
0.098772
0.1751261
6.131997
6.3667609
1.0

12.325707099999999
12.3113622
0.0
0.1168498
0.5427280999999999
7.1888917
4.579742400000001
1.0

11.353844
11.3965491
0.0
0.09970839999999999
0.2172943
5.5881597
5.5910950999999995
1.0

12.064412800000001
12.0881095
0.0
0.0993337
0.17747839999999998
7.109623900000001
4.8010072
1.0

11.2353455
11.263457
0.0
0.1075868
0.1645708
5.3013346
5.797551599999999
1.0

9.4666721
9.4474121
0.0
0.1217504
0.26718990000000004
3.5140251
5.6661971
1.0
