
13.6821416
13.6604821
0.0
0.4076272
0.5173163
5.1706562
7.9725095999999995
1.0

12.3464849
12.1509284
0.0
0.2921318
0.1389501
4.2446814
7.767296900000001
1.0

11.8580739
11.7690239
0.0
0.1663822
0.1234508
4.7057098
6.9398633
1.0

12.5520014
11.1643832
0.0
1.5290352
0.1739219
3.6919711
7.2984902
1.0

11.429718699999999
11.2640912
0.0
0.2423975
0.1047519
4.6677402
6.491599099999999
1.0

11.349271400000001
11.0182189
0.0
0.4269567
0.6940666
3.8388242999999997
6.485328
1.0

11.675336300000001
11.2318017
0.0
0.5558755
0.1611589
4.490490599999999
6.580152200000001
1.0

12.7759634
12.937888800000001
0.0
0.1066583
0.6118253
5.6958367999999995
6.630226700000001
1.0

11.0283941
11.021199699999999
0.0
0.0971386
0.1252571
4.1258039
6.7701387
1.0

9.507114900000001
9.4209628
0.0
0.1680947
0.1093628
2.9296764
6.3819235999999995
1.0
