
13.2194631
13.445198
0.0
0.19687529999999998
0.5002572
5.5836492
7.3612915999999995
1.0

11.3192735
11.4750908
0.0
0.1594939
0.39233029999999997
4.0401596
7.0426009
1.0

12.2219462
11.872523
0.0
0.4213389
0.3572135
4.1505267
7.3647827999999995
1.0

11.9003341
11.8880075
0.0
0.1707714
0.2029935
4.1226775
7.5623365
1.0

12.0913649
11.7684315
0.0
0.7661733000000001
0.9487548
3.3864955
7.4331812
1.0

12.5081713
12.2933884
0.0
0.5306
1.4219595
3.6896511000000003
7.1817778
1.0

11.7542079
11.6070596
0.0
0.2844915
0.1964668
4.2272625
7.1833303
1.0

12.777828
12.2011112
0.0
0.7063136999999999
0.3712804
4.6305293
7.1993015
1.0

13.7422931
12.655313099999999
0.0
1.2298381
0.502788
4.8885273
7.263997799999999
1.0

9.4458611
9.466419199999999
0.0
0.0654032
0.13723760000000002
3.2426304
6.086551200000001
1.0
