
13.5471495
13.6705175
0.0
0.20505920000000002
0.5018536
5.543344599999999
7.6253193
1.0

13.800090699999998
13.822845300000001
0.0
0.0878038
0.166807
4.8312963
8.824742
1.0

11.308694
11.332656
0.0
0.0597406
0.1350498
6.5150722000000005
4.682534
1.0

12.032978199999999
12.0961901
0.0
0.092492
0.2103382
7.3889087
4.4969432000000005
1.0

11.9716212
11.9818401
0.0
0.0841635
0.2692792
7.4640273
4.2485336
1.0

12.480162199999999
12.522537
0.0
0.06574310000000001
0.16127770000000002
8.1240901
4.2371692
1.0

10.984430699999999
10.9900846
0.0
0.10536530000000001
0.14224910000000002
6.7470238
4.1008117
1.0

11.7992641
11.8263475
0.0
0.0727063
0.14683960000000001
5.883375200000001
5.7961327
1.0

10.0517268
10.0055266
0.0
0.1182301
0.1116901
3.1731677
6.720668799999999
1.0

9.9539249
9.9491076
0.0
0.060782699999999995
0.2347142
3.3640931000000003
6.3503003
1.0
