
14.8645915
15.0362288
0.0
0.1798371
0.41565959999999996
5.8106894
8.809879800000001
1.0

11.746281699999999
11.922569900000001
0.0
0.1414041
0.3671058
3.7544974
7.8009667
1.0

10.7618016
10.743952199999999
0.0
0.1101139
0.1585709
3.8373222
6.7480591
1.0

11.8098761
11.8941492
0.0
0.1784694
0.3348885
3.788237
7.7710237
1.0

12.9283316
12.9350413
0.0
0.1308563
0.1764983
4.1417904
8.6167526
1.0

11.490171199999999
11.4403055
0.0
0.16191770000000003
0.14719120000000002
4.1449814
7.1481329
1.0

12.3205053
12.440733300000002
0.0
0.1411156
0.32814340000000003
7.1280597000000006
4.9845302
1.0

13.5042
13.7435813
0.0
0.0919688
0.5233865999999999
9.452815
3.7673797
1.0

11.949571
11.9732853
0.0
0.1138125
0.2287257
7.0835083
4.6610513
1.0

9.085488199999999
9.0730007
0.0
0.0875497
0.1259069
4.2632297
4.683864099999999
1.0
