
13.789918199999999
13.869013
0.0
0.4262708
0.9141538
5.7355407000000005
7.2193185
1.0

11.9296328
11.955177599999999
0.0
0.1054802
0.17121329999999998
7.698390799999999
4.0855735
1.0

11.602001900000001
11.6130615
0.0
0.090826
0.2190861
7.0879512
4.3060242
1.0

13.3436646
13.6305567
0.0
0.0939971
0.4331534
7.9014147
5.295988599999999
1.0

12.4163671
12.427037
0.0
0.0960104
0.1992465
4.975838700000001
7.2519518
1.0

14.0822239
13.8888822
0.0
0.3390178
1.1464825
4.8030742
7.9393255
1.0

11.4256606
11.3065463
0.0
0.26670720000000003
0.17610920000000002
3.6179977
7.512439400000001
1.0

11.6667383
11.4018498
0.0
0.45348540000000004
0.2172711
3.5866701
7.597908599999999
1.0

12.1137182
11.7813651
0.0
0.4623676
0.1912263
3.5299407
8.0601981
1.0

9.9493499
10.2192505
0.0
0.0819712
0.7909733000000001
4.1566227
5.2716545
1.0
