
12.0728545
12.223512300000001
0.0
0.1751599
0.3841452
5.1282787
6.7110884
1.0

10.671123199999998
10.7733708
0.0
0.06664439999999999
0.2647673
5.9483735
4.56023
1.0

10.8895821
10.8813692
0.0
0.0785948
0.1243655
3.4838302000000003
7.2731735
1.0

12.1766171
12.2668754
0.0
0.0864152
0.2531515
5.6104582999999995
6.403265599999999
1.0

12.7386771
12.853942400000001
0.0
0.081689
0.5357151
6.976390599999999
5.3418367
1.0

11.3484069
11.3962993
0.0
0.1792134
1.0009672
3.1747551
7.220577
1.0

10.5318825
10.5441086
0.0
0.1071072
0.1740455
3.3334956
7.0365675
1.0

10.3608896
10.3635711
0.0
0.06934960000000001
0.09096789999999999
3.9709597000000003
6.3016435
1.0

10.193701800000001
10.1657253
0.0
0.0943685
0.202212
3.0477871000000003
6.9157262
1.0

9.3071527
9.2954574
0.0
0.06781939999999999
0.1515994
2.8304451
6.3134129
1.0
