
17.80617
18.2429372
0.0
0.2963868
1.3038988999999999
10.552163199999999
6.386875099999999
1.0

13.301785599999999
13.4262947
0.0
0.19638229999999998
0.45277270000000003
7.7370834
5.2364386
1.0

10.9397569
10.94592
0.0
0.0961532
0.1510261
4.0290387
6.7658552
1.0

13.8073303
13.863071
0.0
0.1168862
0.2285675
8.6391346
4.995368900000001
1.0

12.9057102
12.8144264
0.0
0.177155
0.2760011
6.608841
5.9295843
1.0

12.434197300000001
11.738866199999999
0.0
0.8385726
0.2221929
4.9928742
6.5237991
1.0

10.7841252
10.9622605
0.0
0.0992296
0.3736337
5.2088775
5.379749299999999
1.0

11.7210356
11.72127
0.0
0.08687969999999999
0.1251457
6.7995392
4.7965851
1.0

11.8938356
11.881205099999999
0.0
0.1137754
0.1577726
6.2528621
5.470570400000001
1.0

10.6112371
10.596254199999999
0.0
0.08461210000000001
0.1188801
4.2333495999999995
6.2440245
1.0
