
13.2550245
13.4164921
0.0
0.17842770000000002
0.4494631
5.5213322
7.4456967999999994
1.0

12.058219900000001
12.180455
0.0
0.1073972
0.2611738
6.4058342
5.513447
1.0

12.3740072
12.3528025
0.0
0.1157352
0.2266382
5.8872913
6.238873
1.0

10.8056287
12.191854800000002
0.0
0.19496860000000002
1.6288932
4.3145976
6.248364
1.0

11.041095
11.0247827
0.0
0.1063081
0.1792185
3.8249742
7.02059
1.0

11.95968
11.9085226
0.0
0.1363479
0.12294189999999999
3.8186128999999998
7.9669678
1.0

9.840069199999999
9.6651236
0.0
0.2708578
0.1504301
3.1777787
6.3369148
1.0

11.0114476
11.038974
0.0
0.0858325
0.1543997
4.3077895
6.5767847999999995
1.0

10.8194523
10.840976
0.0
0.1022021
0.22621629999999998
4.8589471
5.7558126
1.0

9.4862465
9.606854
0.0
0.07924769999999999
0.30197290000000004
3.26164
6.0432410999999995
1.0
