
13.7936912
14.3667508
0.0
0.209078
0.8859986999999999
6.3997005
7.0810515999999994
1.0

12.2721038
12.3175711
0.0
0.1202965
0.2291232
6.919958
5.1684899
1.0

13.2701171
13.285725300000001
0.0
0.11180810000000001
0.19382970000000002
6.8199509
6.271944700000001
1.0

12.4323438
12.4914366
0.0
0.10135960000000001
0.2305684
6.1217292
6.139139
1.0

12.9118434
12.844888699999998
0.0
0.18959520000000002
0.41858829999999997
7.017842099999999
5.4084582999999995
1.0

11.957865
11.9149271
0.0
0.1573425
0.1734104
7.0959522
4.6455645
1.0

11.5854418
11.7007582
0.0
0.1222583
0.3507874
6.7657084
4.5842624
1.0

11.7257736
11.748400199999999
0.0
0.1000051
0.2260728
6.819759299999999
4.7025681
1.0

12.2903247
12.283354699999999
0.0
0.1296539
0.1664514
7.0355952
5.081308099999999
1.0

11.860714
11.885788300000002
0.0
0.0935342
0.17877310000000002
7.1246647
4.5823505
1.0
