
13.8327572
13.9275664
0.0
0.3338713
0.5135233
5.636268
7.7777750999999995
1.0

11.0845182
11.0966798
0.0
0.11175289999999999
0.2233605
5.427046799999999
5.4462725
1.0

11.864657300000001
11.736694
0.0
0.21207720000000002
0.1234976
4.2185182999999995
7.394678099999999
1.0

10.761016099999999
10.8068366
0.0
0.1018664
0.2083198
3.6535605
6.944956299999999
1.0

12.582399800000001
12.6177686
0.0
0.1697993
0.3272552
3.6655132999999998
8.6250001
1.0

11.7285588
11.6432284
0.0
0.1841891
0.7683595
3.4719311
7.4029378
1.0

12.1318608
12.1335511
0.0
0.1394546
0.18318520000000002
6.4077707
5.5425952
1.0

11.166139800000002
11.2994298
0.0
0.11037380000000001
0.27344029999999997
6.5017023
4.5242872
1.0

10.394847
10.3642769
0.0
0.1203625
0.1282512
4.624567900000001
5.6114578
1.0

10.738558
10.6874585
0.0
0.15461770000000002
0.21944970000000003
2.6407402
7.8272686
1.0
