
13.3071477
13.561936
0.0
0.2526959
0.6282205
6.881414599999999
6.0523009000000005
1.0

12.5411298
12.607844400000001
0.0
0.0888826
0.2029666
7.5230798
4.881798
1.0

13.4928037
13.5172209
0.0
0.1243046
0.2106365
6.0035682999999995
7.3030161
1.0

12.7544372
12.8553978
0.0
0.0899943
0.2481524
7.708176
4.8990694
1.0

12.2836669
12.282856
0.0
0.09212189999999999
0.16025920000000002
4.9318605
7.1907363
1.0

13.2634761
13.5109373
0.0
0.091941
0.412745
7.1951795
5.9030128
1.0

13.147566900000001
12.6979839
0.0
0.6459525
0.3977529
3.9657163
8.3345147
1.0

13.3900022
13.7975624
0.0
0.1467625
0.8541673000000001
4.7472859000000005
8.1961092
1.0

12.5966965
12.521776800000001
0.0
0.1887399
0.1926085
6.8056405
5.5235278
1.0

12.8248647
12.845887099999999
0.0
0.07763110000000001
0.2004819
6.9511085
5.6942967
1.0
