
15.113697
15.6463022
0.0
0.19480470000000003
0.8140303000000001
8.062208
6.7700639
1.0

12.863105
12.8858451
0.0
0.1062565
0.31134270000000003
8.6872496
3.8872527999999997
1.0

14.9242875
14.962126
0.0
0.16055060000000002
0.3097743
10.588068199999999
4.0642835
1.0

12.4544301
12.9047732
0.0
0.09775610000000001
0.6178815
7.7319797999999995
4.5549119000000005
1.0

11.2689767
11.2572031
0.0
0.102361
0.2604897
3.5744949
7.4222185
1.0

11.7106456
11.7085232
0.0
0.1127092
0.6487754
3.6971138
7.362634
1.0

12.4703582
12.4958474
0.0
0.0980703
0.1962128
6.2854763
6.0141583
1.0

10.583133
10.5797869
0.0
0.0847363
0.1391466
5.5015135
4.9391267999999995
1.0

13.1361854
13.1360103
0.0
0.1594948
0.24430670000000002
4.262674400000001
8.6290292
1.0

9.0303055
9.0125041
0.0
0.1026547
0.1792319
2.5836441
6.2496281
1.0
