
13.843903300000001
14.640241300000001
0.0
0.198051
1.343958
6.9747765
6.3215068
1.0

12.3309907
12.2961919
0.0
0.1372628
0.5540187
4.1624533
7.579719900000001
1.0

12.3223918
12.394739099999999
0.0
0.09309930000000001
0.2390759
6.7060606
5.4496025999999995
1.0

12.3589056
12.402140300000001
0.0
0.1099777
0.2793148
7.3449965
4.777829
1.0

12.1397733
12.1686613
0.0
0.0915179
0.2001516
7.1790097
4.7895
1.0

11.7826562
11.7878951
0.0
0.0924316
0.1473662
7.1054665
4.5350624
1.0

11.2634849
11.2652894
0.0
0.1273197
0.1972901
6.732704
4.335295299999999
1.0

11.776503
11.8811187
0.0
0.0948068
0.2541106
6.9692408
4.6577673
1.0

12.2566556
12.1445092
0.0
0.4626551
0.3897576
6.9132618
4.8414898
1.0

10.785815900000001
10.742444
0.0
0.12716739999999999
0.3665463
3.9600205
6.415877200000001
1.0
