
14.1239038
14.616451699999999
0.0
0.2676921
0.8384001999999999
6.7544122
7.0236393
1.0

11.9143798
12.1274581
0.0
0.1085854
0.5023994
5.8422898
5.782768900000001
1.0

11.847128699999999
11.4822515
0.0
0.473949
0.19543560000000001
5.5430998
5.743716099999999
1.0

12.6508994
12.756011
0.0
0.10202760000000001
0.2488322
8.1182855
4.388893299999999
1.0

11.6262281
11.6517116
0.0
0.0994433
0.2160377
6.8402069
4.595467
1.0

12.0942106
12.1059492
0.0
0.0955432
0.1471129
7.3922802999999995
4.566556
1.0

11.5222082
11.5410782
0.0
0.1039272
0.1684091
6.7137306
4.6589385
1.0

11.5246591
11.5573925
0.0
0.1085006
0.30027659999999995
5.3656178
5.8914981
1.0

11.1858577
11.1911282
0.0
0.1122372
0.320347
5.519286
5.3514952000000005
1.0

11.4539136
11.2610116
0.0
0.2703502
0.11119860000000001
5.1050864
6.0447266
1.0
