
15.1816362
15.7318356
0.0
0.19096960000000002
0.8370328
5.1131215999999995
9.7816812
1.0

11.3671092
11.4914696
0.0
0.1183317
0.29577729999999997
3.8176422000000003
7.378050099999999
1.0

13.259910300000001
13.2836839
0.0
0.09826439999999999
0.178682
7.176331
5.9286709
1.0

12.345496599999999
12.3801539
0.0
0.1114566
0.20107229999999998
7.321085900000001
4.8579957
1.0

11.3926829
11.403844300000001
0.0
0.0875766
0.2838578
7.003164
4.1168225
1.0

11.5114171
11.5141835
0.0
0.1017741
0.488677
6.4413402
4.5841663
1.0

12.0087319
12.008752099999999
0.0
0.1178623
0.1754731
6.9832525
4.8500265
1.0

11.673114400000001
11.6999607
0.0
0.0914341
0.26868159999999996
7.461509
3.9697701000000003
1.0

11.87166
11.8845553
0.0
0.09939089999999999
0.16180570000000002
7.012003
4.710746599999999
1.0

11.3864265
11.4036883
0.0
0.0947074
0.30518470000000003
5.110944900000001
5.9875587
1.0
