
15.8999644
16.22596
0.0
0.2343552
1.139956
9.0385882
6.0474158
1.0

17.0001465
16.9809722
0.0
0.17305720000000002
0.2908138
12.248891
4.4412674
1.0

12.5316665
12.349768300000001
0.0
0.4854595
0.3494105
4.812176900000001
7.188180900000001
1.0

12.5707161
12.6002967
0.0
0.10608
0.20721889999999998
7.0610717
5.332006099999999
1.0

14.7277245
14.7574826
0.0
0.09882930000000001
0.1941755
9.070870300000001
5.4924368
1.0

12.0060666
12.4611953
0.0
0.1347158
1.1371479
6.3347758
4.9892715999999995
1.0

14.5553711
14.622838300000002
0.0
0.1335139
0.6233101999999999
6.5684829
7.4310452
1.0

13.185516400000001
13.223820199999999
0.0
0.0909635
0.1987089
5.959726099999999
7.065385200000001
1.0

12.1481161
12.1583149
0.0
0.13278589999999998
0.1907556
7.2173227
4.7502366
1.0

11.6667996
11.658758599999999
0.0
0.1085375
0.14600770000000002
6.8798184000000004
4.6329325
1.0
