
15.1216478
15.586350099999999
0.0
0.1668312
0.6905618
8.215808299999999
6.67998
1.0

13.7407088
14.0323151
0.0
0.1552431
0.8645565
7.4090245
5.7587341
1.0

13.4420846
13.710096
0.0
0.1238267
0.5789704
6.0241057
7.1070199
1.0

11.399385
11.5683124
0.0
0.1262064
0.4838597
5.1679055
5.9165472
1.0

13.1935522
13.191690900000001
0.0
0.112999
0.2036781
6.9445798
6.043433
1.0

11.5980575
11.5632545
0.0
0.132397
0.14258210000000002
6.9471877
4.4734847
1.0

11.7131364
11.6419392
0.0
0.1858955
0.17794010000000002
6.8084731
4.655526
1.0

12.3356436
12.3733413
0.0
0.08431430000000001
0.1569504
7.7113647
4.5050262000000005
1.0

11.7498836
11.723859800000001
0.0
0.1271908
0.1890926
6.7240158
4.8107514
1.0

11.573248900000001
11.5729284
0.0
0.1005365
0.21079379999999998
6.8938419
4.4682927
1.0
