
18.9553385
19.4103814
0.0
0.3861039
1.3534751999999999
10.4447933
7.6121129000000005
1.0

12.046056
12.065481
0.0
0.15473679999999998
0.24342439999999999
5.109670599999999
6.712386
1.0

12.926129300000001
12.9546764
0.0
0.1253841
0.233058
7.9980863
4.7235321
1.0

12.8946729
12.936088699999999
0.0
0.12291089999999999
0.218422
7.4684524
5.2492143
1.0

14.1972951
13.7749628
0.0
0.5584030999999999
0.2492134
7.000031099999999
6.525718299999999
1.0

13.5570128
13.4024309
0.0
0.5321768
0.4276105
4.6887024
8.286118
1.0

12.6470198
12.6913717
0.0
0.10182089999999999
0.2346421
4.835194400000001
7.6215352
1.0

12.3698652
12.3828206
0.0
0.1176913
0.1901365
7.4794868
4.7131973
1.0

12.441731
12.4278312
0.0
0.1454769
0.1821449
7.293751599999999
4.9519347
1.0

12.1652853
12.099711800000001
0.0
0.1749453
0.2482262
7.2389715
4.612514099999999
1.0
