
16.335156
16.5442795
0.0
0.310688
0.5871221
6.9066013
9.0505561
1.0

17.3061692
17.0428311
0.0
0.818142
0.9668445999999999
5.9155172
10.1604693
1.0

11.526549
11.6116025
0.0
0.108732
0.23110160000000002
6.6087055
4.7717954
1.0

13.6386615
13.3736513
0.0
0.5751804
0.3525977
7.1703293
5.8507242999999995
1.0

11.252113300000001
11.2828069
0.0
0.106593
0.24901420000000002
6.6535992
4.3801935
1.0

14.6173767
14.6942855
0.0
0.1224508
0.475129
5.5523247
8.6668318
1.0

11.5350538
11.550617800000001
0.0
0.1358083
0.2221523
5.304855
6.0236105
1.0

13.1740565
13.2593411
0.0
0.1128218
0.31707040000000003
7.807249400000001
5.1350213
1.0

13.330207300000001
13.3527143
0.0
0.1641082
0.2516253
7.7007
5.400389
1.0

12.712162699999999
12.8292538
0.0
0.1017332
0.2693946
7.6518509
4.9080083
1.0
