
14.6407205
14.8219931
0.0
0.1650014
0.432979
6.477182900000001
7.9118312
1.0

12.288581599999999
12.2998675
0.0
0.1406956
0.1963302
5.4793337
6.6242035999999995
1.0

13.9083351
13.6498835
0.0
0.7594681
0.5513686999999999
4.3447487
8.7537661
1.0

13.641523099999999
13.3192922
0.0
0.5753321
0.3592305
4.765079
8.1949827
1.0

11.8530514
11.8797222
0.0
0.0766089
0.1780503
7.3033769
4.398295
1.0

11.314136300000001
11.3701699
0.0
0.1061581
0.1867415
6.4771541
4.7062743
1.0

11.5858223
11.633947
0.0
0.0887648
0.2207748
6.636619
4.7765532
1.0

10.612868599999999
10.676257199999998
0.0
0.1006756
0.19332539999999998
6.4228656
4.0600662000000005
1.0

11.168372
11.001604
0.0
0.2984174
0.200248
3.7017553
7.0996007
1.0

11.8264683
11.3530683
0.0
0.5672753
0.1173783
2.9516431
8.2840469
1.0
