
14.174491300000001
14.1800787
0.0
0.33087279999999997
0.48981220000000003
6.284169400000001
7.406097099999999
1.0

12.802691800000002
12.885368099999999
0.0
0.112394
1.4442485
5.374189
6.0669306
1.0

12.01387
12.1051665
0.0
0.1221708
0.2545527
5.673150400000001
6.177463400000001
1.0

11.7182857
11.7738742
0.0
0.1278003
0.2497644
7.1822583
4.3418515
1.0

10.4571835
10.453033699999999
0.0
0.13361910000000002
0.2113902
5.7218348
4.5198087000000005
1.0

11.9215396
11.9350797
0.0
0.12475989999999999
0.830696
5.6335652000000005
5.4708185
1.0

12.1049922
12.1273026
0.0
0.1144353
0.1818879
7.2895676
4.6558471
1.0

12.9011063
12.923870699999998
0.0
0.0977163
0.1563099
8.2790199
4.4885409
1.0

11.509559099999999
11.4813017
0.0
0.1212705
0.1405873
6.7005780999999995
4.6401363
1.0

10.8132699
10.797688
0.0
0.1131766
0.2113039
3.7782541000000003
6.80813
1.0
