
12.7611425
12.5923613
0.0
0.5668782
0.5362001999999999
6.0521018
6.0040593
1.0

13.268031
12.520646800000002
0.0
1.4010283000000001
0.7779704000000001
4.278237
7.464439400000001
1.1111111111111112

10.332870300000002
10.356833400000001
0.0
0.1212149
0.2540057
4.8794987
5.223329
1.0

12.502341699999999
12.647277599999999
0.0
0.0974441
0.2972887
7.4898413
4.8601475999999995
1.0

12.6364949
12.659432
0.0
0.0925956
0.2749352
6.4281958
5.956301
1.0

11.959111
12.0340065
0.0
0.1213469
0.8195551999999999
6.2237542999999995
4.990697
1.0

12.642603300000001
13.0349523
0.0
0.17149879999999998
0.6267140999999999
6.3181659
6.0900723
1.0

11.1585674
11.201815400000001
0.0
0.0806794
0.15893279999999999
6.7385515
4.3043311
1.0

11.1971326
11.166516300000001
0.0
0.1212638
0.1421556
6.3385470999999995
4.6858135999999995
1.0

11.2218187
11.1814353
0.0
0.1058081
0.1302065
7.140395799999999
3.910833
1.0
