
14.458126199999999
14.6044001
0.0
0.2112939
0.6135465
6.411811
7.579042599999999
1.0

12.5240206
12.606792800000001
0.0
0.12126780000000001
0.7514202
5.639312299999999
6.2160603
1.0

11.935260099999999
12.0000811
0.0
0.0964265
0.21450229999999998
4.807582099999999
6.9779967
1.0

12.3037117
12.320698
0.0
0.1261075
0.1845928
7.6309336
4.5051716
1.0

12.0120413
12.0226317
0.0
0.08858339999999999
0.2205542
7.4509972
4.3510803
1.0

11.7018857
11.6524396
0.0
0.1436686
0.5942804
6.7953756
4.2627836
1.0

11.7433124
11.7525075
0.0
0.1150585
0.1692454
6.980949
4.6023131
1.0

12.140510800000001
12.167043099999999
0.0
0.0969545
0.158104
6.7668336
5.2421055
1.0

12.239849099999999
12.2354728
0.0
0.1183079
0.1757841
7.3657783
4.6939104
1.0

11.483234300000001
11.4931796
0.0
0.0929927
0.2129393
6.7908431
4.4893972
1.0
