
13.6776755
14.0281274
0.0
0.1695516
0.5992542
6.7852796
6.6435936
1.0

13.7843282
13.823573699999999
0.0
0.1283527
0.2266849
9.2213741
4.3755147
1.0

12.371039
12.424134
0.0
0.1022025
0.2369762
7.1824715
5.0046862999999995
1.0

12.784331300000002
12.8704586
0.0
0.1147105
0.2563643
7.5719639
5.0421304000000005
1.0

12.3002716
12.2992546
0.0
0.0963525
0.19976460000000001
6.0139106
6.0855794
1.0

11.8681992
11.860469199999999
0.0
0.14888289999999998
0.3405714
6.6061855
4.9137123
1.0

11.7590588
11.744255800000001
0.0
0.1371191
0.17992139999999998
7.2583138
4.306020599999999
1.0

11.8630139
11.8721705
0.0
0.10369880000000001
0.1508932
6.7238277
4.9974495999999995
1.0

11.9608544
11.9486251
0.0
0.1281296
0.1637244
6.948880900000001
4.8360198
1.0

11.384085800000001
11.3691415
0.0
0.10254880000000001
0.3209575
5.426568
5.621616
1.0
