
15.9660156
16.3980677
0.0
0.3234518
1.2992866
7.1103152000000005
7.9884659000000005
1.0

12.028009599999999
12.056884
0.0
0.1292612
0.22754860000000002
7.6349907
4.1943447
1.0

11.4524103
11.496939300000001
0.0
0.101054
0.1986334
6.988275099999999
4.3100308
1.0

11.775396
11.827485099999999
0.0
0.10885310000000001
0.2036588
6.1552755999999995
5.4685507
1.0

11.2298321
11.2965369
0.0
0.14642329999999998
0.6061491999999999
3.9280703
6.762317400000001
1.0

11.6280752
11.6079627
0.0
0.11432060000000001
0.13395010000000002
5.2581175
6.2158951
1.0

12.6684156
12.6774182
0.0
0.1057984
0.15733029999999998
6.8063082999999995
5.7137796
1.0

11.830899
11.8468442
0.0
0.0995552
0.14881360000000002
6.9553755
4.7426550999999995
1.0

12.096450599999999
12.1060196
0.0
0.1254006
0.20362
7.2404475
4.6619521
1.0

12.113299300000001
12.1593441
0.0
0.0895023
0.3245805
7.4323127
4.402450900000001
1.0
