
15.2841859
15.5159696
0.0
0.1756839
0.5268874
9.896073699999999
5.0930085
1.0

13.1662815
13.1604705
0.0
0.0983957
0.17115870000000002
8.6456015
4.3437103
1.0

12.6492302
12.4154366
0.0
0.3598749
0.1789172
5.1577891
7.0787303
1.0

15.2237297
15.2404491
0.0
0.2188609
0.37494109999999997
8.0572193
6.8082887
1.0

11.5247306
11.517901199999999
0.0
0.10975910000000001
0.26918790000000004
4.2673493
6.981364
1.0

11.986229
11.9210773
0.0
0.15734689999999998
0.47320059999999997
4.7264529
6.7214238
1.0

11.171514199999999
11.238571
0.0
0.1137658
0.27457590000000004
4.0413361
6.922659
1.0

12.2828302
12.2248395
0.0
0.23247820000000002
0.2250768
5.1203315
6.8794312
1.0

12.377167400000001
12.331613599999999
0.0
0.19332529999999998
0.18554389999999998
6.3316446
5.814425099999999
1.0

9.5119775
9.5123945
0.0
0.085722
0.14305489999999998
4.191625
5.1777146
1.0
