
17.2227784
17.3942494
0.0
0.1870694
0.5818179
10.5814352
6.2309963
1.0

12.654268400000001
12.932264199999999
0.0
0.0874609
0.7390601
6.645997
5.5472071
1.0

12.712819300000001
12.7757796
0.0
0.1563485
0.33257929999999997
4.5490483
7.894152
1.0

13.662171
13.4433666
0.0
0.3440128
0.1569431
3.665777
9.6206465
1.0

15.2084566
15.0717265
0.0
0.24687720000000002
0.1646286
3.7849231
11.122174800000002
1.0

10.4134194
10.6264776
0.0
0.1214746
0.3900522
4.1444735
6.091951900000001
1.0

13.5236317
13.286368699999999
0.0
0.4316925
0.316367
5.7737665
7.1962352
1.0

12.4905397
12.276024199999998
0.0
0.35429879999999997
0.1719937
4.503698
7.6003325
1.0

12.221054
11.7226783
0.0
0.6287013
0.1606256
3.2621238999999997
8.2999288
1.0

10.9672734
10.9522668
0.0
0.1540673
0.1655246
3.2849768999999998
7.5017653
1.0
