
14.4245303
15.1467585
0.0
0.4045626
1.1959191999999998
7.4772302999999996
6.473609
1.0

11.9169451
12.990545599999999
0.0
0.1115377
1.2710808
5.5795403
6.1399245
1.0

13.0762536
12.9170674
0.0
0.30384809999999995
0.3471488
5.8756093
6.6943093
1.0

11.8496762
11.8767751
0.0
0.1781613
0.2671112
4.8927771
6.7168868
1.0

12.507843699999999
12.4986329
0.0
0.10293160000000001
0.1698337
7.5362539
4.7925453
1.0

11.9193914
11.5495864
0.0
0.4429856
0.15740189999999998
5.1488301
6.2433544
1.0

11.588736
11.6070207
0.0
0.10242710000000001
0.15728479999999997
6.7906187000000005
4.6591172
1.0

12.4413633
12.4962164
0.0
0.09150960000000001
0.2094704
8.0120099
4.274736099999999
1.0

11.235896
11.1647614
0.0
0.15908429999999998
0.1634507
6.5354564
4.4658543
1.0

10.8684899
10.7398207
0.0
0.20385679999999998
0.1041357
6.4656835
4.1700015
1.0
