
15.2600698
15.298838400000001
0.0
0.37477720000000003
0.6008319
8.521342800000001
6.1766637
1.0

15.8012155
15.024958300000002
0.0
0.9350592
0.1862302
6.0007637
8.8379644
1.0

13.666531
14.025357099999999
0.0
0.0918089
0.5617565
7.4941201
5.9694805
1.0

12.9509206
12.9495479
0.0
0.14988479999999998
0.3808279
5.000296400000001
7.5684236
1.0

10.9282712
10.8847938
0.0
0.1069862
0.0926004
3.7209979
7.0711955
1.0

13.3570928
12.5614031
0.0
0.909996
0.1371623
6.0094327000000005
6.414808099999999
1.1

10.2852046
9.90685
0.0
0.47602520000000004
0.2495779
4.9032675
4.7540046
1.0

11.2044277
11.1175203
0.0
0.1834711
0.20341489999999998
3.758099
7.156006400000001
1.0

11.9783555
11.9890325
0.0
0.0982233
0.1449869
7.1604978
4.6835477999999995
1.0

11.1664221
11.2417791
0.0
0.061686
0.288355
6.8022503
4.1511738
1.0
