
14.7199455
15.0029398
0.0
0.1603163
0.5052927
5.9711576
8.5264895
1.0

11.6755584
11.844131800000001
0.0
0.0628907
0.283902
5.8956255
5.6646043
1.0

11.1633941
11.2283785
0.0
0.0680317
0.2342144
6.65877
4.335394099999999
1.0

11.570682
11.6894312
0.0
0.0552775
0.2166662
3.9426392999999997
7.5301257
1.0

11.5373295
11.627820199999999
0.0
0.0623893
0.5119208
5.3265173
5.789382099999999
1.0

11.6377326
11.6215153
0.0
0.08966160000000001
0.0986468
7.1329075
4.389961
1.0

10.8020983
10.8183661
0.0
0.06562889999999999
0.1108215
6.1488442
4.5587004
1.0

11.4088192
11.4501468
0.0
0.0672056
0.1569956
6.1703489000000005
5.1228023
1.0

11.435218800000001
11.323874199999999
0.0
0.216504
0.2000748
6.6626213
4.4611781
1.0

10.092875699999999
10.0980452
0.0
0.0687739
0.1060658
4.8885304000000005
5.103449
1.0
