
15.604947800000001
16.0396695
0.0
0.19100779999999998
0.7223273
7.9426266
7.3747156
1.0

12.779110900000001
12.8075274
0.0
0.090503
0.1861566
8.0857333
4.5356375
1.0

63.347461100000004
62.915198700000005
0.0
0.6491198
0.3197765
5.5315571
57.0638651
1.0

107.8088356
11.8178775
0.0
97.0112801
1.0812445
1.2705509
9.4660821
7.0

41.2446841
16.8655564
0.0
24.9758674
1.3378836
4.3836947
11.1439781
1.2

15.9905761
15.9419684
0.0
0.3409467
0.3681759
11.169992800000001
4.4037997
1.0

15.7668169
15.8655998
0.0
0.1083881
0.2619295
8.0035058
7.6001645
1.0

13.6133312
13.529607
0.0
0.2009625
0.1940729
7.8648728
5.4706613
1.0

7.1484335
7.137124200000001
0.0
0.09293989999999999
0.1570973
3.9210509
3.058976
1.0

7.8191083
7.8096121
0.0
0.06879210000000001
0.08541839999999999
4.3683495
3.3558442000000004
1.0
