
13.383774800000001
13.4922354
0.0
0.1845581
0.3872818
6.7304975
6.3744561
1.0

11.9671351
11.9884626
0.0
0.0795305
0.14900470000000002
7.6234348
4.216023099999999
1.0

11.019397
11.0910656
0.0
0.080497
0.2502814
6.6969934
4.1437908
1.0

10.9522275
10.9434945
0.0
0.2228436
0.28111909999999996
4.4454277
6.2169477
1.0

10.6639903
10.7950485
0.0
0.0850232
0.3016262
4.3129083
6.180514
1.0

11.1042142
11.1084775
0.0
0.09552519999999999
0.1669763
4.3180293
6.6234719
1.0

10.3948176
10.4148805
0.0
0.09888580000000001
0.1919034
4.5345201
5.688457
1.0

11.5833384
11.5893023
0.0
0.0753224
0.15436670000000002
6.6503067
4.7846289
1.0

11.6316922
11.609704599999999
0.0
0.1070905
0.1419561
6.7895986
4.6781499
1.0

11.401703900000001
11.336618199999998
0.0
0.1754364
0.2266234
6.7334402
4.3765545999999995
1.0
