
16.6772421
16.6163822
0.0
0.7559243
1.0558106999999999
7.152685099999999
8.4078864
1.0

16.634694
17.051509199999998
0.0
0.12588839999999998
1.2750101999999999
9.2372744
6.5392246
1.0

14.0180521
13.963444800000001
0.0
0.29334940000000004
0.4721318
5.8709096
7.620403400000001
1.0

14.16894
14.3844498
0.0
0.14836770000000002
0.5570931
6.8700697
6.957287
1.0

15.213876
15.2849279
0.0
0.1164396
0.612273
8.5204483
6.1522065999999995
1.0

15.3712415
15.4052376
0.0
0.1380606
0.2171445
9.7615855
5.4265076
1.0

12.383177300000002
12.2335117
0.0
0.3320238
0.6645027
3.8926501
7.6763589
1.0

11.866617699999999
11.7316838
0.0
0.4966264
0.39593629999999996
3.0784917000000003
8.2572558
1.0

11.8145209
11.442165699999999
0.0
0.5000249
0.1606204
4.0138472
7.2676981
1.0

10.013362599999999
9.6883176
0.0
0.393242
0.0939385
3.8279107000000003
5.7664684
1.0
