
14.362313
14.4846694
0.0
0.20533289999999998
0.4328037
7.1692982999999995
6.8825674
1.0

12.021567800000001
12.1802519
0.0
0.07645139999999999
0.45755009999999996
6.1637552
5.5589466
1.0

13.7214138
13.782269900000001
0.0
0.08428010000000001
0.2899871
7.1158993
6.3763835
1.0

14.8511972
15.275022199999999
0.0
0.11741030000000001
0.5804943
8.0066279
6.6879
1.0

11.2580701
11.357518800000001
0.0
0.0840873
0.2640206
6.1751452
4.918353
1.0

12.703073400000001
12.6792259
0.0
0.1176077
0.176489
7.7995918
4.7031450999999995
1.0

10.3388572
10.4179292
0.0
0.0754153
0.22888070000000002
3.8677227999999997
6.3213257
1.0

12.7993382
13.1707556
0.0
0.08393339999999999
0.5641163
9.0195767
3.5870626
1.0

14.9971812
15.0919284
0.0
0.2651921
0.5915984
10.8474901
3.6528399
1.0

11.6877715
11.837488
0.0
0.0631235
0.6074154
4.970739
6.2593336
1.0
