
13.4975347
13.649244300000001
0.0
0.28802540000000004
0.8532006
6.4050772
6.3909665
1.0

11.2965144
11.4157721
0.0
0.0863709
0.26456690000000005
6.7003523
4.4508529
1.0

12.2061589
12.248047199999998
0.0
0.0793128
0.1893103
7.8823101
4.1764268
1.0

10.634831199999999
10.7873026
0.0
0.0812867
0.28761770000000003
6.0108822
4.4888027
1.0

12.2120457
12.2205651
0.0
0.0772257
0.1899208
6.5929582
5.4376861
1.0

10.715114199999999
10.7766224
0.0
0.1064082
0.2117299
6.121060900000001
4.443831599999999
1.0

10.558347900000001
10.5315675
0.0
0.1590127
0.1842485
6.103909
4.24341
1.0

10.7517864
10.7640433
0.0
0.098757
0.13983779999999998
6.4198789000000005
4.2043266
1.0

10.7714488
10.6353187
0.0
0.22827879999999998
0.1312109
6.1624372
4.3416706
1.0

11.764270199999999
11.769356199999999
0.0
0.07598289999999999
0.1088567
7.696824400000001
3.9636751
1.0
