
21.847358957142855
21.802632442857142
0.0
0.17078438571428572
0.17182137142857143
10.758838785714286
10.871972285714286
3.272727272727273

21.529712057142856
21.367473542857145
0.0
0.2294167857142857
0.16014341428571427
10.537728257142856
10.669601871428572
3.5

21.445596085714286
21.363731214285714
0.0
0.14021971428571428
0.10112421428571429
10.602212357142855
10.660394642857144
3.5

21.420498614285716
21.326597142857143
0.0
0.14002071428571428
0.07737089999999999
10.618043485714287
10.631182757142856
3.5

21.246038071428572
21.167221842857142
0.0
0.1212353
0.0735072
10.494265714285715
10.599448928571428
3.5

21.23513
21.184573485714285
0.0
0.08823475714285714
0.10587822857142856
10.419021414285714
10.659673842857142
3.5

21.13241371428571
21.055418471428574
0.0
0.1131899857142857
0.053847957142857145
10.417374928571428
10.584195585714285
3.5

21.641804342857142
21.08231962857143
0.0
0.5944891142857144
0.054412971428571426
10.439490800000002
10.588415857142856
3.5

21.40201355714286
21.355217928571427
0.0
0.0873560142857143
0.061244985714285716
10.536624357142856
10.757348585714286
3.5

21.610074585714283
21.53273627142857
0.0
0.11458742857142856
0.05730897142857143
10.51179732857143
10.96362997142857
3.4
