
43.97583117142857
32.48123794285714
11.283153742857143
0.21143948571428572
0.9782698714285714
20.85905365714286
10.643914414285714
3.272727272727273

41.29031687142857
31.845299100000002
9.20569647142857
0.2393213
0.5898270428571428
20.541069671428573
10.714402385714285
3.5

39.93014614285714
32.4030885
7.323234814285714
0.20382282857142858
1.1586539571428571
20.585822614285714
10.658611928571428
3.5

39.47320247142857
31.62107275714286
7.716224914285715
0.1359048
0.5361607571428572
20.45622815714286
10.628683842857143
3.5

40.64116414285714
32.06262735714286
8.427309042857143
0.15122774285714286
0.5230968714285714
20.392606100000002
11.146924385714286
3.5

39.31059722857143
31.461602785714287
7.539522857142857
0.30947158571428574
0.4533740857142857
20.412093199999997
10.5961355
3.5

39.670520100000005
31.373076971428574
7.870578457142857
0.42686467142857143
0.37741684285714283
20.998664842857142
9.996995285714286
3.5

39.122735428571424
31.378087442857144
7.407052742857143
0.3375952428571429
0.37036257142857143
20.41389387142857
10.593831
3.5

41.61773327142857
31.790112542857145
9.570388928571429
0.2572318
0.6253280999999999
20.506601785714288
10.658182657142858
3.5

41.6447446
31.482807942857143
10.004613471428572
0.15732318571428572
0.4297515142857143
20.424942057142857
10.628114371428572
3.4
