
21.686467828571427
21.835499957142854
0.0
0.14640957142857142
0.36079765714285716
10.563127300000001
10.911575
3.272727272727273

21.536430528571426
21.399496028571427
0.0
0.20185251428571427
0.11401914285714286
11.193808085714286
10.0916688
3.5

21.417328185714286
21.342614171428572
0.0
0.13309364285714287
0.11096562857142858
10.628025371428572
10.60362317142857
3.5

21.393481171428572
21.347341800000002
0.0
0.09748168571428571
0.09265872857142857
10.585180657142857
10.669502414285715
3.5

21.3077556
21.229007814285715
0.0
0.12365211428571428
0.0789128
10.450298
10.699797014285714
3.5

21.19879172857143
21.1306867
0.0
0.10728315714285715
0.06936492857142856
10.4854951
10.57582667142857
3.5

21.149250385714286
21.0658673
0.0
0.11853854285714287
0.053927728571428565
10.449907199999998
10.562032371428572
3.5

21.25549594285714
21.2061993
0.0
0.0829937
0.05254515714285714
10.504011471428571
10.64964267142857
3.5

21.229623028571428
21.186985385714284
0.0
0.08339988571428572
0.06376037142857142
10.490719471428571
10.632505542857142
3.5

21.129647314285712
21.076045757142857
0.0
0.09509322857142857
0.0637865
10.424340942857143
10.587918314285714
3.4
