
21.764047314285715
21.715493514285715
0.0
0.1743844
0.1752656857142857
10.70985917142857
10.830368657142857
3.272727272727273

22.043616971428573
21.944968857142857
0.0
0.16062894285714285
0.12381802857142857
10.5071327
11.314018128571428
3.5

21.371267971428573
21.308419742857144
0.0
0.11856407142857144
0.10216717142857143
10.568876
10.637376571428572
3.5

21.898406171428572
21.832517685714286
0.0
0.11332311428571429
0.08080128571428571
10.5481779
11.2035385
3.5

21.316935457142854
21.24385372857143
0.0
0.11570812857142858
0.0724254
10.524495671428571
10.646932657142857
3.5

21.231975685714286
21.184011100000003
0.0
0.08562132857142857
0.06505207142857143
10.454757771428572
10.664201257142857
3.5

21.173706614285717
21.08907472857143
0.0
0.11848572857142857
0.05492144285714286
10.429838342857144
10.604314942857142
3.5

21.10176327142857
21.0576991
0.0
0.07628871428571429
0.051964057142857144
10.450468642857144
10.5552664
3.5

21.430912542857143
21.3856753
0.0
0.08455828571428571
0.0682350142857143
10.555976857142856
10.76146342857143
3.5

21.76660832857143
21.723586014285715
0.0
0.08417658571428571
0.05938078571428572
10.462741214285714
11.201464014285714
3.4
