
21.788983471428573
21.793609371428573
0.0
0.14656687142857144
0.1987666142857143
10.7220221
10.872820657142857
3.272727272727273

21.484608185714286
21.401449371428573
0.0
0.1427308
0.14673777142857145
10.536998414285714
10.717713185714286
3.5

21.388454542857144
21.314145314285714
0.0
0.12975504285714287
0.09452998571428571
10.605060271428572
10.614555057142857
3.5

21.329680857142858
21.258581399999997
0.0
0.11423261428571428
0.07250932857142857
10.576457285714286
10.609614785714285
3.5

21.347866614285714
21.2405497
0.0
0.14749791428571427
0.07737871428571429
10.467459985714287
10.695711
3.5

21.254320457142857
21.199449957142857
0.0
0.08995738571428571
0.06184257142857143
10.456020214285715
10.681587171428571
3.5

21.225671485714287
21.135008471428574
0.0
0.12644675714285714
0.05350641428571429
10.484457328571429
10.597044728571428
3.5

21.172431242857144
21.11799464285714
0.0
0.08759514285714286
0.053458071428571424
10.476953528571428
10.587583042857142
3.5

21.29851737142857
21.225720942857144
0.0
0.1117099
0.060050957142857145
10.413326271428572
10.752343714285715
3.5

21.16813121428571
21.107049885714286
0.0
0.1016375
0.06175612857142857
10.458178728571427
10.587115028571429
3.4
