
22.00673684285714
22.000831414285717
0.0
0.13375707142857143
0.1818049
10.82295857142857
10.996067942857142
3.272727272727273

21.403539385714286
21.32314367142857
0.0
0.13832517142857143
0.14332101428571428
10.493386800000001
10.686435857142856
3.5

21.37988422857143
21.327030957142856
0.0
0.10306214285714285
0.09318728571428571
10.614272571428572
10.6195711
3.5

21.2748557
21.191558385714284
0.0
0.13065105714285713
0.0775171
10.469008342857142
10.645032942857142
3.5

21.239427757142856
21.168830785714288
0.0
0.11274251428571429
0.07160275714285715
10.472969957142858
10.62425807142857
3.5

21.183756114285714
21.12824572857143
0.0
0.09246348571428571
0.060688571428571425
10.573117728571429
10.494439428571429
3.5

21.174755771428572
21.094308657142857
0.0
0.11462808571428572
0.0525148
10.481970128571428
10.559823728571429
3.5

21.1188112
21.06686037142857
0.0
0.08628661428571428
0.055386171428571426
10.4414924
10.5699818
3.5

21.516170628571427
21.44439472857143
0.0
0.11130615714285715
0.06297582857142857
10.603136842857143
10.778282057142857
3.5

21.862922614285715
21.81025575714286
0.0
0.09087857142857143
0.05633041428571429
10.511183785714286
11.242741557142857
3.4
