
21.896686971428572
21.868146557142857
0.0
0.16410774285714286
0.1900351142857143
10.821574157142857
10.856537285714285
3.272727272727273

21.502359785714287
21.389419185714285
0.0
0.18869514285714287
0.1253389
10.57176142857143
10.692318857142856
3.5

21.455422385714286
21.386394199999998
0.0
0.14347885714285713
0.13701284285714285
10.5233398
10.726041557142857
3.5

21.714117014285712
21.175568957142858
0.0
0.5940359857142857
0.09636994285714286
10.463877257142856
10.615321757142857
3.5

21.375225414285715
21.247912257142858
0.0
0.1786693142857143
0.07845045714285713
10.564015942857143
10.605445857142856
3.5

21.220788414285714
21.154162614285713
0.0
0.1175507
0.0883347
10.489659142857144
10.576168771428572
3.5

21.192259057142856
21.094728371428573
0.0
0.1485328
0.07842647142857143
10.455059714285715
10.561242185714287
3.5

21.13968265714286
21.088324642857142
0.0
0.09604482857142857
0.07167672857142857
10.440781214285714
10.575866699999999
3.5

21.27113372857143
21.215758028571425
0.0
0.10407131428571428
0.07112381428571428
10.504456028571429
10.640178185714285
3.5

21.155459242857145
21.096381642857143
0.0
0.1091305
0.07397548571428571
10.421356628571429
10.601049528571428
3.4
