
21.739985314285715
21.70884044285714
0.0
0.18317005714285714
0.21009961428571428
10.681473171428571
10.817267657142857
3.272727272727273

21.6997704
21.5900154
0.0
0.18870744285714286
0.13784562857142857
10.612308614285714
10.839861157142858
3.5

21.430494485714288
21.36913385714286
0.0
0.1261771857142857
0.11024441428571428
10.51287857142857
10.746010871428572
3.5

21.36177272857143
21.31012515714286
0.0
0.11390647142857142
0.09738764285714285
10.525483257142858
10.687254257142857
3.5

21.331296614285716
21.256559557142857
0.0
0.12232375714285713
0.07894427142857144
10.518511057142858
10.659104228571428
3.5

21.162857014285713
21.089081285714286
0.0
0.12184541428571428
0.07581244285714286
10.441661214285714
10.571607628571428
3.5

21.23365085714286
21.119101885714286
0.0
0.15938952857142857
0.067003
10.4929161
10.559182785714285
3.5

21.051472157142857
20.99438687142857
0.0
0.10074367142857142
0.0684105
10.342122614285715
10.583853757142856
3.5

21.541798371428573
21.436406171428573
0.0
0.14987191428571428
0.06683824285714286
10.596524614285714
10.773043314285713
3.5

21.208434
21.144975471428573
0.0
0.11167257142857144
0.07736885714285714
10.515102685714286
10.55250392857143
3.4
