
21.70450327142857
21.686115514285714
0.0
0.14540962857142856
0.18105635714285714
10.638694628571429
10.86636452857143
3.272727272727273

21.50811184285714
21.414322471428573
0.0
0.1479183285714286
0.09634725714285713
10.5780291
10.739946114285715
3.5

21.343460242857144
21.261057185714286
0.0
0.13091484285714286
0.08628114285714286
10.511641785714286
10.663134257142858
3.5

21.230362671428573
21.172788485714285
0.0
0.10053431428571429
0.07359701428571429
10.453479685714285
10.645711785714285
3.5

21.292934885714285
21.231987685714287
0.0
0.09977088571428572
0.06612964285714286
10.506356828571429
10.659501214285715
3.5

21.280260428571427
21.23032327142857
0.0
0.08594978571428571
0.06295237142857144
10.496684657142858
10.670686242857144
3.5

21.1950832
21.104128
0.0
0.1251266
0.05205588571428572
10.452881757142857
10.599190357142856
3.5

20.999758828571427
20.95386427142857
0.0
0.07889444285714285
0.05054625714285715
10.333065071428571
10.570252942857142
3.5

21.455400342857143
21.31698294285714
0.0
0.1753129
0.053976442857142856
10.622834885714285
10.640171614285714
3.5

21.21731734285714
21.180727985714288
0.0
0.07211825714285713
0.05343158571428571
10.519660271428572
10.607636128571428
3.4
