
21.479623957142856
21.466820885714284
0.0
0.1872947
0.24312857142857142
10.30721517142857
10.916477142857143
3.272727272727273

21.601791300000002
21.452909557142856
0.0
0.23641115714285715
0.14978584285714286
11.204535528571428
10.098588185714286
3.5

21.521868714285713
21.432750057142858
0.0
0.16710858571428572
0.1394663
10.617073528571428
10.676210228571428
3.5

21.24786382857143
21.17846942857143
0.0
0.13696274285714286
0.11065175714285713
10.431170728571429
10.636646942857142
3.5

21.3691969
21.2627332
0.0
0.16961524285714286
0.12020565714285715
10.422614028571429
10.719913514285713
3.5

21.185836128571427
21.12378665714286
0.0
0.1216252
0.09781567142857142
10.3916195
10.634351485714287
3.5

21.25390734285714
21.159411042857144
0.0
0.1514532142857143
0.0906398
10.478961542857142
10.5898097
3.5

21.21503082857143
21.130589042857142
0.0
0.13663908571428574
0.08337528571428571
10.485511771428571
10.561701985714286
3.5

21.3526629
21.271672014285713
0.0
0.13538584285714286
0.0799711
10.55375917142857
10.637941742857143
3.5

21.253896757142858
21.202866114285715
0.0
0.10930655714285714
0.0883314857142857
10.499136357142856
10.615398271428573
3.4
