
21.90994074285714
21.91710971428571
0.0
0.1418378857142857
0.19913001428571428
10.789823542857143
10.928156157142856
3.272727272727273

21.565414699999998
21.413704914285717
0.0
0.22631451428571428
0.1252751
11.116202871428571
10.172226942857142
3.5

21.42347157142857
21.353916014285712
0.0
0.14654348571428572
0.1323571857142857
10.545783742857143
10.675775085714287
3.5

21.26095312857143
21.191824699999998
0.0
0.12677004285714286
0.09164475714285714
10.451336842857144
10.648843099999999
3.5

21.38582072857143
21.311909871428572
0.0
0.13033752857142858
0.09072495714285714
10.537259785714285
10.683925128571428
3.5

21.752705199999998
21.665928085714285
0.0
0.13452855714285714
0.08043014285714285
10.477250742857143
11.1082472
3.5

21.102423385714285
20.98752287142857
0.0
0.16134108571428574
0.07188767142857143
10.351325457142858
10.564309742857143
3.5

20.821969971428572
21.1444245
0.0
0.10512657142857143
0.46190897142857146
10.088018514285713
10.594497014285713
3.5

21.083823042857144
21.19010737142857
0.0
0.13068344285714287
0.2638434
10.3110575
10.615206471428571
3.5

21.243252457142855
21.1899228
0.0
0.1008686
0.07105037142857143
10.5177379
10.601134528571428
3.4
