
21.794429642857143
21.979671385714283
0.0
0.19173142857142858
0.44824327142857145
10.685879071428571
10.845549042857142
3.272727272727273

21.559329100000003
21.454487214285713
0.0
0.18169864285714288
0.12643082857142857
10.600886571428571
10.727169814285714
3.5

21.39903982857143
21.318454671428572
0.0
0.14732234285714285
0.11209594285714286
10.562941871428572
10.643416857142856
3.5

21.368021885714285
21.27899597142857
0.0
0.1525103857142857
0.10391158571428571
10.55176817142857
10.623316214285715
3.5

21.180042057142856
21.11422992857143
0.0
0.11678905714285714
0.0903532857142857
10.441791171428571
10.582085471428572
3.5

21.363854414285715
21.2993822
0.0
0.11704565714285715
0.08628495714285714
10.5471726
10.665924642857144
3.5

21.145556914285716
21.0593479
0.0
0.1381056714285714
0.08041517142857142
10.401129842857143
10.577802885714284
3.5

21.174939742857145
21.118066600000002
0.0
0.10336581428571429
0.07489867142857143
10.512177414285715
10.530990514285714
3.5

21.560370614285716
21.4478198
0.0
0.1579044
0.06758654285714287
10.719908857142856
10.6603244
3.5

21.252201814285716
21.181024542857145
0.0
0.12185027142857144
0.07444315714285715
10.528734957142857
10.57784642857143
3.4
