
21.833966828571427
21.81417032857143
0.0
0.13928641428571428
0.17476342857142857
10.751224485714287
10.888182414285714
3.272727272727273

21.441095914285714
21.34722557142857
0.0
0.14947344285714287
0.10245487142857142
10.606067842857144
10.638702857142857
3.5

21.423481914285716
21.379333971428572
0.0
0.10297632857142858
0.09992587142857143
10.582792614285715
10.696615485714286
3.5

21.32896027142857
21.26089077142857
0.0
0.1071674
0.06494532857142857
10.581360057142858
10.614585385714285
3.5

21.20748414285714
21.156021071428572
0.0
0.08727839999999999
0.06300881428571428
10.473148914285714
10.619863342857142
3.5

21.613445657142858
21.532785342857142
0.0
0.11741335714285714
0.058530257142857145
10.463210685714285
11.011044400000001
3.5

21.17466562857143
21.080187057142858
0.0
0.1297197
0.053405428571428576
10.477818028571429
10.5489636
3.5

21.154907957142857
21.09766392857143
0.0
0.09042048571428571
0.055725642857142856
10.443653928571429
10.598284357142857
3.5

21.45747615714286
21.405077614285716
0.0
0.08857124285714287
0.05337027142857143
10.592803771428573
10.75890357142857
3.5

21.161869742857142
21.12634117142857
0.0
0.07156008571428571
0.054545171428571425
10.5039665
10.5678295
3.4
