
21.812131285714287
21.81444557142857
0.0
0.12662507142857143
0.227738
10.648767385714285
10.937940185714286
3.272727272727273

21.535162785714288
21.43830384285714
0.0
0.15605572857142858
0.1053818
10.56820282857143
10.764719214285714
3.5

21.3131469
21.23342334285714
0.0
0.13126358571428573
0.10144411428571429
10.478955657142857
10.653023571428571
3.5

21.319724442857144
21.267298057142856
0.0
0.09248707142857143
0.06920525714285714
10.555480300000001
10.6426125
3.5

21.249295928571428
21.168719171428574
0.0
0.11787081428571428
0.06493947142857143
10.495813157142857
10.607966542857142
3.5

21.14454697142857
21.092973814285713
0.0
0.08916947142857143
0.1052415142857143
10.393329285714286
10.594403014285714
3.5

21.21913328571429
21.107932642857143
0.0
0.1467324714285714
0.05381581428571429
10.455161157142857
10.59895567142857
3.5

21.5046289
20.958708842857142
0.0
0.5797069714285714
0.05345
10.344032271428572
10.561226571428572
3.5

21.477307928571427
21.392713342857142
0.0
0.11847127142857143
0.050782042857142856
10.71752942857143
10.62440187142857
3.5

21.16740057142857
21.132615757142858
0.0
0.07138485714285714
0.05567281428571429
10.502856742857142
10.5740862
3.4
