
21.753461842857142
21.72628377142857
0.0
0.16995734285714284
0.19861641428571428
10.613499314285715
10.914168042857142
3.272727272727273

21.46975864285714
21.37417234285714
0.0
0.16456624285714286
0.18108388571428571
10.533107214285714
10.659981242857143
3.5

21.3924382
21.313903285714286
0.0
0.13700627142857144
0.09845117142857143
10.527106114285715
10.688346
3.5

21.268245385714284
21.21371135714286
0.0
0.12145897142857143
0.11091278571428571
10.485265771428573
10.617532800000001
3.5

21.41762777142857
21.357039699999998
0.0
0.11684510000000001
0.08891634285714285
10.617465114285714
10.650658242857144
3.5

21.153318328571427
21.098315857142858
0.0
0.09808839999999999
0.07670004285714287
10.423774857142856
10.597840957142857
3.5

21.137175528571426
21.049299899999998
0.0
0.12833592857142856
0.06162201428571429
10.41901652857143
10.568661357142856
3.5

21.114775714285713
21.044495914285715
0.0
0.10490824285714286
0.05289591428571429
10.407945742857143
10.583654257142857
3.5

21.164351185714285
21.0759333
0.0
0.12604692857142857
0.05730188571428572
10.3903134
10.628318014285714
3.5

21.130659114285717
21.09524364285714
0.0
0.07730465714285714
0.06492440000000001
10.408752914285714
10.62156632857143
3.4
