
21.8032395
21.80417477142857
0.0
0.12935298571428572
0.18003208571428572
10.895479457142859
10.728663228571428
3.272727272727273

21.467688385714286
21.3851245
0.0
0.14482427142857143
0.11086614285714286
10.645185742857143
10.629072614285715
3.5

21.398638185714287
21.343959414285717
0.0
0.1074205142857143
0.09108274285714286
10.572083871428571
10.6807928
3.5

21.457085971428572
21.25901682857143
0.0
0.24081907142857142
0.06999414285714285
10.552070414285714
10.636952271428571
3.5

21.419823171428572
21.332911742857142
0.0
0.12811785714285714
0.06825158571428572
10.601294442857142
10.663365714285714
3.5

21.145461
21.098899714285714
0.0
0.08359598571428571
0.05879125714285715
10.469512857142856
10.570595599999999
3.5

21.106501742857144
21.050997457142856
0.0
0.09046702857142858
0.05069052857142857
10.410523
10.589783928571428
3.5

21.097703614285717
21.0484594
0.0
0.08360047142857142
0.05207844285714286
10.470603157142857
10.5257778
3.5

21.427758014285715
21.368584114285714
0.0
0.09115217142857143
0.05260857142857143
10.691370642857144
10.6246049
3.5

21.25028587142857
21.21802777142857
0.0
0.06629075714285713
0.0518724
10.553031042857143
10.613124328571429
3.4
