
21.77522212857143
21.772371399999997
0.0
0.14633722857142856
0.19286797142857143
10.719740671428571
10.859762757142857
3.272727272727273

21.50080515714286
21.401202414285716
0.0
0.1574455
0.12102408571428572
10.646383199999999
10.633795128571428
3.5

21.35995467142857
21.266735285714287
0.0
0.14705042857142858
0.087197
10.560732185714286
10.6188061
3.5

21.2639025
21.208588199999998
0.0
0.12795441428571427
0.106609
10.456674285714286
10.645304914285713
3.5

21.20668265714286
21.12888815714286
0.0
0.11410632857142858
0.05797318571428571
10.4351086
10.635806371428572
3.5

21.180128185714285
21.113489985714285
0.0
0.10119475714285714
0.062249042857142854
10.459367
10.591873942857143
3.5

21.065484914285715
20.979821971428574
0.0
0.1214916
0.053918485714285716
10.358259614285714
10.567643871428572
3.5

21.12267094285714
21.072627757142858
0.0
0.08281377142857144
0.05195828571428572
10.431125699999999
10.589543771428572
3.5

21.279318385714284
21.21344684285714
0.0
0.10146268571428572
0.05371762857142857
10.399088514285713
10.7606407
3.5

21.12106327142857
21.084760142857142
0.0
0.07161441428571429
0.052783528571428574
10.462733271428572
10.569243342857144
3.4
