
24.506061600000002
23.920399
0.3302715
0.2553911
1.999869
13.5317264
8.3888036
1.0

21.6160573
21.215004699999998
0.2174867
0.1835659
1.7884121000000002
11.5793962
7.8471964000000005
1.0

23.5223231
23.2018544
0.1976884
0.12278030000000001
1.5193625
11.90853
9.7739619
1.0

21.724474
21.4666235
0.1311329
0.1267176
1.8291608000000001
11.862592099999999
7.7748706
1.0

20.6616511
20.4813878
0.0778185
0.1024448
1.3074367
11.491086800000001
7.682864299999999
1.0

20.5592945
20.3182298
0.0691181
0.1719466
1.3172483000000001
11.3278829
7.673098599999999
1.0

20.507066
20.351954399999997
0.07085960000000001
0.084252
1.3048015
11.4958039
7.551349
1.0

21.2867292
21.086958199999998
0.058750199999999995
0.1410208
1.1541632
12.998116
6.934679
1.0

20.3898597
20.2160598
0.0609815
0.1128184
1.2121058
11.4002643
7.6036897
1.0

20.192386199999998
20.0696435
0.0550784
0.0676643
1.1429282
11.4548603
7.471855
1.0
