
57.8249084
57.8945067
0.0
0.2673475
0.37621129999999997
9.528689400000001
47.989606
1.0

9.4101889
9.7629769
0.0
0.2717585
0.757417
3.8621336
5.1434263
1.0

15.9959741
16.1316552
0.0
0.12064960000000001
0.3041783
8.7745619
7.052915
1.0

16.934979600000002
16.864904600000003
0.0
0.2396605
0.2063754
8.869603099999999
7.788926099999999
1.0

16.1163338
16.0951055
0.0
0.2068819
0.39599840000000003
8.2228791
7.476228
1.0

14.8823616
14.841519400000001
0.0
0.1206477
0.1973519
7.1038527
7.5403148
1.0

14.4766326
14.3503461
0.0
0.1907811
0.10061360000000001
6.702652400000001
7.5470801
1.0

14.4590812
14.3936535
0.0
0.1230416
0.0936468
6.991591
7.3084157
1.0

15.047022400000001
14.924643199999998
0.0
0.1866593
0.1269962
7.3346615
7.4629855
1.0

14.4476105
14.4277261
0.0
0.0725962
0.1018855
6.9102318
7.4156088
1.0
