
18.140750699999998
18.0517913
0.0
0.43745809999999996
0.3980203
8.7635033
8.890267699999999
1.0

16.5372945
16.0222576
0.0
0.6266833
0.1838879
7.9735518
7.8648179
1.0

16.4848289
16.2779855
0.0
0.31630959999999997
0.1554798
8.247609599999999
7.8748961
1.0

16.194528599999998
16.2980596
0.0
0.1508553
0.30717409999999995
8.2309233
7.7599622
1.0

17.0608804
16.9823922
0.0
0.200605
0.284403
9.0010218
7.6969674
1.0

16.9409019
16.8484867
0.0
0.2009849
0.9177234000000001
8.364266599999999
7.5664967
1.0

17.4176912
17.4881858
0.0
0.1594724
0.336957
8.0608084
9.090420400000001
1.0

14.9581301
14.9250732
0.0
0.1139699
0.1124432
7.2155939
7.5970360999999995
1.0

14.9858469
14.9287821
0.0
0.14126039999999998
0.1284345
7.3743897
7.4259579
1.0

14.7622025
14.7348356
0.0
0.0943795
0.09572510000000001
7.0318027999999995
7.6073077
1.0
