
17.302218
17.4404984
0.0
0.1840646
0.35656790000000005
8.615547300000001
8.4683832
1.0

16.0366958
15.9893336
0.0
0.1254737
0.11152519999999999
7.2067336
8.671074800000001
1.0

16.5904111
16.4527229
0.0
0.2138527
0.10316260000000001
8.6722386
7.6773217
1.0

17.432863
17.3749928
0.0
0.2220887
0.2297415
8.511598300000001
8.633653
1.0

15.7883906
15.770420099999999
0.0
0.1171446
0.2166959
7.6220263
7.9316979000000005
1.0

17.274073100000003
17.258285100000002
0.0
0.18125560000000002
0.5524168
7.7162877000000005
8.9895806
1.0

14.7900587
14.550868300000001
0.0
0.31411609999999995
0.2431375
6.6130665
7.6946642999999995
1.0

15.2976666
15.0981935
0.0
0.2588635
0.0991496
6.9697734
8.0292705
1.0

14.182319099999999
14.1508516
0.0
0.07769939999999999
0.06804189999999999
6.5917797
7.49103
1.0

14.3864088
14.3680578
0.0
0.0621074
0.0810885
6.8162652999999995
7.470704
1.0
