
17.768288300000002
17.767873899999998
0.0
0.3132662
0.3494425
8.4218065
8.9966249
1.0

15.5024089
15.451159800000001
0.0
0.139894
0.1351633
7.5316968
7.7842997
1.0

15.7139539
15.6615715
0.0
0.144493
0.13144879999999998
7.6637925
7.8663302
1.0

15.8800814
15.9260949
0.0
0.1080363
0.1867593
7.959078900000001
7.7802567
1.0

15.7190242
15.674563699999998
0.0
0.11632669999999999
0.215869
7.307733
8.1509617
1.0

14.8816911
14.601080900000001
0.0
0.34460040000000003
0.0878833
7.156409900000001
7.3567877
1.0

14.521899699999999
14.4848473
0.0
0.1046942
0.1019126
7.0096696
7.373265099999999
1.0

15.396463
15.3223834
0.0
0.1455935
0.1167263
8.5541007
6.6515564000000005
1.0

14.2709468
14.2451249
0.0
0.0816892
0.0776902
6.6769678
7.4904669
1.0

14.3804529
14.3553385
0.0
0.0769253
0.07314860000000001
6.9759212999999995
7.306268599999999
1.0
