
16.9903726
17.0565498
0.0
0.2666394
0.3718653
8.2847
8.3999845
1.0

15.37607
15.317212
0.0
0.1397713
0.1121245
7.7602867
7.444800799999999
1.0

17.920364399999997
17.7398856
0.0
0.2630559
0.1313044
8.2888439
9.3197373
1.0

17.346969
17.4212067
0.0
0.1087221
0.2204419
9.2671722
7.9335926
1.0

69.46364820000001
69.384075
0.0
0.1738094
0.15234920000000002
4.34651
64.8852158
1.0

7.7700178
7.1846785
0.0
1.3397471
1.4302049
2.0083031
3.7461705
1.1111111111111112

13.855177
13.8740615
0.0
0.15492979999999998
0.2433534
7.9931013
5.6376067999999995
1.0

15.009999800000001
14.8836859
0.0
0.1966643
0.1002409
7.3542428
7.4292022
1.0

15.5080984
15.1970365
0.0
0.37447759999999997
0.1008571
7.7015232000000005
7.3946562
1.0

14.5983267
14.5149691
0.0
0.13672920000000002
0.0745327
7.1225199
7.3179165
1.0
