
16.4462038
16.4718755
0.0
0.2671312
0.3288359
7.900098099999999
8.2429415
1.0

15.3397348
15.2161755
0.0
0.1945755
0.10020230000000001
7.2615983
7.854374900000001
1.0

16.5992053
16.569577300000002
0.0
0.1131322
0.111638
8.0031449
8.4547944
1.0

15.7522813
15.657502
0.0
0.2264735
0.1801361
7.7307005
7.7466654
1.0

14.5512644
14.4129201
0.0
0.20015660000000002
0.13601429999999998
6.8223387
7.454567099999999
1.0

14.4328275
14.3948953
0.0
0.089221
0.07139889999999999
6.9157627
7.4077337000000005
1.0

14.950344300000001
14.860846800000001
0.0
0.156779
0.11449469999999999
7.244994
7.5013581
1.0

14.488486199999999
14.3827201
0.0
0.1693401
0.11034189999999999
6.8547002
7.417678
1.0

14.2457762
14.1875914
0.0
0.1064263
0.0680749
7.0164997
7.1030168
1.0

14.8054365
14.685923599999999
0.0
0.16451120000000002
0.0633917
6.9422066
7.6803253
1.0
