
17.3542164
17.2771216
0.0
0.4205179
0.3749856
9.0534469
7.8486891
1.0

14.552608
14.5370615
0.0
0.07549410000000001
0.0855252
7.2925943
7.158942
1.0

15.504670599999999
15.4761002
0.0
0.1073346
0.10771030000000001
7.7439572000000005
7.6244327
1.0

15.5373028
15.5091656
0.0
0.1015886
0.0992412
7.3635545
8.0463699
1.0

15.561087
15.5134224
0.0
0.09945960000000001
0.1286472
6.7417547
8.6430205
1.0

14.3788555
14.3576639
0.0
0.07967189999999999
0.125743
6.8051532
7.4267677
1.0

14.7628985
14.7072695
0.0
0.1058143
0.0803652
6.8970591
7.7298452
1.0

14.308000199999999
14.1957184
0.0
0.167486
0.09155830000000001
6.5908052
7.5133549
1.0

14.479225699999999
14.4001725
0.0
0.1214183
0.0607439
6.9391253
7.4003033
1.0

14.4845622
14.472847199999999
0.0
0.0493965
0.054038699999999995
6.9350568
7.4837517
1.0
