
18.1970281
18.218048
0.0
0.26731140000000003
0.32496020000000003
9.7419987
8.1510891
1.0

14.8094545
14.7331466
0.0
0.1404201
0.092243
7.2060839
7.4348197
1.0

16.9193116
16.7398091
0.0
0.2518492
0.10355460000000001
9.857861199999999
6.778393299999999
1.0

15.3204619
15.3042787
0.0
0.1207477
0.1376666
7.2313017
7.9353104000000005
1.0

16.3684065
16.2871724
0.0
0.1533348
0.1067091
8.8707706
7.3096927
1.0

14.2251423
14.1913841
0.0
0.0939083
0.0837902
6.7337464
7.3738475
1.0

14.7798255
14.7158721
0.0
0.1351647
0.1041902
7.1339892
7.4776927
1.0

14.3070341
14.290502
0.0
0.0652624
0.12023489999999999
7.1329363
7.037330799999999
1.0

14.332796
14.306935699999999
0.0
0.081581
0.08920439999999999
6.6497167
7.5680146
1.0

15.1484466
14.5191301
0.0
0.6741458
0.08766239999999999
6.9164972
7.5149705
1.0
