
17.832006
17.653574600000002
0.0
0.5273655
0.3824005
7.4728015
9.7983726
1.0

14.8643632
14.8156459
0.0
0.1173795
0.0958022
7.3101606
7.4096831
1.0

15.2898408
15.2375174
0.0
0.1310402
0.11194660000000001
7.3627141
7.7628567
1.0

16.6723328
16.6950545
0.0
0.13089810000000002
0.1832154
8.4435782
8.0682609
1.0

17.29266
17.2726988
0.0
0.1258477
0.22298210000000002
10.085799300000001
6.963917400000001
1.0

16.2168903
16.1903056
0.0
0.0968546
0.1007403
9.222626199999999
6.8669391
1.0

16.4252379
16.3505821
0.0
0.1514771
0.1290712
7.683630099999999
8.5378808
1.0

14.5279624
14.402384099999999
0.0
0.1780886
0.074896
6.9321905
7.395297599999999
1.0

14.7830823
14.7471161
0.0
0.0856698
0.0730377
6.8629099
7.8111685
1.0

14.3582141
14.239146400000001
0.0
0.1635472
0.0632197
6.8932575
7.2826692
1.0
