
18.2065826
18.040509
0.0
0.464941
0.34197890000000003
8.3086162
9.3899139
1.0

15.002652699999999
14.8929415
0.0
0.19357270000000001
0.1161357
7.2977575
7.4790483
1.0

16.145331
16.1127336
0.0
0.12117080000000001
0.1290535
8.219679
7.7640011
1.0

16.29381
16.3547049
0.0
0.132523
0.3031614
8.3842922
7.6672513
1.0

15.5483144
15.5157271
0.0
0.12127
0.1890663
7.4150472999999995
7.9116135
1.0

14.653156699999998
14.6374386
0.0
0.08789519999999999
0.3239407
7.214778
7.098719900000001
1.0

15.1281094
15.0485657
0.0
0.1783212
0.1270774
7.3736082000000005
7.5478800999999995
1.0

15.1911312
15.176528
0.0
0.09592969999999999
0.109467
7.167955
7.899106
1.0

14.4057842
14.3859246
0.0
0.0924348
0.1323337
7.0591517
7.194439200000001
1.0

15.1053211
15.083733
0.0
0.0788359
0.0805239
7.2517294
7.7514797
1.0
