
18.400275699999998
18.4919078
0.0
0.2236019
0.3481405
9.361059599999999
8.7827077
1.0

15.8487885
15.859449699999999
0.0
0.0820531
0.1279847
7.9859472
7.7455178
1.0

15.3623914
15.275325800000001
0.0
0.14868889999999998
0.0911276
7.4414158
7.7427824
1.0

14.810362
14.812083699999999
0.0
0.0937398
0.196035
7.485006599999999
7.131042099999999
1.0

14.1159686
14.0629799
0.0
0.1076467
0.0812692
6.5211535
7.4605572
1.0

14.5002718
14.4842344
0.0
0.068068
0.0713477
7.3339569000000004
7.0789298
1.0

14.6174268
14.594135699999999
0.0
0.0774217
0.1091207
7.3142667
7.1707483
1.0

14.2985618
14.294590699999999
0.0
0.0567127
0.0712969
6.7592374
7.4640564000000005
1.0

14.585866800000002
14.5814339
0.0
0.0557198
0.0686693
6.9712667999999995
7.5414978
1.0

14.3776814
14.3672951
0.0
0.0489477
0.0552961
6.9460628
7.3659362
1.0
