
17.9018181
17.7009362
0.0
0.4919673
0.327419
9.5313964
7.8421208
1.0

15.332032199999999
15.2456031
0.0
0.1567156
0.1120092
7.7965524
7.3370415
1.0

15.5843925
15.5298331
0.0
0.1381758
0.1253783
7.5993046
7.8051502
1.0

16.9389341
16.9602352
0.0
0.1115571
0.1702582
7.7169041
9.0730729
1.0

15.018970300000001
14.9163648
0.0
0.17610479999999998
0.16946139999999998
7.4476154
7.299288
1.0

14.9295201
14.868552699999999
0.0
0.13883610000000002
0.13213170000000002
7.2023817
7.5340393
1.0

14.82917
14.812465
0.0
0.08117060000000001
0.09208889999999999
7.2806245999999994
7.4397515
1.0

15.0385121
15.0321841
0.0
0.0743094
0.0908814
6.9497878
7.9915149
1.0

14.404093900000001
14.378513400000001
0.0
0.0887401
0.117224
7.072186
7.1891034000000005
1.0

14.609902199999999
14.5749286
0.0
0.0836178
0.06983410000000001
6.9057072999999995
7.5993872
1.0
