
18.982492699999998
18.873119
0.0
0.4160648
0.3461221
8.1811118
10.3458851
1.0

15.2708615
15.2561927
0.0
0.08135880000000001
0.0933687
7.5451792
7.6176448
1.0

16.917763100000002
16.8621161
0.0
0.1402945
0.12135
8.8276424
7.9131237
1.0

16.6202995
16.5440248
0.0
0.2259216
0.1837265
9.4652756
6.8950227
1.0

15.701867400000001
15.6561676
0.0
0.1142422
0.1479184
7.0005108
8.507738400000001
1.0

14.7103058
14.7819339
0.0
0.08625719999999999
0.4739523
6.6236959
7.6842857
1.0

14.9487907
14.9139651
0.0
0.09869510000000001
0.08664039999999999
8.2815848
6.5457399
1.0

14.3229173
14.3089145
0.0
0.0645456
0.0854766
7.015859799999999
7.207578099999999
1.0

14.4449296
14.4131476
0.0
0.0854105
0.0877603
6.5802171
7.7451702000000004
1.0

14.3179054
14.2909215
0.0
0.0695688
0.0800077
6.8720952
7.3388186
1.0
