
17.587355300000002
17.522078699999998
0.0
0.3360526
0.30882190000000004
7.7510283
9.4622285
1.0

14.8444944
14.755942300000001
0.0
0.1457352
0.0819582
7.1381036
7.5358805
1.0

15.0773191
15.055249
0.0
0.0920875
0.1170761
7.210349900000001
7.727823
1.0

15.3114589
15.2915154
0.0
0.1232264
0.1824498
7.4519071
7.6571585
1.0

16.12032
15.944696
0.0
0.2327349
0.19125520000000001
8.3825569
7.3708839
1.0

14.6942348
14.6337081
0.0
0.1057825
0.3193831
7.3849637999999995
6.9293612
1.0

14.4946199
14.3827137
0.0
0.1626706
0.08329210000000001
7.0857753
7.2136463
1.0

14.4187826
14.414854199999999
0.0
0.0531833
0.0687092
6.9155972000000006
7.430547799999999
1.0

14.7187041
14.6865782
0.0
0.07089669999999999
0.0562594
6.8701495999999995
7.7601692
1.0

14.4072308
14.3953349
0.0
0.051457
0.056271699999999994
7.0294582000000005
7.309605
1.0
