
18.0001857
16.3711301
0.0
1.9358196
0.3452381
7.5999041
8.4259879
1.0

14.7358103
14.6991885
0.0
0.10895139999999999
0.16846270000000002
7.019196
7.5115298
1.0

15.812155
15.7137448
0.0
0.17251039999999998
0.1914556
7.4423304
8.0799588
1.0

16.1311435
16.1671165
0.0
0.0854405
0.1533028
9.081551
6.9322627
1.0

14.591519199999999
14.371709800000001
0.0
0.2851943
0.1145992
6.784420099999999
7.4726905
1.0

14.6571423
14.6470056
0.0
0.07498239999999999
0.38466609999999996
7.4708292
6.7915103
1.0

14.7371759
14.7177989
0.0
0.0835713
0.1067649
7.151911
7.459123
1.0

14.51885
14.3985698
0.0
0.17409329999999998
0.07709719999999999
7.365968
6.955504599999999
1.0

14.481306400000001
14.4535385
0.0
0.0912367
0.1000532
6.999066099999999
7.354419200000001
1.0

14.2311062
14.210795300000001
0.0
0.0721966
0.0748947
6.8075999000000005
7.3283007
1.0
