
18.196744600000002
18.2143485
0.0
0.257305
0.3094188
7.6722875
10.232642199999999
1.0

14.5923126
14.5572725
0.0
0.0921748
0.0814814
6.978725
7.4970661
1.0

16.151831
15.9853605
0.0
0.23780110000000002
0.1022669
8.2758009
7.6072927
1.0

16.8295773
16.8206722
0.0
0.1285581
0.1544084
8.3812624
8.2850014
1.0

14.7963866
14.7454096
0.0
0.1296883
0.2350916
6.7437753
7.7665427000000005
1.0

16.4458935
16.3149279
0.0
0.19325479999999998
0.138043
7.061597
9.1152879
1.0

14.656680699999999
14.5109351
0.0
0.2114906
0.110343
7.0908549
7.3097372
1.0

14.3466182
14.2299414
0.0
0.1709134
0.0745755
7.025605400000001
7.1297605
1.0

14.9977003
14.9425776
0.0
0.1100279
0.089798
6.786873099999999
8.0659065
1.0

14.3188706
14.2842297
0.0
0.07524510000000001
0.0803942
6.838503599999999
7.3653319
1.0
