
18.456431300000002
17.5314242
0.0
1.2195598
0.3386841
9.5156187
7.677121400000001
1.0

17.135808899999997
16.923514
0.0
0.30699129999999997
0.2495628
7.0029734
9.670977800000001
1.0

15.2667816
15.0815104
0.0
0.2592045
0.1103343
7.8332949
7.1378812
1.0

15.3022984
15.324518
0.0
0.123471
0.1990691
8.133285
6.9921639
1.0

15.89458
15.812190300000001
0.0
0.1706202
0.18851410000000002
7.8089613
7.8147149
1.0

15.0886133
15.025765300000002
0.0
0.1221175
0.0808584
7.2263222
7.7185847
1.0

15.085932199999998
15.0389407
0.0
0.1165532
0.1082795
7.2616540999999994
7.6690071
1.0

14.6593119
14.6223906
0.0
0.1068007
0.1267675
6.8910312000000005
7.6045919
1.0

14.6003601
14.5795561
0.0
0.0757403
0.07812380000000001
6.6920012
7.809431099999999
1.0

14.449689699999999
14.4304226
0.0
0.069136
0.0705425
6.8632253
7.4966548
1.0
