
17.077379399999998
17.002185899999997
0.0
0.34846659999999996
0.3119605
8.3021473
8.3880781
1.0

15.9739523
15.933173199999999
0.0
0.1112163
0.1107321
7.2452787
8.5771624
1.0

16.333375
16.3024325
0.0
0.10971439999999999
0.40154670000000003
7.2988941
8.6019917
1.0

17.7492543
17.8012905
0.0
0.10214419999999999
0.19049229999999998
9.280797
8.3300012
1.0

17.798385399999997
17.7637742
0.0
0.1243501
0.3260666
9.572389099999999
7.8653185
1.0

16.2144895
16.088639099999998
0.0
0.2063817
0.38591
8.692319300000001
7.0104098
1.0

15.1790365
15.0954799
0.0
0.1641308
0.10504630000000001
7.2221387
7.768294900000001
1.0

14.6389148
14.5957321
0.0
0.1032571
0.1046394
7.0694482
7.4216445
1.0

14.4688884
14.4423017
0.0
0.0903045
0.1005788
6.7193363
7.6223866
1.0

14.5795181
14.5506982
0.0
0.0831247
0.079099
7.2895242
7.182075
1.0
