
17.0720701
17.1658659
0.0
0.1819742
0.3135587
8.2000771
8.652230099999999
1.0

15.987255699999999
15.9853966
0.0
0.0893525
0.1294761
7.1046737
8.7512468
1.0

15.5134271
15.417138099999999
0.0
0.16423870000000002
0.09890339999999999
7.597957
7.7202777000000005
1.0

15.0321605
15.033135
0.0
0.11895410000000001
0.1482663
8.0024812
6.8823875
1.0

15.1048443
15.0813571
0.0
0.0782727
0.1104243
6.9988082
7.9721246
1.0

14.7172091
14.6548302
0.0
0.1088373
0.3610505
6.5922187
7.701561
1.0

14.185820699999999
14.1749013
0.0
0.0618459
0.07684339999999999
6.6723988
7.4256591
1.0

14.6977046
14.6698452
0.0
0.07009639999999999
0.0730581
6.9588895
7.6378976
1.0

14.6349731
14.609449699999999
0.0
0.0656892
0.0763746
7.3804022
7.152672900000001
1.0

14.464317699999999
14.2371085
0.0
0.2668427
0.0565806
6.8678728
7.3126551
1.0
