
17.629792
17.5930825
0.0
0.329212
0.331249
8.9250205
8.336813
1.0

15.7263034
15.6829096
0.0
0.1438804
0.1596594
8.4109108
7.112339400000001
1.0

16.1025034
15.8308406
0.0
0.3403998
1.464013
7.0014637
7.3653639
1.0

14.5112225
14.512328199999999
0.0
0.08625519999999999
0.11508589999999999
7.3322267000000005
7.0650156
1.0

14.7044794
14.6783945
0.0
0.08493730000000001
0.0883969
7.1491985
7.4407990999999996
1.0

15.580680599999999
15.5634251
0.0
0.071202
0.0762124
7.247839099999999
8.2393736
1.0

14.2908914
14.2704055
0.0
0.07523830000000001
0.0775368
6.8801863
7.312682400000001
1.0

14.3953903
14.379742
0.0
0.062482800000000005
0.06894489999999999
6.8536045
7.4571926
1.0

14.4492846
14.4285622
0.0
0.0646074
0.0665627
7.1156044000000005
7.2463951
1.0

14.4623987
14.4472271
0.0
0.0588414
0.0709327
6.9303668
7.445927599999999
1.0
