
17.3175302
17.338453
0.0
0.2498743
0.3070735
7.6768839
9.3544956
1.0

14.820907
14.7693431
0.0
0.1102457
0.08264339999999999
7.0992723
7.5874274
1.0

16.047276699999998
15.988397
0.0
0.1358896
0.1156677
8.1969803
7.675749
1.0

15.0371643
15.042221300000001
0.0
0.1115983
0.1482535
7.1865402000000005
7.7074276
1.0

14.8132071
14.728064300000002
0.0
0.1421775
0.0988748
7.3128917
7.3162978
1.0

14.4891719
14.426390900000001
0.0
0.11807
0.3506552
7.001383400000001
7.0743523
1.0

14.498958
14.419931
0.0
0.15287920000000002
0.11061510000000001
7.0034472999999995
7.305868599999999
1.0

14.849006800000002
14.8462541
0.0
0.059986300000000006
0.0774161
7.150440400000001
7.6183976
1.0

14.6580391
14.6482693
0.0
0.07320360000000001
0.1012139
7.1327807000000005
7.4142747
1.0

14.4289108
14.3725972
0.0
0.1349176
0.0970503
6.7783161
7.4972308
1.0
