
16.9389887
17.027333199999998
0.0
0.2066498
0.3328314
7.9986453
8.6958565
1.0

16.795677
16.8839611
0.0
0.13597579999999998
0.26567240000000003
7.0314358
9.5868529
1.0

15.9758343
15.8953281
0.0
0.1536342
0.1614317
8.8764543
6.857442099999999
1.0

14.8321818
14.8000885
0.0
0.13554429999999998
0.1333859
7.2650931
7.4016095
1.0

14.9074294
14.8711555
0.0
0.10383919999999999
0.1670927
6.982883599999999
7.7211792
1.0

14.7403028
14.7194076
0.0
0.076026
0.07588560000000001
6.8624456
7.781076400000001
1.0

15.008360199999998
15.0007197
0.0
0.0722446
0.0881821
7.046754099999999
7.8657835
1.0

14.5748082
14.5688343
0.0
0.06657210000000001
0.0939198
7.0511615999999995
7.4237529
1.0

14.9000492
14.8567868
0.0
0.0895093
0.0659255
6.725426400000001
8.0654349
1.0

14.4476482
14.4276392
0.0
0.065455
0.0650333
7.335805
7.0268009000000005
1.0
