
17.6757475
17.5000751
0.0
0.46968590000000005
0.3278967
8.1460443
9.0261341
1.0

15.7144202
15.6895736
0.0
0.28785920000000004
0.2915871
8.2624007
7.135585799999999
1.0

15.1843105
15.1543212
0.0
0.0921424
0.1004262
7.1997088
7.8541862
1.0

14.424643699999999
14.4146858
0.0
0.07881780000000001
0.1060559
7.2676982
7.0409317
1.0

14.58931
14.549790199999999
0.0
0.09869489999999999
0.1038748
7.3725477
7.0733677
1.0

15.3294226
15.1327403
0.0
0.2443968
0.06635669999999999
7.492686900000001
7.5736967
1.0

14.697484900000001
14.2196415
0.0
0.5330725
0.0864668
6.8274045
7.3057702
1.0

15.109473
14.386988
0.0
0.7742557
0.0692429
6.964181099999999
7.353564
1.0

14.4647473
14.4394454
0.0
0.0699366
0.0635494
6.877172
7.498724
1.0

14.4679958
14.417908599999999
0.0
0.0912369
0.0588027
6.8547824
7.5043235
1.0
