
19.891041
19.938620699999998
0.0
0.223345
0.306397
10.9989282
8.6332955
1.0

17.5663015
17.4202357
0.0
0.2251611
0.1135317
10.354636699999999
6.9520672999999995
1.0

15.5941947
15.572186199999999
0.0
0.0996653
0.11440660000000001
7.0335669
8.4242127
1.0

15.061147199999999
15.0304608
0.0
0.1344497
0.1290398
7.3740321
7.5273889
1.0

15.3110323
15.1780417
0.0
0.2025451
0.1684058
7.367437799999999
7.6421981
1.0

14.487222800000001
14.3955739
0.0
0.14392639999999998
0.3686064
6.6910167000000005
7.3359508
1.0

14.8010623
14.720478
0.0
0.1386529
0.0799793
7.0251446
7.615354099999999
1.0

14.4749857
14.4643392
0.0
0.0641008
0.0760336
7.3050513
7.0832543
1.0

14.2466499
14.2053792
0.0
0.0867805
0.0642825
7.0376052
7.1034915
1.0

14.5488569
14.5350486
0.0
0.058600400000000004
0.07340210000000001
6.8355485
7.626098
1.0
