
17.313209699999998
17.3132682
0.0
0.2919679
0.3276015
9.0355139
7.9501528
1.0

15.790984199999999
15.674080400000001
0.0
0.1801094
0.1074216
8.406893
7.1597658
1.0

16.7478433
16.606778
0.0
0.21512689999999998
0.30974270000000004
8.1652791
8.1317562
1.0

15.592129
15.2217543
0.0
0.49803220000000004
0.1594073
7.72407
7.338277
1.0

15.382404300000001
15.318885400000001
0.0
0.13164689999999998
0.1141726
8.0776682
7.1270446
1.0

15.1252912
14.8989205
0.0
0.2832573
0.0815865
7.2493978
7.5679362
1.0

14.916568400000001
14.8976818
0.0
0.07272669999999999
0.08290489999999999
6.985725599999999
7.8290513
1.0

14.849957
14.828252599999999
0.0
0.0689323
0.08096969999999999
6.8131092
7.9341737000000006
1.0

14.4322608
14.4017631
0.0
0.0718079
0.059679199999999995
6.717656799999999
7.624427099999999
1.0

14.402538
14.386395
0.0
0.0590081
0.061345199999999996
7.2325937
7.0924561
1.0
