
16.9033516
16.837949100000003
0.0
0.3446737
0.3177952
7.414598799999999
9.1055551
1.0

14.7399057
14.7221842
0.0
0.2525288
0.2786398
7.0045424
7.439002
1.0

16.676371800000002
16.6285001
0.0
0.1327379
0.1222498
7.9429007
8.5633496
1.0

16.8500505
16.8670165
0.0
0.15426179999999998
0.30586220000000003
8.0782512
8.4829031
1.0

15.439227599999999
15.267848
0.0
0.245158
0.121725
7.4445882999999995
7.7015347
1.0

14.335952
14.3142043
0.0
0.0807935
0.2680748
6.566379700000001
7.4797498
1.0

14.3236262
14.200899300000001
0.0
0.1816518
0.10194360000000001
7.1015691
6.9973866
1.0

15.012832099999999
14.8999519
0.0
0.1638473
0.0719951
6.7851586
8.0427982
1.0

14.9174813
14.454706199999999
0.0
0.5124069
0.07119210000000001
6.9407825999999995
7.4427315
1.0

14.6989021
14.6805159
0.0
0.0655457
0.0669686
6.899906
7.7136413
1.0
