
17.0021588
16.963912699999998
0.0
0.350892
0.3513801
7.8814964000000005
8.7310362
1.0

14.9384905
14.7874738
0.0
0.2225384
0.1156563
7.1869094
7.484908099999999
1.0

17.553173899999997
17.5253263
0.0
0.107715
0.1194236
8.586765
8.819137699999999
1.0

15.7032125
15.7218779
0.0
0.0987757
0.1463971
7.449735700000001
8.1257451
1.0

15.4475191
15.357000900000001
0.0
0.1571309
0.1417082
7.0331745
8.1821182
1.0

14.7005181
14.6498781
0.0
0.1129317
0.3308239
6.7417
7.5773542
1.0

14.660662199999999
14.4877058
0.0
0.2449075
0.1065493
7.401853099999999
6.9793034
1.0

14.380335800000001
14.345971
0.0
0.0905454
0.08015739999999999
6.997845900000001
7.2679677
1.0

14.6471275
14.5468569
0.0
0.1485889
0.0690955
7.2815368
7.1962246
1.0

14.4000475
14.314625
0.0
0.1324368
0.0664387
6.787354400000001
7.4608319000000005
1.0
