
16.779874399999997
17.0282584
0.0
0.3791742
0.6652899
7.8864428
8.4765257
1.0

16.7548539
16.7307461
0.0
0.103927
0.1316589
7.7306832000000005
8.868404
1.0

18.2630832
18.236996899999998
0.0
0.1066948
0.1141655
8.8595107
9.2633207
1.0

16.6849272
16.7223733
0.0
0.1072192
0.1790736
9.412270699999999
7.131029
1.0

15.1293054
14.940594
0.0
0.2654493
0.1655264
7.3812289
7.3938387
1.0

15.0455081
14.9775703
0.0
0.14060989999999998
0.3743185
7.3528427
7.2504091
1.0

14.508954800000001
14.4178827
0.0
0.16052429999999998
0.1005811
7.0019429
7.3153587
1.0

14.3907746
14.3861013
0.0
0.079943
0.10093160000000001
6.8704307
7.414739
1.0

14.5483823
14.5024683
0.0
0.1139217
0.1061372
7.3412112
7.0551199
1.0

14.6410346
14.569745
0.0
0.12686619999999998
0.0809981
7.0686917000000005
7.4200552
1.0
