
18.5847541
18.676919
0.0
0.19990829999999998
0.3404311
8.347183
9.9893049
1.0

15.3542023
15.282283900000001
0.0
0.1489131
0.1037286
7.6398706
7.5386847
1.0

15.5887586
15.3374337
0.0
0.32772009999999996
0.1086
7.6701609
7.5586728
1.0

14.546736699999999
14.5445462
0.0
0.0849307
0.1418679
6.9248527
7.477825599999999
1.0

16.399433900000002
16.3036097
0.0
0.15618110000000002
0.1572685
6.851745599999999
9.2945956
1.0

14.3541764
14.328517300000001
0.0
0.0819347
0.3796557
6.6558057999999996
7.293055799999999
1.0

14.2627326
14.2412293
0.0
0.0818925
0.09991760000000001
7.1248195999999995
7.0164921
1.0

14.471775599999999
14.4570221
0.0
0.0657447
0.0710644
6.9622115
7.4237462
1.0

14.3320828
14.2984352
0.0
0.0839278
0.0726819
7.0495412
7.1762121
1.0

14.4486081
14.3972534
0.0
0.1009934
0.07065039999999999
7.0161342
7.3104688
1.0
