
19.120103
18.9199229
0.0
0.4952458
0.3368129
9.6726526
8.9104574
1.0

16.4114335
16.2826246
0.0
0.2057484
0.1285023
8.883275900000001
7.2708464
1.0

15.4685812
15.368790599999999
0.0
0.1699108
0.098699
8.5005748
6.7695168
1.0

15.0176014
14.9207892
0.0
0.21393079999999998
0.1490711
7.311670400000001
7.4600477000000005
1.0

15.524970699999999
15.4627482
0.0
0.1347223
0.1895719
7.2473179000000005
8.0258584
1.0

14.4611423
14.4361652
0.0
0.087241
0.3862399
6.6377905
7.4121348
1.0

15.138998
15.1180341
0.0
0.08490919999999999
0.1255209
7.062544099999999
7.929969099999999
1.0

14.4908695
14.479092099999999
0.0
0.06309390000000001
0.075726
6.8635386
7.5398275
1.0

14.7700908
14.737236699999999
0.0
0.0813156
0.0683807
6.826209
7.842647
1.0

14.3757167
14.2836985
0.0
0.138453
0.0657023
6.811340400000001
7.4066558
1.0
