
18.5719393
18.3684611
0.0
0.5091333
0.354935
10.134915099999999
7.878611
1.0

16.413283
16.123758300000002
0.0
0.3766815
0.1214015
7.781395799999999
8.220961
1.0

16.0560444
15.9889985
0.0
0.15663729999999998
0.130809
7.8146754000000005
8.0435141
1.0

17.5638725
17.499209699999998
0.0
0.2322622
0.196584
8.0548787
9.247747
1.0

15.375757199999999
14.9508935
0.0
0.4928936
0.18670789999999998
8.0036668
6.7605188
1.0

14.5460535
14.3801921
0.0
0.22645410000000002
0.3781993
6.5816861
7.4203067
1.0

14.937872
14.902336400000001
0.0
0.1058012
0.09986189999999999
7.2321155
7.570359
1.0

15.1118846
15.0764896
0.0
0.1148599
0.10588239999999999
6.8778284
8.0927788
1.0

14.2030203
14.1555477
0.0
0.1111532
0.1003568
6.8064429
7.248748
1.0

14.406695699999998
14.3871534
0.0
0.0757689
0.0802046
7.0684765
7.2384723
1.0
