
17.5069683
17.5063232
0.0
0.3140013
0.3558053
8.739680400000001
8.4108375
1.0

16.4980692
16.462318
0.0
0.119347
0.1357662
9.2280616
7.0984902000000005
1.0

15.6339706
15.432334599999999
0.0
0.2688618
0.10079289999999999
7.609014
7.7225277000000006
1.0

15.3686326
15.305432099999999
0.0
0.140782
0.1064247
7.2690046
7.9300028
1.0

14.752959
14.6492892
0.0
0.1764927
0.1452025
6.9575272
7.5465595
1.0

14.859328199999998
14.818207
0.0
0.1075425
0.091188
6.9704738
7.756545200000001
1.0

15.459322199999999
15.2900238
0.0
0.27232470000000003
0.1405484
7.0068176
8.1426578
1.0

14.469206199999999
14.451664
0.0
0.0766574
0.084176
7.1156193
7.2518687
1.0

15.1229552
15.0315219
0.0
0.1635452
0.1136911
6.9638105999999995
7.9540202
1.0

15.0934922
15.037984699999999
0.0
0.10689219999999999
0.0732075
7.0102123
7.9545649
1.0
