
17.72872
17.6915524
0.0
0.3134266
0.3108166
9.8132784
7.5674574
1.0

17.027613600000002
16.9736298
0.0
0.1262425
0.1159707
8.1010143
8.7566448
1.0

17.1715752
17.1379345
0.0
0.1164422
0.1206753
7.7897682
9.227491
1.0

15.785207300000001
15.7860463
0.0
0.1143098
0.14707579999999998
8.1143342
7.5246363
1.0

14.886122
14.8552649
0.0
0.0967905
0.0959938
7.1979774
7.5612937
1.0

15.7213192
15.5261681
0.0
0.2599064
0.38591109999999995
7.3803989
7.7598581
1.0

14.558516
14.5205115
0.0
0.1027038
0.0973416
7.1331470999999995
7.2900228
1.0

14.354956099999999
14.355884199999998
0.0
0.0624252
0.0849845
6.8686217
7.402278
1.0

14.476201699999999
14.4392671
0.0
0.08294130000000001
0.06516469999999999
7.2679738
7.1061286
1.0

14.3024147
14.289033300000002
0.0
0.055391300000000004
0.059755800000000005
6.8782867
7.3509908
1.0
