
17.977526
18.0931957
0.0
0.2108864
0.3844364
8.249907799999999
9.4588515
1.0

17.409894100000002
17.3733777
0.0
0.1438056
0.1654976
10.2081231
6.999757
1.0

16.9975087
16.7010563
0.0
0.4189042
0.9584943
7.7433854
7.999176599999999
1.0

16.4324471
16.3392899
0.0
0.1852292
0.12166560000000001
7.6662745999999995
8.5513497
1.0

15.3810999
15.2070021
0.0
0.2467061
0.10431839999999999
8.1868284
6.9158553
1.0

14.7246708
14.5474217
0.0
0.244587
0.1277347
7.1223277000000005
7.2973593
1.0

14.7754661
14.758533400000001
0.0
0.0850468
0.1246367
7.244697700000001
7.389199
1.0

14.763485800000002
14.695362800000002
0.0
0.1284344
0.0928143
7.4809364
7.121612099999999
1.0

15.3016645
14.7755173
0.0
0.5939071
0.1177315
7.1573055
7.5004802999999995
1.0

14.7655895
14.724388300000001
0.0
0.1037679
0.0866907
7.6125358
7.0251618
1.0
