
17.3267908
17.4391884
0.0
0.1920852
0.3442292
7.3281173
9.766841900000001
1.0

15.5243678
14.698780300000001
0.0
0.8950313000000001
0.0989778
7.1311609
7.4686416
1.0

15.2850039
15.2248074
0.0
0.1350296
0.1123918
7.4929266
7.619489
1.0

15.5426684
15.5985277
0.0
0.08581860000000001
0.22262089999999998
7.239191
8.1367158
1.0

15.277559400000001
15.209099199999999
0.0
0.1298225
0.1042855
7.7156824
7.3891313
1.0

14.926297
14.901353
0.0
0.0780588
0.37314440000000004
6.5329618
7.995246799999999
1.0

14.5695969
14.549190699999999
0.0
0.0759217
0.09358989999999999
6.9587379
7.4968629
1.0

14.7860379
14.7733144
0.0
0.0653888
0.07510589999999999
7.5644067
7.1338018
1.0

14.7838931
14.7439665
0.0
0.0822575
0.0610929
6.6925102
7.990363400000001
1.0

14.634784300000002
14.621438
0.0
0.0545101
0.0590534
7.5476364
7.0147482000000005
1.0
