
17.1203745
18.3692448
0.0
0.4772539
1.7981095
7.890589
8.680546300000001
1.0

18.1539463
17.8615363
0.0
0.3937025
0.1630551
8.981819699999999
8.7166615
1.0

17.7735503
17.7254823
0.0
0.1415152
0.1404282
9.0832096
8.5018445
1.0

15.8865351
15.8785606
0.0
0.1239876
0.1464488
7.494697700000001
8.237414099999999
1.0

16.1041905
15.9633248
0.0
0.2299612
0.2419788
7.1517947
8.5695513
1.0

14.3649916
14.279748099999999
0.0
0.150014
0.40118309999999996
6.8137517999999995
7.064813200000001
1.0

15.2756144
15.243803300000001
0.0
0.1157551
0.1131916
7.1531557999999995
7.977455900000001
1.0

14.7133665
14.708200300000001
0.0
0.0918393
0.1320024
7.223597099999999
7.352600799999999
1.0

15.524261599999999
14.7070166
0.0
0.8789935999999999
0.0867046
7.1686603
7.4516517
1.0

14.5368145
14.5126525
0.0
0.0810458
0.0791762
7.1247415
7.3087348
1.0
