
18.2302559
18.1889846
0.0
0.3305397
0.325941
8.697488300000002
9.165555300000001
1.0

15.783477699999999
15.5739675
0.0
0.29272240000000005
0.1293378
7.893731799999999
7.550897900000001
1.0

16.1193913
16.0553064
0.0
0.1417721
0.1320974
8.7499403
7.1732687
1.0

16.0232614
16.011653199999998
0.0
0.0970733
0.1146855
7.7590585999999995
8.1379091
1.0

15.4360781
15.3799174
0.0
0.1150775
0.1660191
6.4495932
8.7643051
1.0

14.3771518
14.4155587
0.0
0.0761583
0.37204709999999996
6.5248225
7.5186891
1.0

14.4381299
14.422340199999999
0.0
0.06895989999999999
0.07335910000000001
6.98936
7.3596211
1.0

14.492369400000001
14.4926096
0.0
0.0622755
0.09826639999999999
6.914877
7.4794662
1.0

14.7483538
14.6520338
0.0
0.15564029999999998
0.1056725
6.9447898
7.6015715
1.0

14.894292
14.8080319
0.0
0.1341757
0.0695565
7.8373594
6.901116
1.0
