
17.942153100000002
17.8369213
0.0
0.39158190000000004
0.32296040000000004
8.4003975
9.1135634
1.0

16.1744873
16.1050766
0.0
0.1689214
0.1644524
8.2616131
7.679011099999999
1.0

16.3039446
16.2908833
0.0
0.1278775
0.1546323
8.7196816
7.4165694
1.0

15.1919679
15.1600584
0.0
0.1202932
0.1159617
7.2684871
7.775609599999999
1.0

16.1507211
16.0798614
0.0
0.1341955
0.1280945
8.5484092
7.4033577
1.0

14.4041251
14.3725481
0.0
0.08999610000000001
0.085287
6.766659
7.5206021
1.0

14.4898188
14.472161
0.0
0.086188
0.08920660000000001
6.9160483
7.466906099999999
1.0

14.424624699999999
14.4084298
0.0
0.0665487
0.072249
6.9636874
7.372493400000001
1.0

14.5349372
14.4774897
0.0
0.1170568
0.1078137
6.7603292999999995
7.609346700000001
1.0

15.440886599999999
15.420022
0.0
0.0702818
0.07039480000000001
6.9969763
8.3526509
1.0
