
17.563086300000002
17.4045304
0.0
0.4816614
0.3581729
8.402317
8.6440405
1.0

15.472685199999999
15.3141265
0.0
0.23529570000000002
0.1513853
7.410736900000001
7.752004299999999
1.0

17.3559023
17.368038600000002
0.0
0.09976589999999999
0.15349829999999998
8.3794918
8.8350485
1.0

16.0595526
16.0294428
0.0
0.09250810000000001
0.08738539999999999
7.5950055999999995
8.3470518
1.0

14.7068054
14.5387382
0.0
0.2272438
0.12746380000000002
7.1199427
7.2913317
1.0

14.6342117
14.5449057
0.0
0.1438811
0.07503889999999999
7.4807022000000005
6.9891646
1.0

14.5045423
14.4126586
0.0
0.1479047
0.0867112
6.837851400000001
7.488096
1.0

14.7155085
14.667192400000001
0.0
0.1026151
0.0768298
6.8744527
7.715909900000001
1.0

14.290001
14.193171099999999
0.0
0.1512622
0.1061868
6.6693112
7.4176731
1.0

14.6350165
14.6113084
0.0
0.06655910000000001
0.0608934
7.0530279
7.497387099999999
1.0
