
18.2380476
18.1478689
0.0
0.3763072
0.3229621
8.4990226
9.325884199999999
1.0

16.2403522
15.9939891
0.0
0.3317972
0.13261720000000002
8.434664099999999
7.4267078
1.0

16.9981361
16.9474704
0.0
0.1509137
0.1382665
9.5163856
7.2928182999999995
1.0

15.6371464
15.5329147
0.0
0.1746498
0.0983797
6.9390836
8.4954514
1.0

15.681008
15.5596476
0.0
0.1854839
0.0952387
7.166821400000001
8.2975875
1.0

14.260271099999999
14.2404253
0.0
0.07668180000000001
0.3209685
6.8893466
7.0301102
1.0

14.334395
14.3145887
0.0
0.0739097
0.09489489999999999
6.8222013
7.3974925
1.0

14.358919
14.3487519
0.0
0.06571930000000001
0.07414219999999999
6.9341977
7.340412
1.0

14.740648199999999
14.7251165
0.0
0.0650042
0.0814825
6.7529764000000005
7.8906576
1.0

14.9859397
14.8654509
0.0
0.16673179999999999
0.0651695
7.1122434000000005
7.688038
1.0
