
19.1559475
18.8987165
0.0
0.5645657
0.3463625
8.189931
10.362423
1.0

15.910580099999999
15.8651276
0.0
0.147576
0.1982195
8.1622649
7.5046432
1.0

17.8965253
17.918760600000002
0.0
0.102775
0.1653076
10.452615300000001
7.3008377
1.0

16.4475931
16.377684300000002
0.0
0.1720409
0.13270279999999998
7.9606321
8.2843494
1.0

15.2343255
15.193935
0.0
0.1169322
0.14661670000000002
6.9526613
8.094657
1.0

14.3448742
14.2709276
0.0
0.1427888
0.0949115
6.8071944
7.3688217
1.0

14.559935900000001
14.544622
0.0
0.0823186
0.10221039999999999
7.190652
7.2517596
1.0

15.017033199999998
15.0120372
0.0
0.0749217
0.0942033
7.0519029
7.865931
1.0

14.8751126
14.835416
0.0
0.1028946
0.10265819999999999
6.8257818
7.906976
1.0

14.5284913
14.4253466
0.0
0.1547444
0.0787815
6.7946526
7.5519125
1.0
