
19.5343165
19.434735399999997
0.0
0.44243140000000003
0.3776452
10.1059464
8.9511438
1.0

15.7442344
15.629966300000001
0.0
0.2012523
0.5080331
8.1871748
6.934758400000001
1.0

16.3064317
16.2277382
0.0
0.1859761
0.484508
8.3772964
7.3659338
1.0

15.5999443
15.446695400000001
0.0
0.2428277
0.1246829
8.443144
6.8788685
1.0

15.037868
14.9224636
0.0
0.17938410000000002
0.1079849
7.2125835
7.6018952
1.0

14.807434
14.778118800000001
0.0
0.08819210000000001
0.38651179999999996
7.490710900000001
6.9008961
1.0

14.2032651
14.048886900000001
0.0
0.2175626
0.108038
6.6711273
7.2697216
1.0

14.5312436
14.5186095
0.0
0.06725819999999999
0.0748786
6.8680026
7.5757283
1.0

14.2724325
14.230151699999999
0.0
0.0877192
0.0759854
6.826186799999999
7.3279795
1.0

14.2990371
14.2854068
0.0
0.0564863
0.0616095
6.8524154
7.3713819
1.0
