
20.3454373
20.1272655
0.0
0.5049492999999999
0.32330990000000004
9.250101
10.5538546
1.0

16.338231099999998
16.1283067
0.0
0.4475987
0.268355
7.6135353
8.246416400000001
1.0

15.781683300000001
15.7529465
0.0
0.1091823
0.2172761
7.0492935999999995
8.4863768
1.0

14.434866300000001
14.3783441
0.0
0.1337435
0.1078005
6.7739795
7.4965641
1.0

15.349412599999999
15.2487052
0.0
0.1697985
0.17230879999999998
7.1991765
7.8772199
1.0

14.5528436
14.5356539
0.0
0.0788204
0.0859325
6.9972851
7.4524363
1.0

14.689006699999998
14.588882400000001
0.0
0.1589507
0.0911487
6.979988400000001
7.5177453
1.0

14.512760199999999
14.497222599999999
0.0
0.0656727
0.0701365
7.0938025
7.3332836
1.0

14.675455099999999
14.580373400000001
0.0
0.14173539999999998
0.1096638
6.9896969
7.4810127
1.0

14.239695800000002
14.2076546
0.0
0.0768035
0.0639787
6.6735875
7.470088400000001
1.0
