
19.2446808
19.227845100000003
0.0
0.3204422
0.34162440000000005
9.6366454
9.2495753
1.0

16.4033732
16.1423366
0.0
0.4285941
0.21275560000000002
9.22596
6.703621
1.0

16.8893597
16.8464037
0.0
0.1552905
0.1481636
9.4571215
7.241118599999999
1.0

17.3313378
17.1500236
0.0
0.3133775
0.1665289
8.475008599999999
8.508486099999999
1.0

15.0591813
14.8635419
0.0
0.26227079999999997
0.096709
7.918347799999999
6.8484850999999995
1.0

14.620328
14.462846800000001
0.0
0.21819770000000002
0.0853045
7.0105645
7.3669778
1.0

14.7010671
14.5566771
0.0
0.21444020000000003
0.0977225
7.1464432
7.3125114
1.0

15.030963
14.909690099999999
0.0
0.18695689999999998
0.0946562
7.6264254000000005
7.1886085
1.0

14.7967966
14.3397016
0.0
0.5158624
0.1273186
6.8710356
7.3413474
1.0

14.5565772
14.4561987
0.0
0.1528339
0.0743312
6.9689909000000005
7.4128766
1.0
