
17.549586100000003
17.1755266
0.0
0.6686404
0.3334276
8.3611307
8.4809683
1.0

62.929432399999996
57.974146299999994
0.0
5.1197777
0.2089321
6.7720331
50.9931811
1.0

6.9112589
6.9588686
0.0
0.2502767
0.3502747
2.4435696
4.1650243
1.0

14.9346393
14.9942518
0.0
0.10591210000000001
0.194502
7.251404099999999
7.5483457000000005
1.0

16.4348886
15.5023175
0.0
1.0082061
0.11522139999999999
7.9276491
7.459447
1.0

14.77224
14.631331099999999
0.0
0.2033105
0.3268259
6.772920900000001
7.5315843
1.0

15.1170624
15.0981435
0.0
0.0782423
0.1323487
6.8596015
8.1061933
1.0

14.3690796
14.282113599999999
0.0
0.1513527
0.0984097
6.903131
7.2805729
1.0

14.8245282
14.7856175
0.0
0.09429180000000001
0.0821718
6.8774158
7.8260299
1.0

14.5221854
14.476336
0.0
0.10137789999999999
0.0806109
6.9793732
7.4163519
1.0
