
18.6652648
18.4253815
0.0
0.541648
0.3414489
9.6790679
8.4048647
1.0

15.4874883
15.2383536
0.0
0.3373363
0.1471235
7.894285200000001
7.1969449
1.0

15.697104900000001
15.602868800000001
0.0
0.1674426
0.1064769
7.8210325
7.6753594000000005
1.0

15.057578099999999
14.9685071
0.0
0.1600172
0.0987772
7.3937524
7.4759775
1.0

16.1495395
16.066305
0.0
0.1446897
0.1871168
7.075128
8.804060199999999
1.0

14.4644985
14.452432400000001
0.0
0.0650389
0.07325419999999999
7.007268799999999
7.371909400000001
1.0

14.9057722
14.7674942
0.0
0.2030352
0.095484
6.7980615
7.873948700000001
1.0

14.4851756
14.4763951
0.0
0.0645326
0.0788851
6.946803200000001
7.4507068
1.0

14.425579
14.3815286
0.0
0.1056966
0.1358417
6.7176021
7.5280848
1.0

14.429749800000002
14.4184604
0.0
0.057625199999999994
0.06476130000000001
7.0101773
7.3435217999999995
1.0
