
18.338247
17.9922008
0.0
0.6232017
0.3084686
9.4458523
8.237879900000001
1.0

15.4966341
15.4059203
0.0
0.1529492
0.08863639999999999
7.890376900000001
7.426907
1.0

15.797958699999999
15.784262400000001
0.0
0.07168630000000001
0.0945987
7.1928919
8.496771800000001
1.0

15.442495599999999
15.1177519
0.0
0.3883007
0.0858373
7.7944214
7.2374932
1.0

15.124027300000002
14.9858445
0.0
0.1839149
0.06864819999999999
7.5499517
7.367244599999999
1.0

14.090544699999999
14.00789
0.0
0.1237393
0.05747
6.9130873
7.0373327
1.0

14.703296199999999
14.6930395
0.0
0.052698800000000004
0.0663085
6.7883298
7.8384012
1.0

14.397848300000001
14.3120064
0.0
0.1327386
0.06405040000000001
6.8622561
7.3856999000000005
1.0

14.9383164
14.5251725
0.0
0.4592423
0.0919853
7.1865961
7.2465911
1.0

14.2185697
14.1694246
0.0
0.0835823
0.0499224
7.0125296
7.1069726
1.0
