
18.0526125
18.211613800000002
0.0
0.24891639999999998
0.4460075
9.168002
8.5976043
1.0

15.531851199999998
15.3217915
0.0
0.29814090000000004
0.131719
8.2640911
6.9259814
1.0

15.419680199999998
15.2565009
0.0
0.254863
0.1254617
8.0417814
7.0892577999999995
1.0

15.8446796
15.8739793
0.0
0.0994018
0.1605415
7.2831000999999995
8.430337699999999
1.0

15.062731
15.0372895
0.0
0.091135
0.1263384
7.856748
7.0542031
1.0

15.59126
15.4955271
0.0
0.1540625
0.087053
7.8447723
7.5637018
1.0

14.705265599999999
14.6823998
0.0
0.0796405
0.0791495
7.2256805
7.3775698
1.0

14.4708629
14.4594396
0.0
0.06647689999999999
0.0782007
7.0157248
7.3655140999999995
1.0

14.238959900000001
14.2269591
0.0
0.06675510000000001
0.0996398
6.8598284000000005
7.2674909
1.0

14.2945919
14.279393
0.0
0.059006199999999995
0.0624732
6.9089167
7.3080031
1.0
