
17.7447546
17.6854038
0.0
0.36178659999999996
0.3455357
8.5027539
8.837114199999998
1.0

16.6798037
16.4479512
0.0
0.3095328
0.2851158
9.224886099999999
6.9379493
1.0

16.4410287
16.2945747
0.0
0.23000120000000002
0.1152339
7.5694335
8.609907300000001
1.0

15.061891300000001
15.0920042
0.0
0.1151355
0.17459370000000002
7.172735
7.7446755
1.0

15.6612328
15.5596153
0.0
0.176409
0.4704844
7.171658099999999
7.9174728
1.0

14.6007182
14.5726391
0.0
0.09268589999999999
0.3932464
6.762701900000001
7.4166908
1.0

14.7027767
14.6333644
0.0
0.13910679999999997
0.1006793
7.1233957000000006
7.4092894000000005
1.0

15.1721213
15.1531357
0.0
0.08240030000000001
0.0884417
6.9307318
8.133962200000001
1.0

14.4513441
14.4315496
0.0
0.0839635
0.1489871
6.8425183
7.4400442
1.0

14.536903
14.493882699999999
0.0
0.09792139999999999
0.0794735
6.968868400000001
7.4455408
1.0
