
19.537354699999998
19.0616505
0.0
0.7761956999999999
0.3407578
10.7512885
7.9696042
1.0

16.658631800000002
16.4192045
0.0
0.3275437
0.1332184
7.881966599999999
8.4040195
1.0

16.719399
16.681305599999998
0.0
0.1433365
0.1392428
7.716643599999999
8.825419199999999
1.0

15.941194099999999
15.718307900000001
0.0
0.2995386
0.1068965
8.4428105
7.1686009
1.0

14.711963800000001
14.695807199999999
0.0
0.0788349
0.09025319999999999
7.119092
7.486462
1.0

14.930147199999999
14.8642859
0.0
0.1196075
0.317274
7.5847914
6.9622205
1.0

14.4122111
14.4026322
0.0
0.0738318
0.09759419999999999
6.9646181
7.3404199000000006
1.0

14.504914
14.4334298
0.0
0.1333896
0.0860625
6.8247256
7.5226417
1.0

14.128839800000002
14.0417549
0.0
0.1357887
0.082097
6.4588167
7.5008412
1.0

14.3511127
14.238954099999999
0.0
0.157677
0.0858903
6.8901642999999995
7.2628995
1.0
