
20.9639338
20.5281164
0.0
0.7831814
0.4373939
11.8116719
8.2790506
1.0

17.8109235
17.805885800000002
0.0
0.1171568
0.17238620000000002
10.5616699
7.0718297
1.0

15.8514322
15.7936054
0.0
0.15245070000000002
0.27784840000000005
8.1583965
7.3573605
1.0

15.500636199999999
15.338760599999999
0.0
0.2417218
0.113233
7.607973599999999
7.617554
1.0

15.042513699999999
14.534956300000001
0.0
0.5824013
0.11153110000000001
7.1340027
7.2894225
1.0

14.6291487
14.515674599999999
0.0
0.1854887
0.4077022
6.9670974
7.140875
1.0

14.710671
14.7000826
0.0
0.1111453
0.1284899
7.2090805
7.3625122
1.0

15.229927400000001
15.2062122
0.0
0.09962889999999999
0.1197055
7.0786804000000005
8.0078263
1.0

15.1031287
14.9696422
0.0
0.21162679999999998
0.12961530000000002
7.1309429
7.709084
1.0

14.7046238
14.6374083
0.0
0.1293101
0.08787539999999999
7.1508627
7.3986702
1.0
