
18.3884197
17.9705926
0.0
0.6898788
0.3094102
8.3123994
9.348783
1.0

15.7236385
15.464901900000001
0.0
0.3232103
0.0928403
8.2715615
7.1005001
1.0

15.8684428
15.8460894
0.0
0.1020098
0.1171904
8.7080008
7.0208982
1.0

14.9101831
14.8567451
0.0
0.1258862
0.0962143
7.2843155
7.4762153
1.0

14.174460300000002
14.156277
0.0
0.07309210000000001
0.1241203
6.2930081
7.7391486
1.0

14.6545635
14.631288699999999
0.0
0.07382419999999999
0.068998
6.8197451
7.7425456
1.0

14.410070300000001
14.402176
0.0
0.0648953
0.0755019
6.8512285
7.4754456
1.0

14.625459699999999
14.554316400000001
0.0
0.1222552
0.1076536
7.0780726
7.3685902
1.0

14.3479116
14.2900917
0.0
0.0971133
0.0681861
6.7230970999999995
7.4988085
1.0

14.2294953
14.1665518
0.0
0.1013839
0.0551824
6.698184299999999
7.4131851
1.0
