
18.713194
18.6821682
0.0
0.3225383
0.3294742
8.465445599999999
9.8872484
1.0

16.152308
16.128725
0.0
0.1274815
0.1683521
8.3822919
7.578081
1.0

16.1355345
15.944159699999998
0.0
0.2850782
0.1425813
7.9148787
7.8866997
1.0

18.06287
18.094515
0.0
0.0972008
0.1578391
10.6232527
7.3134232
1.0

15.8689375
15.6610512
0.0
0.2893932
0.1790935
8.333397
7.1485607
1.0

14.8600987
14.928895599999999
0.0
0.0871456
0.1829451
6.6522404
8.0937101
1.0

14.6010257
14.3969256
0.0
0.2706237
0.1021645
7.0271113
7.2676498
1.0

14.4603629
14.441106699999999
0.0
0.0803143
0.0940432
6.840414
7.5066495
1.0

15.0237633
14.7751995
0.0
0.3152796
0.1158078
6.9650365
7.6943552
1.0

14.662973800000001
14.5494504
0.0
0.16487960000000002
0.0738287
7.0257149000000005
7.4499068
1.0
