
18.0025154
18.0059323
0.0
0.2887614
0.3312287
9.574883699999999
8.0998199
1.0

16.3359818
16.2020441
0.0
0.2350982
0.1350385
9.1720655
6.8949400999999995
1.0

15.4986464
15.439725900000001
0.0
0.1518761
0.2514646
7.6349232
7.5533380999999995
1.0

15.207767800000001
15.136774800000001
0.0
0.1422422
0.1050341
7.3304594000000005
7.7012813
1.0

14.763333900000001
14.612033199999999
0.0
0.2110569
0.1000808
7.0623084
7.449644
1.0

14.888238099999999
14.8462853
0.0
0.0948118
0.0735161
6.953608200000001
7.819161
1.0

14.4519105
14.435167199999999
0.0
0.0747712
0.0806712
6.9268917000000005
7.4276043
1.0

14.9002464
14.8613224
0.0
0.0947533
0.08149669999999999
7.722089700000001
7.057736
1.0

14.1865562
14.0775243
0.0
0.15440520000000002
0.07512769999999999
6.728177
7.2742195999999995
1.0

14.4582555
14.444323599999999
0.0
0.0580155
0.063385
6.980126599999999
7.400812
1.0
