
6.76799559
6.82018418
0.0
0.40790329
0.67703098
0.9357036
5.2074495999999995
3.5714285714285716

6.11969942
6.13971847
0.0
0.11239244999999999
0.26545104999999997
1.0903449299999999
4.78392249
4.636363636363637

5.5453043200000005
5.498497690000001
0.0
0.16973797
0.28674130999999997
0.68623592
4.52552046
5.0

6.40302667
6.44761242
0.0
0.16420714
0.31189317
0.32374147
5.81197778
4.95

6.15870039
6.2596421
0.0
0.28049452
0.65351055
0.14286445
5.4632670999999995
5.0

4.8203045499999995
4.653754
0.0
0.33829443
0.52938044
0.14948063
3.97489293
4.7272727272727275

6.319590519999999
6.0489128700000006
0.0
0.42358988000000003
0.30889176
1.59397243
4.14604868
4.666666666666667

4.41373205
4.44474388
0.0
0.09562549000000001
0.17614627
0.66086275
3.60773486
4.95

4.10417157
4.14092344
0.0
0.1379286
0.26897074
0.41223353999999995
3.45971916
4.761904761904762

4.6405018600000005
4.60316496
0.0
0.11342741
0.17423338
0.5372523199999999
3.8916792599999996
4.083333333333333
