
7.449803019999999
7.70237686
0.0
0.35185599
0.84637525
1.94660674
4.90939487
3.5714285714285716

5.87837477
5.93635075
0.0
0.18208584
0.57906652
0.21722382999999998
5.1400604
4.636363636363637

7.22526117
7.04488621
0.0
0.3338885
0.22212448
0.40793218
6.414829549999999
5.0

6.560006690000001
6.163202940000001
0.0
0.49367087
0.5735428499999999
0.16781639
5.4218437
4.95

4.5867887099999995
4.52628456
0.0
0.18358207999999998
0.40647528000000005
0.49624245
3.62356683
5.0

5.375089389999999
5.36058187
0.0
0.13093261
0.20680632999999998
0.63081054
4.522965
4.7272727272727275

6.349717780000001
6.11020017
0.0
0.35665053999999996
0.22712179000000002
1.06473145
4.81834693
4.9

4.537956230000001
4.656645190000001
0.0
0.21595114
0.41311205
0.12037929
4.1231538500000005
4.95

4.46328088
4.42881191
0.0
0.12335539999999999
0.37145843
0.69221707
3.3651364100000003
4.761904761904762

4.84046075
4.84388705
0.0
0.15864289
0.18879310000000002
0.47717167
4.17792228
4.083333333333333
