
7.07295054
7.20924482
0.0
0.13138270000000002
0.50728243
2.12341165
4.57855074
3.5714285714285716

6.456282610000001
6.432595940000001
0.0
0.16752994000000002
0.32471462
0.30895088
5.79893044
4.636363636363637

5.5902261
5.623775
0.0
0.17689621
0.31899767
0.46647551
4.83830182
5.0

6.52192054
6.4796368
0.0
0.15780942
0.25781918
1.00433647
5.21748115
4.95

4.90256544
4.85705566
0.0
0.3144695
0.46848768
0.2917962
4.09677178
5.0

4.72998533
4.72167
0.0
0.08979287
0.17877066
0.9101044399999999
3.6327949
4.7272727272727275

5.94349439
5.398923389999999
0.0
0.6449347900000001
0.16620079000000001
0.89358539
4.33913721
4.666666666666667

4.673422599999999
4.70182488
0.0
0.07630106
0.19131551000000002
0.9290617
3.5814476699999997
4.95

4.6256239699999995
4.632039519999999
0.0
0.08999433999999999
0.120655
0.5671474799999999
3.94423704
4.761904761904762

4.872183349999999
4.978449400000001
0.0
0.16198310999999999
0.30796128
0.1515004
4.51898772
4.083333333333333
