
6.8762462
7.12864695
0.0
0.14140984
0.51219075
1.71204399
4.90441221
3.5714285714285716

6.0516052
5.91918891
0.0
0.21412057999999998
0.19177032
0.84994417
4.8774744199999995
4.636363636363637

5.99166942
6.01978962
0.0
0.12465961
0.20263182000000002
0.72406992
5.09308788
5.0

6.5318143200000005
6.55859958
0.0
0.15444516
0.27408399
0.75350975
5.53100584
4.95

5.09229691
5.21301789
0.0
0.26818982
0.42898705
0.11554784
4.668483
5.0

6.44513445
6.584906849999999
0.0
0.34620435
0.51773618
0.11450425
5.95266642
4.7272727272727275

5.29608687
5.382421030000001
0.0
0.1679838
0.31685427
0.19052588
4.87504088
4.666666666666667

4.76596468
4.78322939
0.0
0.14422654000000001
0.18327013
0.62142873
3.97853053
4.95

4.06095754
4.1064502
0.0
0.08904935
0.22613343
0.5079882
3.3723285699999996
4.761904761904762

4.53552881
4.54073491
0.0
0.08900307
0.16258699
0.43282632
3.9453216
4.083333333333333
