
6.8305362800000005
6.94456053
0.0
0.1773816
0.52532677
2.54566246
3.8735712999999996
3.5714285714285716

6.0565214
6.04225591
0.0
0.12265584
0.21928061
1.10481133
4.71816397
4.636363636363637

5.39362386
5.36796881
0.0
0.10172776
0.14589919
1.55804103
3.66402859
5.0

6.0524008600000005
6.0282945
0.0
0.09717994
0.12612964
1.1733261799999999
4.72883868
4.95

4.87635782
4.8769582300000005
0.0
0.08096717
0.22218998
0.75976261
3.89500564
5.0

4.98498396
4.95037684
0.0
0.11341180000000001
0.32101295
0.54487962
4.08448427
4.7272727272727275

5.93340578
5.72636991
0.0
0.29985682
0.26594178999999996
0.79547291
4.66495521
4.666666666666667

4.7412161
4.66410872
0.0
0.16416195
0.21464464000000003
0.47787834999999995
3.97158573
4.95

4.3610568
4.35960246
0.0
0.11722285
0.15584449
0.51537873
3.68837924
4.761904761904762

4.7973861200000005
4.85264698
0.0
0.15911743
0.24694117999999998
0.48226705
4.12343875
4.083333333333333
