
7.79294334
7.98469041
0.0
0.16095202
0.44754857000000003
1.2576026100000002
6.27953923
3.5714285714285716

6.0538216799999995
6.05784945
0.0
0.13364613
0.19418354000000002
0.73622121
5.1274447
4.636363636363637

5.58581154
5.56861373
0.0
0.1123846
0.16160017999999998
0.80427812
4.60273543
5.0

6.0411123799999995
5.95218688
0.0
0.16153965
0.20400648999999998
1.17239644
4.57578395
4.95

4.86159197
4.83845537
0.0
0.08283011
0.08827749
0.80957754
3.94060034
5.0

5.07099414
5.02385941
0.0
0.11718159
0.21411063
0.81799389
3.99175489
4.7272727272727275

6.331807690000001
6.280349230000001
0.0
0.13474176000000002
0.15231145000000001
0.88083523
5.24720255
4.666666666666667

4.62955693
4.61053843
0.0
0.09885471000000001
0.24032952
0.54575813
3.82445078
4.95

4.15877348
4.19114802
0.0
0.14666001
0.28434061
0.48869872999999997
3.41810868
4.761904761904762

4.48391928
4.4510437000000005
0.0
0.08767451
0.20469101
0.55394014
3.69241255
4.083333333333333
