
6.36020232
6.4916694900000005
0.0
0.21992409
0.51876182
1.9877985
3.98510917
3.5714285714285716

5.96732267
5.982299309999999
0.0
0.10708110000000001
0.19837647
1.25913099
4.52479185
4.636363636363637

5.4735166500000005
5.42482622
0.0
0.14982009
0.51823143
0.86282853
4.04376626
5.0

6.59136986
6.49481004
0.0
0.17883860999999998
0.1511817
1.49392209
4.84970625
4.95

6.47015988
6.49378203
0.0
0.16306416
0.2749391
0.14113220999999998
6.07771072
5.0

4.45030652
4.19891561
0.0
0.33227045
0.43103953
0.53792653
3.2299495499999997
4.7272727272727275

5.54498717
5.42987096
0.0
0.24047686999999998
0.23422576
0.99558327
4.2000619299999995
4.666666666666667

4.79291367
4.78014045
0.0
0.10529821
0.28050929999999996
0.69836631
3.80126484
4.95

4.36280783
4.446949559999999
0.0
0.17167078
0.29310776
0.471097
3.6827447999999996
4.761904761904762

5.19463022
5.2606262699999995
0.0
0.22857438
0.3215272
0.15365854999999998
4.78544052
4.083333333333333
