
6.930690530000001
7.0187022400000005
0.0
0.23272932999999998
0.57965891
2.1767705
4.26227283
3.5714285714285716

5.97704932
5.989155599999999
0.0
0.14769632000000002
0.26512367
0.53934943
5.1846825
4.636363636363637

5.41651945
5.38722249
0.0
0.10995178
0.1416535
0.67623857
4.56933042
5.0

6.16124466
6.1500162099999995
0.0
0.08625930999999999
0.11348086
0.95509576
5.08143959
4.95

4.93718961
4.933332849999999
0.0
0.0826452
0.14734923
0.78592546
4.00005816
5.0

5.0588280899999996
5.0132422000000005
0.0
0.14372484
0.19503056
0.81460835
4.00360329
4.7272727272727275

5.80943853
5.68820797
0.0
0.22025835000000002
0.15389627
0.99225263
4.5420590700000005
4.666666666666667

4.88784572
4.85818871
0.0
0.07991786000000001
0.09563777000000001
0.9852491800000001
3.77730176
4.95

4.2116465
4.16551359
0.0
0.10333117
0.14308019
0.54124406
3.48118934
4.761904761904762

5.30917012
5.22340854
0.0
0.14139118
0.10686956
0.60114284
4.51539614
4.083333333333333
