
5.7718301
5.80977122
0.0
0.10941074
0.24578714999999998
1.15293475
4.41104932
2.6315789473684212

4.48616754
4.51069684
0.0
0.10771624
0.3800553
0.67015042
3.46049112
2.9714285714285715

4.88083963
4.858832400000001
0.0
0.14030079
0.27748894
1.2937368200000001
3.28760664
3.6923076923076925

4.0861176299999995
4.13322458
0.0
0.09170724000000001
0.20935629
0.58782165
3.33604664
4.166666666666667

3.96647765
4.11455983
0.0
0.06813293
0.32118303000000004
0.60593205
3.18744475
4.076923076923077

4.50028796
4.08641979
0.0
0.50464855
0.20109786999999998
0.5790899899999999
3.30623193
4.476190476190476

5.19552215
5.25517479
0.0
0.09522738
0.64845038
0.50430361
4.1024208
4.818181818181818

4.20625131
4.2183779800000005
0.0
0.14101335
0.18265415
0.65020112
3.38552271
4.85

4.44872788
4.48655292
0.0
0.07906494
0.14721885999999998
0.66615534
3.67317872
4.5

5.09163459
5.10361254
0.0
0.08902886
0.15102232000000002
0.85699415
4.09559607
3.2666666666666666
