
5.94846526
5.99809313
0.0
0.2186461
0.38803314
1.2948350100000001
4.315224980000001
2.6315789473684212

5.21807363
5.25815322
0.0
0.1607273
0.6259620600000001
1.09828984
3.53390132
2.9714285714285715

5.00828788
4.8749572599999995
0.0
0.26507263000000003
0.23379778
1.07552757
3.56563191
3.6923076923076925

4.48649764
4.5140133
0.0
0.13988404999999998
0.49807617
0.50192547
3.51401166
4.166666666666667

4.92415897
4.8319844199999995
0.0
0.23457538
0.18846554000000001
0.6304968000000001
4.01302208
4.076923076923077

4.20177279
4.1320763199999995
0.0
0.19098228
0.14688366
0.64766204
3.33753062
4.476190476190476

4.923881349999999
4.9539776699999996
0.0
0.10244085
0.15384666
0.58935589
4.21077512
4.818181818181818

4.04972495
4.09553193
0.0
0.17221054
0.24253414
0.52772447
3.32527332
4.85

4.31818754
4.34529317
0.0
0.12839305
0.22305474
0.58336758
3.53887085
4.5

5.187461269999999
5.18059272
0.0
0.12009373
0.27148891999999997
0.7062807600000001
4.20282304
3.2666666666666666
