
6.42868422
6.5015792900000005
0.0
0.28681519
0.75857659
1.01129304
4.73170966
2.6315789473684212

5.0141934599999995
4.85037803
0.0
0.35330286
0.39083332
0.49085466
3.9686900499999997
2.9714285714285715

4.76971417
4.64979904
0.0
0.2605786
0.28042971
1.01282885
3.35654048
3.6923076923076925

3.89564856
3.8922660299999996
0.0
0.13573422
0.24378898999999998
0.48926010999999997
3.1592169300000004
4.166666666666667

4.35107191
4.291390440000001
0.0
0.22255922
0.36771765
0.70524688
3.21842591
4.076923076923077

4.00141128
3.9948917
0.0
0.16558346
0.26287369
0.9754338100000001
2.7565842000000003
4.476190476190476

5.02763175
5.0426065499999995
0.0
0.15655788
0.34376769
0.61883442
4.08000444
4.818181818181818

4.37156176
4.35271926
0.0
0.15125875
0.22613114
0.83670525
3.28988287
4.85

4.3017490899999995
4.276149650000001
0.0
0.15142427
0.21954448999999998
0.54773366
3.5088715
4.5

5.460504650000001
5.42132593
0.0
0.15852105
0.19612472
1.28592679
3.93927442
3.2666666666666666
