
5.82197349
5.90970866
0.0
0.16603208
0.42892081
0.93720092
4.54358693
2.6315789473684212

5.154736730000001
5.15831763
0.0
0.15337261
0.36247629
0.9370688
3.85877254
2.9714285714285715

5.09533957
5.11931172
0.0
0.12588932
0.30356822
1.18215786
3.63358564
3.6923076923076925

5.12329481
5.10234915
0.0
0.13459195999999998
0.29837263
1.08546596
3.71851056
4.166666666666667

4.18377768
4.2562853899999995
0.0
0.07407572999999999
0.19331534
0.68160186
3.38136819
4.076923076923077

4.49188424
4.14450772
0.0
0.43786535
0.1249964
0.63185168
3.3876596400000003
4.476190476190476

5.82951216
5.68357156
0.0
0.31094052
0.19267185
0.55407544
4.93682427
5.0476190476190474

4.04549381
4.07236841
0.0
0.1253301
0.20797364999999998
0.6765495600000001
3.1878452000000004
4.85

4.3633615
4.38155872
0.0
0.10052124000000001
0.14551231
1.17011762
3.06592879
4.5

5.85694038
5.78632888
0.0
0.16078430999999999
0.16817152
1.02846624
4.58969112
3.3793103448275863
