
6.739854360000001
6.818707440000001
0.0
0.17971325
0.42279808
0.89393466
5.5019747
2.6315789473684212

4.866260230000001
4.91178584
0.0
0.09343155
0.37125106
1.13419269
3.40634209
2.9714285714285715

4.80964548
4.7721203
0.0
0.17269192000000003
0.33381487
0.80632538
3.6319800499999997
3.6923076923076925

4.09290399
4.0468505200000005
0.0
0.15530801
0.1615925
0.57820877
3.30704925
4.166666666666667

4.97597826
4.93499326
0.0
0.14571148
0.26428701
0.98766499
3.68304126
4.076923076923077

5.2674962999999995
4.92348783
0.0
0.44428128
0.33490472
1.24630979
3.34227332
4.476190476190476

5.69467748
5.75196635
0.0
0.07472998
0.179624
1.51937164
4.05297071
4.818181818181818

4.21837469
4.26099526
0.0
0.1424415
0.26860451
0.67497027
3.31742048
4.85

4.28320069
4.33136599
0.0
0.09450046000000001
0.1979743
0.6178141800000001
3.51557751
4.5

5.32078596
5.25053148
0.0
0.22961793
0.26044356
1.46064985
3.52943807
3.3793103448275863
