
7.1895343700000005
7.37905402
0.0
0.14470792999999998
0.44985044
1.15012004
5.77908354
2.6315789473684212

6.17137551
6.20912067
0.0
0.23420996
0.98985119
0.17972763
5.03954185
2.9714285714285715

4.64600957
4.59042375
0.0
0.22097306
0.29177167
0.53953381
3.75911827
3.6923076923076925

4.01591628
3.97438542
0.0
0.18835529
0.28203667
0.57018008
3.1221686699999998
4.166666666666667

4.2729016799999995
4.22900543
0.0
0.20126924
0.20738132
0.83280119
3.18882292
4.076923076923077

5.21849914
4.81180071
0.0
0.5453215
0.17034976999999998
0.7794485400000001
3.8620023999999997
4.476190476190476

4.87659979
5.04941543
0.0
0.08580911
0.2995326
0.7106515699999999
4.03923126
4.818181818181818

4.39306558
4.32534156
0.0
0.21163381
0.18989498999999999
0.66603214
3.46941443
4.85

4.687236599999999
4.629327389999999
0.0
0.26191235
0.22860473
0.48232187
3.91840079
4.5

5.64470927
5.61025234
0.0
0.23210318
0.73899065
0.37807181
4.49318988
3.2666666666666666
