
6.50471827
6.6243313200000005
0.0
0.14598935999999998
0.41648634
1.51075525
4.69708973
2.6315789473684212

4.98070712
5.04518664
0.0
0.08871499000000001
0.29583272
0.8665773
3.88277662
2.9714285714285715

5.230012309999999
5.15053212
0.0
0.21381638
0.32941659
0.8458922600000001
3.97522327
3.6923076923076925

4.14625093
4.14925617
0.0
0.13403905
0.28850425
0.59359136
3.26716056
4.166666666666667

4.60623492
4.66429331
0.0
0.08753595
0.20764567
0.66314409
3.7935035499999996
4.076923076923077

4.1526061499999996
4.12070003
0.0
0.14096098
0.16728753
0.90593772
3.04747478
4.476190476190476

5.07029779
5.05366921
0.0
0.14262841
0.16811157000000002
0.6793205
4.20623714
4.818181818181818

4.26994674
4.2626351
0.0
0.13137273000000002
0.1886284
0.82799163
3.24601507
4.85

4.41558962
4.40460338
0.0
0.11292997
0.15490024
0.44196865999999996
3.80773448
4.5

5.91595413
5.90493097
0.0
0.12501226
0.21216129
0.5650695400000001
5.12770014
3.2666666666666666
