
6.29386902
6.3318013099999995
0.0
0.16733549
0.32049859999999997
1.5266051299999999
4.48469758
2.6315789473684212

4.770955900000001
4.8375993600000005
0.0
0.079397
0.26869473
1.08160429
3.48730034
2.9714285714285715

5.21888345
5.33150178
0.0
0.12467938
0.44376707
1.45629407
3.43144064
3.6923076923076925

4.42075734
4.48686254
0.0
0.10485915
0.24204901
1.107743
3.13707053
4.166666666666667

4.75294259
4.80596688
0.0
0.10058885000000001
0.22602211
0.7721991500000001
3.80774562
4.076923076923077

4.40019194
4.3855916299999995
0.0
0.11211389999999999
0.15397084
1.3072598
2.9243609900000003
4.476190476190476

5.5039104000000005
5.4862263
0.0
0.12590109
0.16279024
0.9109046700000001
4.41253139
4.818181818181818

4.05646525
4.06986297
0.0
0.11955687
0.16968492000000002
0.63392137
3.26625668
4.85

4.37004105
4.377068230000001
0.0
0.09032806
0.20753251
0.61768411
3.55185161
4.5

5.5232774000000004
5.51511675
0.0
0.11748478
0.15819060000000001
0.74992773
4.60699842
3.2666666666666666
