
19.833740802
16.004954899
3.7410916299999997
0.087694273
0.328074924
10.37679848
5.300081495
4.926108374384237

19.473473133000002
15.6283712
3.783901966
0.061199966999999994
0.21376318
10.235342525
5.179265495
4.96039603960396

19.313896760000002
15.578308882
3.6773083900000003
0.058279488
0.160057188
10.240424288
5.1778274060000005
5.0

19.380597298
15.541298686000001
3.73715556
0.102143052
0.137178144
10.240456292
5.16366425
5.0

19.144900051
15.520189355000001
3.563948964
0.060761732000000006
0.129023083
10.241235453
5.149930819
5.0

18.90052849
15.513918294
3.3297845720000003
0.056825624000000005
0.128836105
10.226209383999999
5.158872805
5.0

19.077213662000002
15.483388361
3.514631892
0.079193409
0.12097896600000001
10.202999668
5.159409727
4.99

19.225126724
15.502566564999999
3.673667387
0.048892771999999994
0.11423911
10.213633884
5.174693571000001
5.0

19.016455337
15.472192393999999
3.473700945
0.070561998
0.11529264
10.198097608
5.158802145999999
5.0

18.946289653999997
15.478409215
3.394455179
0.07342525999999999
0.113048854
10.205700942
5.159659419
4.926108374384237
