
10.701887799000001
10.688637669
0.0
0.071436216
0.111008969
5.253868638
5.323760062
4.926108374384237

10.447999053
10.431499756
0.0
0.045412994
0.052960802
5.189084245
5.189454709
4.96039603960396

10.433610965
10.361824602
0.0
0.095953727
0.040150594
5.137362502
5.184311506
5.0

10.398653221
10.352526478
0.0
0.068624651
0.037294506
5.139587872000001
5.1756440999999995
5.0

10.379079824
10.360757171
0.0
0.040531292999999996
0.039665633
5.149874649
5.171216889
5.0

10.370241012
10.357216326
0.0
0.03603676
0.044219662
5.142373671
5.170622992999999
5.0

10.361978013
10.351885372
0.0
0.030430976
0.032437648
5.156612141
5.162835583
4.99

10.35145176
10.345574179
0.0
0.025373082999999998
0.030436125
5.140212804
5.17492525
5.0

10.344004447000001
10.337822031
0.0
0.025720636999999998
0.031212955
5.148286107
5.158322968999999
5.0

10.349312832
10.340857684
0.0
0.026220517
0.034017006999999995
5.135662489
5.171178188
4.926108374384237
