
7.665021831000001
4.944511251
2.614193617
0.106316963
0.696666285
0.736542521
3.5113024449999997
4.926470588235294

5.178183827
3.6104841899999998
1.4624391
0.105260537
0.28562419699999997
0.445032822
2.879827171
4.930693069306931

4.72119991
3.210084341
1.425150598
0.085964971
0.423652226
0.420802901
2.365629214
4.88780487804878

4.365863841
3.0075772740000004
1.272666485
0.085620082
0.271003426
0.341861875
2.394711973
4.9405940594059405

4.473831776
3.173800611
1.255451627
0.044579538
0.241007304
0.34980936
2.5829839470000002
5.005

4.194803801
2.851156411
1.276749581
0.06689780899999999
0.260931141
0.364357586
2.225867684
4.798076923076923

3.8907269270000002
2.871688371
0.959440784
0.059597772
0.247016074
0.44252374499999997
2.182148552
4.955445544554456

4.062935101
2.955895755
1.040780743
0.066258603
0.214847652
0.40442395600000003
2.3366241469999998
4.9504950495049505

3.9283802540000003
2.67900202
1.1825184739999999
0.06685975999999999
0.29031062900000004
0.283226561
2.1054648300000003
4.690140845070423

3.985411887
2.7581995200000002
1.171735634
0.055476733
0.344581195
0.32275112300000003
2.090867202
4.566210045662101
