
9.371721085999999
9.275792933
7.2165749009999995
2.059218032
0.095928153
7.9603174603174605

3.5941102540000003
3.506451364
1.762857088
1.743594276
0.08765889
8.04

3.756143063
3.6885457059999998
1.879577852
1.808967854
0.067597357
9.30841121495327

3.8863160980000004
3.788843631
2.1594772850000004
1.6293663459999999
0.09747246700000001
9.97

3.4722769909999998
3.418537407
1.905289098
1.513248309
0.053739584
9.872549019607844

3.1506615
3.0936229920000002
1.200908732
1.89271426
0.057038508
9.900990099009901

3.1542877590000002
3.102260327
1.409312574
1.692947753
0.052027432
9.289719626168225

3.128028966
3.085323362
1.6155113829999999
1.4698119790000002
0.042705604
8.032

3.554301656
3.503754866
1.6984599059999999
1.80529496
0.05054679
9.96

3.416361813
3.381041557
1.706463527
1.67457803
0.035320256
8.99099099099099
