
0.171004252
0.0789895
-0.276921907
0.355911407
0.09201475199999999
7.9603174603174605

0.14773472899999998
0.042067965
-0.179527611
0.221595576
0.105666764
8.04

0.158846921
0.08492539
-0.187700658
0.272626048
0.073921531
9.30841121495327

0.125191471
0.061638665999999995
-0.17262005600000002
0.234258722
0.063552805
9.97

0.09799662399999999
0.050900392999999995
-0.197219068
0.248119461
0.047096231
9.872549019607844

0.112615064
0.067388057
-0.149843854
0.217231911
0.045227007
9.900990099009901

0.066171717
0.02737314
-0.147178784
0.174551924
0.038798577
9.289719626168225

0.06498464100000001
0.03290093
-0.13405826399999998
0.16695919399999998
0.032083711
8.032

0.067062519
0.024620180000000002
-0.153891046
0.178511226
0.042442339
9.96

0.055435944
0.026291341
-0.15066142300000002
0.17695276399999998
0.029144602999999998
8.99099099099099
