
0.15610882
0.0668112
-0.29770731500000003
0.364518515
0.08929762
7.9603174603174605

0.101940643
0.024210924999999998
-0.202345899
0.226556824
0.07772971799999999
8.04

0.122279754
0.019351071
-0.185994849
0.20534592000000002
0.102928683
9.30841121495327

0.11856427800000001
0.048336496
-0.185237668
0.233574164
0.070227782
9.97

0.078993138
0.016063465
-0.18791924100000001
0.203982706
0.062929673
9.872549019607844

0.059205444
0.014301049000000001
-0.151790764
0.166091813
0.044904395
9.900990099009901

0.083346747
0.018381539000000002
-0.164243728
0.18262526699999998
0.064965208
9.289719626168225

0.073822055
0.034589836000000006
-0.142672696
0.177262532
0.039232219
8.032

0.055869612
0.011161154000000001
-0.17870012
0.189861274
0.044708458
9.96

0.087917138
0.012862879
-0.19064679999999998
0.203509679
0.07505425900000001
8.99099099099099
