
0.1671861
0.030750700000000002
-0.7948409000000001
0.8255916
0.13643539999999998
1.0

0.1073535
0.0271475
-0.40711179999999997
0.4342593
0.080206
1.0

0.3664131
0.2583861
-0.4913999
0.749786
0.108027
1.0

0.1645411
0.0750112
-0.36395109999999997
0.43896229999999997
0.0895299
1.0

0.1500183
0.06339109999999999
-0.3676252
0.43101629999999996
0.0866272
1.0

0.1079787
0.0391473
-0.34165609999999996
0.3808034
0.0688314
1.0

0.09282810000000001
0.0211598
-0.321387
0.3425468
0.0716683
1.0

0.07305439999999999
0.0171924
-0.2736978
0.2908902
0.055862
1.0

0.1485909
0.07349889999999999
-0.3027007
0.37619959999999997
0.075092
1.0

0.08804260000000001
0.0202735
-0.2956222
0.3158957
0.06776910000000001
1.0
