
21.8827433
21.6417559
6.5718589000000005
15.069897
0.2409874
1.0

24.7260207
24.427471699999998
8.203223
16.2242487
0.298549
1.0

23.108483
22.9441015
8.7747133
14.169388199999998
0.1643815
1.0

19.7998022
19.6556435
6.6313967
13.0242468
0.1441587
1.0

20.6868751
20.249276300000002
7.3953167
12.8539596
0.4375988
1.0

20.499870899999998
19.3893499
7.9071526
11.482197300000001
1.110521
1.0

22.5359572
22.41465
8.8931479
13.5215021
0.1213072
1.0

19.5777832
19.505740199999998
7.1575985
12.3481417
0.072043
1.0

19.9662371
19.8594702
7.6957986
12.163671599999999
0.1067669
1.0

20.6890402
20.608336
8.1351993
12.4731367
0.0807042
1.0
