
0.2411883
0.0438731
-1.2175272
1.2614003
0.19731520000000002
1.0

0.15388120000000002
0.036831199999999994
-0.5130357
0.5498669
0.11705
1.0

0.2032021
0.08040610000000001
-0.5904231
0.6708291999999999
0.122796
1.0

0.5735617
0.4488998
-0.5425295
0.9914293000000001
0.12466189999999999
1.0

0.1286746
0.0441306
-0.4007037
0.4448343
0.084544
1.0

0.4313661
0.3590933
-0.37018009999999996
0.7292734000000001
0.0722728
1.0

0.0944357
0.0214577
-0.35960220000000004
0.3810599
0.072978
1.0

0.0829588
0.0184998
-0.3219809
0.3404807
0.064459
1.0

0.0897732
0.0212608
-0.3610609
0.3823217
0.0685124
1.0

0.078239
0.018283
-0.3333549
0.3516379
0.059956
1.0
