
0.19590729999999998
0.036277300000000005
-1.3501953
1.3864726
0.15963
1.0

0.1178681
0.0266783
-0.42973290000000003
0.4564112
0.0911898
1.0

0.1673562
0.066483
-0.4426188
0.5091017999999999
0.1008732
1.0

0.2367953
0.1420576
-0.43856009999999995
0.5806176999999999
0.0947377
1.0

0.0935729
0.0254483
-0.3072207
0.332669
0.06812460000000001
1.0

0.32717840000000004
0.2665106
-0.3206475
0.5871581
0.0606678
1.0

0.071704
0.0170948
-0.29591209999999996
0.31300690000000003
0.0546092
1.0

0.08406269999999999
0.0194852
-0.2874007
0.30688590000000004
0.0645775
1.0

0.0906302
0.021927400000000003
-0.3086218
0.3305492
0.06870280000000001
1.0

0.0934989
0.0205685
-0.3080925
0.328661
0.07293039999999999
1.0
