
0.16782470000000002
0.0302082
-0.6010343
0.6312425
0.1376165
1.0

0.101694
0.0321155
-0.3345889
0.36670440000000004
0.0695785
1.0

0.207534
0.10777360000000001
-0.4259658
0.5337394
0.0997604
1.0

0.1915403
0.0938698
-0.36457540000000005
0.4584452
0.0976705
1.0

0.13231310000000002
0.0265158
-0.40950970000000003
0.4360255
0.1057973
1.0

0.0697475
0.018954099999999998
-0.2376137
0.2565678
0.0507934
1.0

0.075185
0.0173874
-0.2312317
0.2486191
0.0577976
1.0

0.0820836
0.0352726
-0.5960955
0.6313681
0.046811
1.0

0.09772860000000001
0.047017
-0.2308936
0.27791059999999995
0.050711599999999996
1.0

0.0579705
0.0150907
-0.1983329
0.21342360000000002
0.0428798
1.0
