
0.1961822
0.0363694
-0.6032746
0.639644
0.15981279999999998
1.0

0.1060528
0.0245292
-0.32800640000000003
0.35253559999999995
0.0815236
1.0

0.21654520000000002
0.12845
-0.4264974
0.5549474
0.0880952
1.0

0.12808139999999998
0.0416503
-0.5271041
0.5687544
0.08643110000000001
1.0

0.1442308
0.07328660000000001
-0.251507
0.32479359999999996
0.0709442
1.0

0.1033142
0.028546099999999998
-0.275972
0.30451809999999996
0.0747681
1.0

0.0808714
0.019422099999999998
-0.227168
0.2465901
0.061449300000000005
1.0

0.0883969
0.0207281
-0.2243246
0.2450527
0.0676688
1.0

0.0837036
0.018419400000000002
-0.23313479999999998
0.2515542
0.0652842
1.0

0.0909677
0.0216498
-0.6698916
0.6915414
0.06931789999999999
1.0
