
0.19332960000000002
0.0319858
-0.6072415999999999
0.6392274
0.16134379999999998
1.0

0.11555660000000001
0.0264158
-0.3533137
0.3797295
0.0891408
1.0

0.17420670000000002
0.0753313
-0.4432676
0.5185989
0.09887539999999999
1.0

0.2848851
0.18243579999999998
-0.407082
0.5895178000000001
0.10244930000000001
1.0

0.1561355
0.0778321
-0.25421710000000003
0.3320492
0.0783034
1.0

0.36631159999999996
0.2864462
-0.27677159999999995
0.5632178000000001
0.07986539999999999
1.0

0.0944955
0.021891599999999997
-0.24830729999999998
0.2701989
0.0726039
1.0

0.0916875
0.021581299999999998
-0.2274908
0.24907210000000002
0.0701062
1.0

0.14422829999999998
0.0694661
-0.24394870000000002
0.3134148
0.0747622
1.0

0.0863506
0.0194873
-0.2216985
0.24118579999999998
0.0668633
1.0
