
0.2352925
0.051229800000000006
-0.6596972
0.710927
0.18406270000000002
1.0

0.1278253
0.0313393
-0.3756588
0.4069981
0.096486
1.0

0.2144968
0.109054
-0.44678490000000004
0.5558389
0.1054428
1.0

0.2584716
0.1512619
-0.36075440000000003
0.5120163
0.10720969999999999
1.0

0.16329660000000001
0.0860366
-0.2587634
0.3448
0.07726
1.0

0.1262577
0.0430572
-0.2926086
0.3356658
0.0832005
1.0

0.122282
0.0394894
-0.2667001
0.3061895
0.08279260000000001
1.0

0.0873447
0.0209647
-0.2273011
0.24826579999999998
0.06638
1.0

0.1035987
0.0240506
-0.24074689999999999
0.2647975
0.07954810000000001
1.0

0.1202511
0.0537346
-0.2195515
0.2732861
0.0665165
1.0
