
0.36411659999999996
0.23368629999999999
-0.7099496
0.9436359
0.1304303
1.0

0.08876719999999999
0.0223808
-0.3476587
0.3700395
0.0663864
1.0

0.148524
0.062234300000000006
-1.8178691999999999
1.8801035
0.0862897
1.0

0.1046879
0.0319415
-0.3607937
0.3927352
0.07274639999999999
1.0

0.0992093
0.0421545
-0.2539641
0.29611859999999995
0.0570548
1.0

0.0696255
0.0184635
-0.25406829999999997
0.2725318
0.051162
1.0

0.0660962
0.0166498
-0.2283012
0.244951
0.0494464
1.0

0.0574887
0.0148814
-0.1949546
0.209836
0.0426073
1.0

0.0805565
0.0348078
-0.2137893
0.24859710000000002
0.045748699999999996
1.0

0.0535498
0.0131421
-0.1888195
0.20196160000000002
0.0404077
1.0
