
0.3488995
0.0459184
-0.6364782
0.6823966
0.3029811
1.0

0.1241903
0.0288068
-0.33493690000000004
0.3637437
0.0953835
1.0

0.1938305
0.06986289999999999
-0.394445
0.4643079
0.12396760000000001
1.0

0.2291565
0.08329310000000001
-0.3346316
0.41792470000000004
0.1458634
1.0

0.14112929999999999
0.0477232
-0.3051963
0.3529195
0.0934061
1.0

0.1397942
0.0536274
-0.2921156
0.345743
0.0861668
1.0

0.10320130000000001
0.0220604
-0.2516479
0.2737083
0.08114089999999999
1.0

0.1019858
0.0241134
-0.24360510000000002
0.2677185
0.0778724
1.0

0.1062415
0.0261161
-0.6138963000000001
0.6400124
0.0801254
1.0

0.0947754
0.0199951
-0.2386016
0.2585967
0.07478030000000001
1.0
