
0.1464832
0.0288771
-0.8083541
0.8372312
0.1176061
1.0

0.08046980000000001
0.0193031
-0.3049366
0.3242397
0.0611667
1.0

0.3232662
0.24300439999999998
-0.3664692
0.6094736
0.08026180000000001
1.0

0.1640963
0.0811206
-0.33169859999999995
0.4128192
0.0829757
1.0

0.1053334
0.0480148
-0.237651
0.28566579999999997
0.0573186
1.0

0.0750807
0.0225343
-0.24664329999999998
0.26917759999999996
0.0525464
1.0

0.0690881
0.0163829
-0.2161104
0.23249329999999999
0.052705199999999994
1.0

0.059893300000000003
0.015555600000000001
-0.2017022
0.2172578
0.044337699999999994
1.0

0.0643833
0.0158115
-0.20941320000000002
0.2252247
0.048571800000000005
1.0

0.0578469
0.0149564
-0.19869979999999998
0.21365620000000002
0.0428905
1.0
