
0.1693283
0.0316926
-0.6283943000000001
0.6600869
0.1376357
1.0

0.1048916
0.0259958
-0.3664658
0.39246159999999997
0.0788958
1.0

0.2148976
0.1199677
-1.8038065
1.9237742
0.0949299
1.0

0.5062503
0.405693
-0.3791397
0.7848326999999999
0.1005573
1.0

0.0980605
0.0380922
-0.2525162
0.29060840000000004
0.0599683
1.0

0.06753089999999999
0.016952
-0.238567
0.255519
0.0505789
1.0

0.078106
0.0182366
-0.2277165
0.2459531
0.0598694
1.0

0.0655556
0.0191973
-0.2233973
0.2425946
0.046358300000000005
1.0

0.16539520000000002
0.1136794
-0.2162707
0.32995009999999997
0.051715800000000006
1.0

0.055962
0.01362
-0.1961798
0.20979979999999998
0.042342
1.0
