
0.214176
0.035273599999999995
-0.8126002
0.8478738
0.1789024
1.0

0.1147856
0.029517099999999998
-0.35276379999999996
0.38228090000000003
0.0852685
1.0

0.1311101
0.036679300000000005
-0.3752897
0.411969
0.09443080000000001
1.0

0.2053007
0.0621395
-0.34316009999999997
0.4052996
0.14316120000000002
1.0

0.137461
0.050876300000000006
-1.1089183
1.1597946000000001
0.0865847
1.0

0.0972625
0.0224272
-0.2961566
0.3185838
0.07483530000000001
1.0

0.5049222999999999
0.0280835
-0.362016
0.3900995
0.4768388
1.0

0.1138225
0.050764
-0.2489604
0.2997244
0.0630585
1.0

0.1218509
0.0562608
-0.2263685
0.28262929999999997
0.06559010000000001
1.0

0.0849491
0.019346400000000003
-0.2258073
0.2451537
0.0656027
1.0
