
0.16268020000000002
0.0274716
-0.6707407
0.6982123
0.1352086
1.0

0.0781776
0.0188073
-1.0553734
1.0741806999999999
0.0593703
1.0

0.2598353
0.181826
-0.3587965
0.5406225
0.0780093
1.0

0.1732049
0.0923928
-0.369525
0.4619178
0.08081210000000001
1.0

0.1108474
0.059842900000000004
-0.238469
0.2983119
0.0510045
1.0

0.0640605
0.0176309
-0.4741788
0.4918097
0.0464296
1.0

0.0602377
0.0153676
-0.2132755
0.22864310000000002
0.044870099999999996
1.0

0.057707699999999994
0.0142986
-0.2068105
0.2211091
0.0434091
1.0

0.1265216
0.0764253
-0.2193275
0.2957528
0.0500963
1.0

0.057601400000000004
0.0149621
-0.45907990000000004
0.474042
0.042639300000000005
1.0
