
0.1631878
0.0268818
-0.7041305999999999
0.7310124
0.136306
1.0

0.081083
0.0190253
-0.31888479999999997
0.3379101
0.0620577
1.0

0.13467120000000002
0.0400462
-0.4164738
0.45652
0.094625
1.0

0.3377995
0.044397400000000004
-0.3486488
0.3930462
0.2934021
1.0

0.1156148
0.0648267
-0.2581464
0.32297309999999996
0.050788099999999996
1.0

0.0659989
0.0178877
-0.2541805
0.27206820000000004
0.0481112
1.0

0.0668823
0.015909700000000002
-0.2237758
0.2396855
0.0509726
1.0

0.055897800000000004
0.0138705
-0.1967804
0.2106509
0.042027300000000004
1.0

0.1132567
0.06437230000000001
-0.20932179999999997
0.2736941
0.0488844
1.0

0.054746199999999995
0.013988
-0.1893139
0.2033019
0.040758199999999994
1.0
