
0.1587752
0.028160099999999997
-0.5761149
0.604275
0.1306151
1.0

0.0814449
0.020952099999999998
-0.3231088
0.3440609
0.060492800000000006
1.0

0.13716879999999998
0.0582491
-0.3531508
0.41139990000000004
0.0789197
1.0

0.1233055
0.035430199999999995
-0.4624062
0.4978364
0.0878753
1.0

0.08470810000000001
0.0259661
-0.2555321
0.28149820000000003
0.058742
1.0

0.0871948
0.0201955
-0.2533664
0.2735619
0.0669993
1.0

0.06884910000000001
0.0163516
-0.2329871
0.24933870000000002
0.0524975
1.0

0.059166
0.016252
-0.2032549
0.2195069
0.042914
1.0

0.09732980000000001
0.0471931
-0.21955770000000002
0.2667508
0.0501367
1.0

0.0834689
0.0299443
-0.2029052
0.2328495
0.0535246
1.0
