
0.2070459
0.0613304
-0.7284881999999999
0.7898185999999999
0.1457155
1.0

0.0972616
0.0294747
-0.3232495
0.3527242
0.0677869
1.0

0.15784479999999998
0.0709511
-0.3790235
0.4499746
0.08689369999999999
1.0

0.3208259
0.2344946
-0.3011549
0.5356495
0.0863313
1.0

0.1253339
0.050815400000000004
-0.2807904
0.3316058
0.0745185
1.0

0.107999
0.023732
-0.24917989999999998
0.27291190000000004
0.084267
1.0

0.0661715
0.0177405
-0.2300755
0.247816
0.048431
1.0

0.0585298
0.0160193
-0.19353510000000002
0.2095544
0.0425105
1.0

0.11590410000000001
0.0684338
-0.2004936
0.26892740000000004
0.0474703
1.0

0.0843266
0.0202207
-0.233496
0.2537167
0.06410590000000001
1.0
