
0.1666575
0.0299487
-0.7137004
0.7436491
0.1367088
1.0

0.0850504
0.021256599999999997
-0.32832320000000004
0.3495798
0.0637938
1.0

0.17204979999999997
0.07613610000000001
-0.4539609
0.530097
0.09591369999999999
1.0

0.156108
0.076742
-0.31652820000000004
0.3932702
0.079366
1.0

0.1011488
0.0366304
-0.2739668
0.3105972
0.0645184
1.0

0.1036324
0.0505535
-0.9855069000000001
1.0360604
0.0530789
1.0

0.0704403
0.0165345
-0.2329545
0.249489
0.053905800000000004
1.0

0.07125680000000001
0.0248561
-0.1955794
0.2204355
0.046400699999999996
1.0

0.1418896
0.0954041
-0.20816679999999999
0.30357090000000003
0.0464855
1.0

0.0554594
0.014870600000000001
-0.19885070000000002
0.21372129999999998
0.0405888
1.0
