
0.1585643
0.031034799999999998
-1.3840768
1.4151116000000001
0.1275295
1.0

0.0982074
0.0225592
-0.4037597
0.4263189
0.0756482
1.0

0.1412615
0.060924599999999995
-0.37449259999999995
0.4354172
0.08033689999999999
1.0

0.201801
0.1084128
-0.37717409999999996
0.48558690000000004
0.09338819999999999
1.0

0.0905225
0.0301674
-0.2367241
0.2668915
0.0603551
1.0

0.33114679999999996
0.2640207
-0.2548613
0.518882
0.06712610000000001
1.0

0.07532319999999999
0.0186394
-0.242618
0.2612574
0.0566838
1.0

0.0785804
0.0191189
-0.2190937
0.2382126
0.0594615
1.0

0.1175896
0.064115
-0.2146847
0.27879970000000004
0.0534746
1.0

0.057264300000000004
0.0151294
-0.2028284
0.21795779999999998
0.0421349
1.0
