
0.1555031
0.0299087
-1.0947977
1.1247064
0.1255944
1.0

0.126235
0.0220652
-0.3152377
0.3373029
0.1041698
1.0

0.1939029
0.1105737
-0.3873598
0.4979335
0.08332919999999999
1.0

0.0996497
0.0295321
-0.3081744
0.3377065
0.0701176
1.0

0.0908425
0.0376865
-0.240945
0.2786315
0.053156
1.0

0.0963255
0.0458006
-1.0950836000000002
1.1408842
0.050524900000000005
1.0

0.0656608
0.0165562
-0.23450870000000001
0.2510649
0.0491046
1.0

0.057896
0.0148019
-0.1963759
0.2111778
0.043094099999999996
1.0

0.1093301
0.061913
-0.211628
0.273541
0.0474171
1.0

0.0531245
0.0137722
-0.19161029999999998
0.2053825
0.0393523
1.0
