
0.26277740000000005
0.1285183
-0.6321931999999999
0.7607115
0.1342591
1.0

0.074181
0.0191852
-0.2995097
0.3186949
0.054995800000000004
1.0

0.1633415
0.09082639999999999
-0.3407099
0.4315363
0.0725151
1.0

0.16882329999999998
0.0950575
-0.3381515
0.433209
0.0737658
1.0

0.1137146
0.06452909999999999
-0.2137975
0.2783266
0.0491855
1.0

0.22809020000000002
0.15476879999999998
-0.9658784
1.1206471999999998
0.0733214
1.0

0.0635727
0.0162538
-0.2289523
0.2452061
0.047318900000000004
1.0

0.0593131
0.0153158
-0.1944807
0.2097965
0.0439973
1.0

0.1213305
0.0742361
-0.2073759
0.281612
0.0470944
1.0

0.0531182
0.0137082
-0.1918477
0.20555589999999999
0.03941
1.0
