
0.1723784
0.0347247
-0.7524064
0.7871311
0.13765370000000002
1.0

0.2703103
0.0184899
-0.30426990000000004
0.3227598
0.2518204
1.0

0.09325
0.0231814
-0.3115903
0.3347717
0.07006860000000001
1.0

0.18944770000000002
0.07649410000000001
-0.38737679999999997
0.46387090000000003
0.1129536
1.0

0.0865138
0.036391900000000005
-0.225685
0.2620769
0.050121900000000004
1.0

0.30974409999999997
0.2641696
-0.2200225
0.48419209999999996
0.0455745
1.0

0.0656143
0.0167478
-0.2355274
0.25227520000000003
0.0488665
1.0

0.0621555
0.017544
-0.211812
0.229356
0.0446115
1.0

0.1122948
0.061917400000000004
-0.20828970000000002
0.2702071
0.0503774
1.0

0.053858199999999995
0.013539899999999999
-0.19212189999999998
0.20566179999999998
0.0403183
1.0
