
0.1688785
0.030235900000000003
-0.9649144000000001
0.9951503
0.1386426
1.0

0.0948907
0.0215474
-0.2931276
0.314675
0.0733433
1.0

0.1579652
0.06527809999999999
-0.3899495
0.45522759999999995
0.09268710000000001
1.0

0.2400563
0.1424227
-0.36289340000000003
0.5053160999999999
0.0976336
1.0

0.1500496
0.090176
-0.2390112
0.3291872
0.0598736
1.0

0.3764012
0.3181941
-0.2373814
0.5555755
0.0582071
1.0

0.07370739999999999
0.017703299999999998
-0.2279004
0.2456037
0.0560041
1.0

0.0806073
0.030877
-1.0353566
1.0662336000000001
0.049730300000000005
1.0

0.122126
0.0719728
-0.23454629999999999
0.3065191
0.050153199999999995
1.0

0.0604306
0.015051700000000001
-0.19615929999999998
0.211211
0.0453789
1.0
