
0.1586639
0.0308475
-0.9584028
0.9892503
0.1278164
1.0

0.0787263
0.0197347
-0.2726683
0.292403
0.0589916
1.0

0.0923193
0.0240242
-0.3554434
0.37946759999999996
0.06829510000000001
1.0

0.1864015
0.1034116
-0.360179
0.46359059999999996
0.08298989999999999
1.0

0.0739506
0.0209945
-0.2351986
0.2561931
0.0529561
1.0

0.3066265
0.256958
-0.2343587
0.4913167
0.0496685
1.0

0.06677
0.0187477
-0.2173777
0.23612539999999999
0.048022300000000004
1.0

0.0554363
0.0139392
-0.19282429999999998
0.2067635
0.041497099999999995
1.0

0.1811798
0.1352537
-0.201647
0.3369007
0.0459261
1.0

0.0562288
0.015078
-0.1957077
0.21078570000000002
0.0411508
1.0
