
0.1972655
0.038343
-0.7068711999999999
0.7452141999999999
0.1589225
1.0

0.1010329
0.0245067
-0.3069059
0.3314126
0.0765262
1.0

0.1602953
0.0678429
-0.4050232
0.47286609999999996
0.09245239999999999
1.0

0.1774366
0.0831468
-0.35812120000000003
0.441268
0.09428980000000001
1.0

0.1158106
0.041720099999999996
-0.2476185
0.2893386
0.0740905
1.0

0.4002464
0.3269973
-0.26531859999999996
0.5923159
0.07324910000000001
1.0

0.1006127
0.0217678
-0.274992
0.29675979999999996
0.0788449
1.0

0.086574
0.0200717
-0.23262870000000002
0.2527004
0.0665023
1.0

0.08298889999999999
0.019568400000000003
-0.22388170000000002
0.2434501
0.0634205
1.0

0.07406439999999999
0.0175513
-0.2093386
0.2268899
0.0565131
1.0
