
0.1625327
0.0304163
-1.0173028
1.0477191
0.1321164
1.0

0.07319
0.0185755
-0.2809987
0.2995742
0.0546145
1.0

0.17435420000000001
0.06714389999999999
-1.0117637
1.0789076000000002
0.10721030000000001
1.0

0.12136580000000001
0.055926199999999995
-0.3003097
0.35623590000000005
0.0654396
1.0

0.09222380000000001
0.0347125
-0.2522874
0.28699990000000003
0.0575113
1.0

0.310363
0.25304129999999997
-0.2391663
0.49220759999999997
0.057321699999999996
1.0

0.0651017
0.0165935
-0.2304866
0.2470801
0.048508199999999994
1.0

0.059072599999999996
0.0146693
-0.1933165
0.2079858
0.0444033
1.0

0.1176429
0.0657652
-0.21103729999999998
0.2768025
0.0518777
1.0

0.058586099999999995
0.014240200000000001
-0.1899324
0.2041726
0.0443459
1.0
