
0.1864138
0.030966
-0.6295344
0.6605004
0.1554478
1.0

0.1059288
0.0231594
-0.34463659999999996
0.367796
0.08276939999999999
1.0

0.1198488
0.0327364
-0.5159007
0.5486371
0.08711239999999999
1.0

0.3371248
0.2383135
-0.325606
0.5639195
0.0988113
1.0

0.1108575
0.0300615
-0.259918
0.2899795
0.080796
1.0

0.3399046
0.26416270000000003
-0.2576211
0.5217838
0.0757419
1.0

0.0909734
0.020961900000000002
-0.2526197
0.2735816
0.0700115
1.0

0.0781125
0.019064900000000003
-0.21562520000000002
0.2346901
0.0590476
1.0

0.1426769
0.0736554
-0.2371722
0.3108276
0.0690215
1.0

0.091393
0.021432200000000002
-0.2254128
0.246845
0.0699608
1.0
