
0.41228970000000004
0.025581
-0.6815626
0.7071436
0.3867087
1.0

0.0796703
0.019505599999999998
-0.3079733
0.3274789
0.060164699999999995
1.0

0.1055648
0.027397400000000002
-0.3687991
0.3961965
0.0781674
1.0

0.1524034
0.040850300000000006
-0.3100834
0.3509337
0.1115531
1.0

0.0757822
0.0221601
-0.22053620000000002
0.24269629999999998
0.0536221
1.0

0.35978720000000003
0.30884690000000004
-0.2370287
0.5458756
0.0509403
1.0

0.0704542
0.0199064
-0.22169979999999997
0.24160620000000002
0.050547800000000004
1.0

0.05827
0.0153668
-0.2074633
0.2228301
0.042903199999999996
1.0

0.06678769999999999
0.0184518
-0.2050962
0.223548
0.0483359
1.0

0.0583361
0.0149605
-0.20082160000000002
0.2157821
0.0433756
1.0
