
0.177502
0.0298603
-0.6756473000000001
0.7055076
0.14764170000000001
1.0

0.0855037
0.020693
-1.0357771
1.0564701
0.0648107
1.0

0.18759820000000002
0.09994610000000001
-0.39086940000000003
0.4908155
0.08765210000000001
1.0

0.1772476
0.0502342
-0.37510140000000003
0.4253356
0.1270134
1.0

0.11318360000000001
0.0556886
-0.2243646
0.2800532
0.057495
1.0

0.37308020000000003
0.3229654
-0.2325234
0.5554888
0.0501148
1.0

0.0644113
0.0163379
-0.2232841
0.239622
0.0480734
1.0

0.0576135
0.0147364
-0.2044933
0.2192297
0.0428771
1.0

0.1182034
0.0656359
-0.22078620000000002
0.28642209999999996
0.0525675
1.0

0.0610686
0.015337700000000001
-0.2024135
0.2177512
0.045730900000000005
1.0
