
0.14488310000000001
0.0284809
-0.6526006
0.6810815
0.1164022
1.0

0.0991726
0.0410094
-0.8909981
0.9320075
0.0581632
1.0

0.13558
0.0732332
-0.3662775
0.43951070000000003
0.0623468
1.0

0.11654060000000001
0.0525741
-0.44467429999999997
0.49724840000000003
0.0639665
1.0

0.0676331
0.0215606
-0.24673029999999999
0.2682909
0.0460725
1.0

0.0755372
0.0197841
-0.2681005
0.2878846
0.0557531
1.0

0.0653151
0.0163997
-0.22937639999999998
0.2457761
0.048915400000000005
1.0

0.0594053
0.0151634
-0.1948643
0.2100277
0.0442419
1.0

0.116346
0.0607156
-0.21334060000000002
0.2740562
0.0556304
1.0

0.0554587
0.0141601
-0.19336029999999998
0.2075204
0.0412986
1.0
