
0.148539
0.026553900000000002
-1.0755993000000001
1.1021532
0.1219851
1.0

0.076542
0.018835099999999997
-0.2901376
0.3089727
0.0577069
1.0

0.100101
0.0247935
-0.5145992
0.5393927
0.0753075
1.0

0.12612610000000002
0.045191800000000004
-0.3123948
0.3575866
0.0809343
1.0

0.1155521
0.0638606
-0.9955121
1.0593727
0.0516915
1.0

0.37990840000000003
0.32966
-0.245839
0.575499
0.0502484
1.0

0.0865934
0.0400758
-0.2203986
0.2604744
0.0465176
1.0

0.0553151
0.013527
-0.1942191
0.20774610000000002
0.0417881
1.0

0.062225699999999995
0.0138865
-0.2087341
0.2226206
0.0483392
1.0

0.0524792
0.012675200000000001
-0.1940725
0.2067477
0.039804
1.0
