
0.1900353
0.0355911
-0.730815
0.7664061
0.1544442
1.0

0.0871223
0.022030599999999997
-0.29802209999999996
0.3200527
0.0650917
1.0

0.09080339999999999
0.021480700000000002
-0.2990057
0.3204864
0.0693227
1.0

0.1837394
0.1071903
-0.2589458
0.36613609999999996
0.07654910000000001
1.0

0.1371002
0.073257
-0.253307
0.326564
0.0638432
1.0

0.3819623
0.3265537
-0.24491020000000002
0.5714639
0.055408599999999995
1.0

0.0757973
0.0201318
-0.2750621
0.2951939
0.0556655
1.0

0.0608012
0.0152382
-0.19901529999999998
0.2142535
0.045563
1.0

0.0645019
0.0163709
-0.2051047
0.2214756
0.048131
1.0

0.0688954
0.025422900000000002
-0.195161
0.2205839
0.0434725
1.0
