
0.1572595
0.0325215
-0.6343501
0.6668716
0.124738
1.0

0.09524769999999999
0.0236656
-0.3402806
0.3639462
0.07158210000000001
1.0

0.1052342
0.0285191
-0.288508
0.31702709999999995
0.07671510000000001
1.0

0.10348660000000001
0.0228698
-0.2516436
0.2745134
0.0806168
1.0

0.0867205
0.0252402
-0.240097
0.2653372
0.0614803
1.0

0.0935648
0.022082099999999997
-0.3430758
0.36515790000000004
0.0714827
1.0

0.0732649
0.017709700000000002
-0.22463339999999998
0.2423431
0.0555552
1.0

0.0614019
0.0151933
-0.2101926
0.2253859
0.046208599999999996
1.0

0.09639160000000001
0.0218661
-0.21730739999999998
0.2391735
0.0745255
1.0

0.06708710000000001
0.015599100000000001
-0.2041159
0.219715
0.051488
1.0
