
0.2577091
0.0553043
-0.8706945
0.9259988
0.2024048
1.0

0.076705
0.0189505
-0.2772285
0.296179
0.0577545
1.0

0.1440054
0.0733616
-0.3675265
0.44088809999999995
0.0706438
1.0

0.13579439999999998
0.0672982
-0.2873852
0.35468340000000004
0.0684962
1.0

0.0964683
0.0204702
-0.9214934
0.9419636
0.0759981
1.0

0.365679
0.3162087
-0.231944
0.5481526999999999
0.0494703
1.0

0.0636466
0.0162699
-0.2097115
0.2259814
0.047376699999999994
1.0

0.0588285
0.015916200000000002
-0.2005373
0.2164535
0.0429123
1.0

0.0633306
0.0151375
-0.2160913
0.23122879999999998
0.048193099999999996
1.0

0.0552919
0.0136682
-0.19161889999999998
0.2052871
0.0416237
1.0
