
0.28071009999999996
0.1172817
-1.0075609
1.1248426
0.1634284
1.0

0.16047820000000002
0.06217
-0.4404281
0.5025980999999999
0.0983082
1.0

0.1525963
0.0331596
-0.343189
0.3763486
0.11943669999999999
1.0

0.1222365
0.0308099
-0.28879509999999997
0.319605
0.09142660000000001
1.0

0.2241517
0.1438854
-0.2635967
0.40748209999999996
0.0802663
1.0

0.3473872
0.2689106
-0.2688837
0.5377943000000001
0.07847660000000001
1.0

0.1012015
0.024811299999999998
-0.26966490000000004
0.2944762
0.07639019999999999
1.0

0.10818589999999999
0.021953
-0.232081
0.254034
0.08623289999999999
1.0

0.1019376
0.023858400000000002
-0.2569935
0.28085190000000004
0.0780792
1.0

0.109976
0.0189071
-0.2182163
0.23712339999999998
0.0910689
1.0
