
0.1645026
0.027858900000000002
-0.6739189
0.7017778
0.1366437
1.0

0.0716905
0.0194282
-0.2865187
0.3059469
0.052262300000000005
1.0

0.1387675
0.0649869
-0.40355420000000003
0.4685411
0.0737806
1.0

0.10252939999999999
0.031964
-0.3168623
0.3488263
0.0705654
1.0

0.0903725
0.0300015
-0.2310797
0.2610812
0.060371
1.0

0.06786110000000001
0.0164485
-0.23627079999999998
0.2527193
0.051412599999999996
1.0

0.0637093
0.0156888
-0.222435
0.2381238
0.0480205
1.0

0.0603355
0.0154299
-0.9010454
0.9164753
0.0449056
1.0

0.1222575
0.06598230000000001
-0.23849879999999998
0.30448109999999995
0.0562752
1.0

0.0579126
0.014908600000000001
-0.2064485
0.2213571
0.043004
1.0
