
0.19864510000000002
0.0355906
-0.8453559
0.8809465
0.1630545
1.0

0.11787360000000001
0.0294535
-0.30741090000000004
0.3368644
0.0884201
1.0

0.1484604
0.0552623
-0.4212865
0.4765488
0.0931981
1.0

0.1903951
0.0988593
-0.35138959999999997
0.4502489
0.0915358
1.0

0.11415460000000001
0.037632900000000004
-0.24509229999999999
0.2827252
0.0765217
1.0

0.097103
0.0240398
-0.2567237
0.2807635
0.0730632
1.0

0.10224380000000001
0.0234164
-0.2527356
0.276152
0.07882739999999999
1.0

0.0917952
0.0220229
-0.2530747
0.2750976
0.06977230000000001
1.0

0.1416927
0.0618954
-0.239116
0.30101140000000004
0.0797973
1.0

0.08980780000000001
0.019829700000000002
-0.2325754
0.2524051
0.0699781
1.0
