
0.2135646
0.047692
-0.6794409
0.7271329
0.1658726
1.0

0.1820513
0.08110139999999999
-0.3818106
0.462912
0.1009499
1.0

0.1547115
0.0443507
-0.3515237
0.3958744
0.11036080000000001
1.0

0.1088158
0.0271039
-0.282406
0.3095099
0.08171189999999999
1.0

0.12317539999999999
0.0610083
-0.23562070000000002
0.296629
0.062167099999999996
1.0

0.09605960000000001
0.0301827
-0.9221103
0.952293
0.06587689999999999
1.0

0.0780863
0.018369200000000002
-0.224641
0.2430102
0.059717099999999995
1.0

0.0737762
0.018213299999999998
-0.22523110000000002
0.2434444
0.0555629
1.0

0.1514026
0.0220046
-0.2376698
0.25967439999999997
0.129398
1.0

0.0707449
0.0168949
-0.20670470000000002
0.2235996
0.05385
1.0
