
0.17906039999999998
0.030084700000000002
-1.0347260999999999
1.0648108
0.14897570000000002
1.0

0.1394443
0.0214741
-0.29358470000000003
0.31505879999999997
0.1179702
1.0

0.1163248
0.029161299999999998
-0.3827937
0.411955
0.0871635
1.0

0.1619625
0.074965
-0.3553765
0.4303415
0.0869975
1.0

0.1377284
0.0757682
-0.2534308
0.329199
0.0619602
1.0

0.3956706
0.3391508
-0.2660511
0.6052019000000001
0.0565198
1.0

0.0964034
0.0432711
-0.2276425
0.2709136
0.0531323
1.0

0.0660669
0.0160365
-0.2138276
0.22986410000000002
0.0500304
1.0

0.1207659
0.06708410000000001
-0.22063539999999998
0.2877195
0.0536818
1.0

0.0680543
0.0170569
-0.2245449
0.24160179999999998
0.0509974
1.0
