
0.1694266
0.033105300000000004
-1.3783861000000002
1.4114913999999998
0.13632129999999998
1.0

0.14562260000000002
0.0478844
-0.4835067
0.5313911
0.0977382
1.0

0.14024989999999998
0.0589897
-0.3751762
0.43416590000000005
0.08126019999999999
1.0

0.17481770000000002
0.0389252
-0.2988707
0.33779590000000004
0.1358925
1.0

0.1279152
0.0671069
-0.2260281
0.293135
0.0608083
1.0

0.3495796
0.2803627
-0.2629041
0.5432668
0.0692169
1.0

0.0824643
0.0195703
-0.26265
0.2822203
0.062894
1.0

0.0696326
0.0165668
-0.2112425
0.2278093
0.0530658
1.0

0.07668789999999999
0.0172824
-0.2256815
0.24296389999999998
0.0594055
1.0

0.06463680000000001
0.0145015
-0.200582
0.2150835
0.0501353
1.0
