
0.1546328
0.0282634
-1.0023076
1.030571
0.1263694
1.0

0.085654
0.0213538
-0.3268142
0.348168
0.0643002
1.0

0.241348
0.14369179999999998
-0.4132088
0.5569006
0.0976562
1.0

0.1355835
0.056522
-0.31107429999999997
0.3675963
0.0790615
1.0

0.1008665
0.038434199999999995
-0.24079720000000002
0.2792314
0.0624323
1.0

0.3678593
0.31622279999999997
-0.23945270000000002
0.5556755
0.0516365
1.0

0.067175
0.0162232
-0.23096429999999998
0.2471875
0.050951800000000005
1.0

0.0623646
0.0175455
-0.2140564
0.2316019
0.0448191
1.0

0.1154544
0.0645865
-0.2217097
0.2862962
0.0508679
1.0

0.054675699999999994
0.0135971
-0.19665760000000002
0.21025470000000002
0.0410786
1.0
