
0.1973613
0.0580126
-1.279768
1.3377806
0.13934870000000002
1.0

0.1962366
0.09876080000000001
-0.4273369
0.5260977
0.0974758
1.0

0.2543823
0.0652359
-0.379656
0.4448919
0.1891464
1.0

0.1489373
0.0673575
-0.27593290000000004
0.3432904
0.08157980000000001
1.0

0.1361331
0.0554345
-0.3018979
0.35733240000000005
0.08069860000000001
1.0

0.4190963
0.3391498
-0.2656817
0.6048315
0.0799465
1.0

0.08679730000000001
0.0198035
-0.2600536
0.27985709999999997
0.0669938
1.0

0.08297510000000001
0.0197593
-0.22235939999999998
0.24211870000000002
0.0632158
1.0

0.16562860000000001
0.0937962
-0.8766125
0.9704086999999999
0.07183239999999999
1.0

0.0775719
0.0190356
-0.21088120000000002
0.22991679999999998
0.0585363
1.0
