
0.1733616
0.0344412
-0.714847
0.7492882
0.1389204
1.0

0.9851745
0.0290688
-0.4715776
0.5006464
0.9561057
1.0

0.11242719999999999
0.0309764
-0.33506179999999997
0.36603820000000004
0.0814508
1.0

0.10714169999999999
0.026544099999999998
-0.3263335
0.35287759999999996
0.0805976
1.0

0.0843386
0.0248817
-0.24492670000000002
0.2698084
0.0594569
1.0

0.38766670000000003
0.3206488
-0.2579415
0.5785903
0.06701789999999999
1.0

0.09195089999999999
0.0203301
-0.2212613
0.24159139999999998
0.0716208
1.0

0.0746554
0.017183900000000002
-0.21879289999999998
0.2359768
0.0574715
1.0

0.1180422
0.06485969999999999
-0.2203213
0.285181
0.0531825
1.0

0.0627029
0.015895799999999998
-0.8422476
0.8581434
0.0468071
1.0
