
0.1939621
0.037795699999999995
-0.7334098
0.7712055
0.15616639999999998
1.0

0.1357912
0.035676900000000004
-1.3243588
1.3600356999999998
0.1001143
1.0

0.1877087
0.0541926
-0.4805874
0.53478
0.1335161
1.0

0.16503389999999998
0.0724666
-0.326224
0.39869059999999995
0.0925673
1.0

0.1196697
0.0345585
-0.29781040000000003
0.3323689
0.0851112
1.0

0.1110472
0.0259898
-0.2746423
0.30063209999999996
0.08505739999999999
1.0

0.1035567
0.0261868
-0.2506713
0.2768581
0.07736989999999999
1.0

0.0918741
0.021727
-0.2384476
0.2601746
0.0701471
1.0

0.15096289999999998
0.074775
-0.2473461
0.3221211
0.07618789999999999
1.0

0.0877577
0.0203459
-0.2328307
0.25317660000000003
0.06741180000000001
1.0
