
0.1683965
0.0310415
-0.7827641
0.8138056
0.137355
1.0

0.13160929999999998
0.0302709
-0.4322
0.4624709
0.1013384
1.0

0.21923020000000001
0.12045389999999999
-0.4350515
0.5555054
0.0987763
1.0

0.123293
0.0314155
-0.34936890000000004
0.3807844
0.0918775
1.0

0.0896995
0.0282874
-0.2598461
0.2881335
0.0614121
1.0

0.42364359999999995
0.32165740000000004
-0.259353
0.5810104
0.1019862
1.0

0.0805067
0.0186771
-0.2264756
0.2451527
0.0618296
1.0

0.0652382
0.0164285
-0.2160045
0.232433
0.0488097
1.0

0.0693266
0.017913400000000003
-0.2373563
0.2552697
0.0514132
1.0

0.0596553
0.0142947
-0.2013768
0.2156715
0.0453606
1.0
