
0.1829826
0.0359815
-0.7541331
0.7901146
0.1470011
1.0

0.18239139999999998
0.0730653
-1.0378293
1.1108946000000002
0.10932610000000001
1.0

0.2002726
0.09501889999999999
-0.4858532
0.5808721
0.10525369999999999
1.0

0.2351631
0.1525696
-0.3438024
0.496372
0.0825935
1.0

0.1619587
0.0762563
-0.3248046
0.4010609
0.0857024
1.0

0.15699970000000002
0.0459852
-0.2680706
0.3140558
0.1110145
1.0

0.0949923
0.0249844
-0.24808
0.27306440000000004
0.0700079
1.0

0.0857581
0.020294
-0.2410214
0.2613154
0.0654641
1.0

0.18206329999999998
0.0954218
-0.2646579
0.3600797
0.0866415
1.0

0.07138069999999999
0.016660099999999997
-0.2134264
0.2300865
0.0547206
1.0
