
0.1505544
0.031667799999999996
-1.462252
1.4939198
0.11888660000000001
1.0

0.132937
0.06961389999999999
-0.3863818
0.4559957
0.0633231
1.0

0.188398
0.0999322
-0.4098075
0.5097397
0.0884658
1.0

0.10987569999999999
0.0277709
-0.2900147
0.3177856
0.0821048
1.0

0.16406320000000002
0.0893447
-0.2689465
0.35829120000000003
0.0747185
1.0

0.3400573
0.270159
-0.2430331
0.5131920999999999
0.0698983
1.0

0.06671360000000001
0.0158399
-0.21947429999999998
0.2353142
0.050873699999999994
1.0

0.0608735
0.0158392
-0.8090299
0.8248691
0.045034300000000006
1.0

0.11273319999999999
0.0634618
-0.24569
0.3091518
0.0492714
1.0

0.0849661
0.0200072
-0.2268069
0.2468141
0.0649589
1.0
