
0.1614773
0.030932599999999998
-0.6648938000000001
0.6958264000000001
0.13054469999999999
1.0

0.1499983
0.0627652
-1.1899198
1.252685
0.08723310000000001
1.0

0.1850427
0.0891192
-0.450114
0.5392332
0.0959235
1.0

0.1143529
0.0333304
-0.3261194
0.3594498
0.0810225
1.0

0.1037393
0.028030799999999998
-0.2551739
0.28320470000000003
0.0757085
1.0

0.44053190000000003
0.372354
-0.270236
0.64259
0.0681779
1.0

0.09176110000000001
0.0208162
-0.26474759999999997
0.2855638
0.07094489999999999
1.0

0.0707348
0.017640700000000002
-0.2135014
0.23114210000000002
0.0530941
1.0

0.1490159
0.0701338
-0.2910652
0.361199
0.07888210000000001
1.0

0.0960725
0.0231286
-0.292664
0.3157926
0.07294389999999999
1.0
