
0.15099579999999999
0.0274505
-0.6583222
0.6857726999999999
0.1235453
1.0

0.0912185
0.023654099999999997
-1.1720918999999999
1.195746
0.0675644
1.0

0.11666560000000001
0.0380864
-0.40953429999999996
0.44762070000000004
0.0785792
1.0

0.11952289999999999
0.040200599999999996
-0.31483409999999995
0.35503470000000004
0.0793223
1.0

0.0731238
0.0221035
-0.23878470000000002
0.2608882
0.051020300000000005
1.0

0.31028279999999997
0.2563065
-0.2432187
0.4995252
0.053976300000000005
1.0

0.1484006
0.0916709
-0.2389931
0.330664
0.056729699999999994
1.0

0.0619242
0.0158536
-0.2160373
0.23189089999999998
0.046070599999999996
1.0

0.1282342
0.07711319999999999
-0.2225222
0.2996354
0.051121
1.0

0.0635521
0.0165037
-0.40746059999999995
0.42396429999999996
0.047048400000000004
1.0
