
0.1552562
0.0322173
-0.7028148000000001
0.7350321
0.12303889999999999
1.0

0.10055069999999999
0.0325867
-0.48551679999999997
0.5181035
0.067964
1.0

0.1635759
0.058995599999999995
-0.3953824
0.454378
0.1045803
1.0

0.1891899
0.0251907
-0.2801295
0.3053202
0.1639992
1.0

0.0810416
0.023028200000000002
-0.2617468
0.284775
0.0580134
1.0

0.1236979
0.0703438
-0.2385283
0.3088721
0.0533541
1.0

0.0706769
0.0179543
-0.2321166
0.2500709
0.0527226
1.0

0.056044699999999996
0.0144591
-0.2011224
0.2155815
0.0415856
1.0

0.0872284
0.0396441
-0.2096324
0.2492765
0.0475843
1.0

0.0530649
0.0128951
-0.20824789999999999
0.221143
0.040169800000000006
1.0
