
0.1583255
0.0312405
-0.8791475
0.910388
0.127085
1.0

0.10028989999999999
0.034929
-0.3967352
0.4316642
0.0653609
1.0

0.085924
0.0229409
-0.424494
0.4474349
0.0629831
1.0

0.107477
0.0345522
-0.3376174
0.3721696
0.0729248
1.0

0.0890629
0.0401356
-0.2471071
0.2872427
0.0489273
1.0

0.0706085
0.018450400000000002
-0.25083720000000004
0.26928759999999996
0.0521581
1.0

0.0675666
0.016803099999999998
-0.22312220000000002
0.23992529999999998
0.0507635
1.0

0.0568496
0.0142831
-0.2005647
0.21484779999999998
0.0425665
1.0

0.104062
0.0588884
-0.2089184
0.2678068
0.0451736
1.0

0.0818262
0.0407566
-0.2007625
0.24151910000000001
0.0410696
1.0
