
0.1952546
0.037300099999999996
-0.7614819
0.798782
0.1579545
1.0

0.120864
0.0332882
-0.48546870000000003
0.5187569000000001
0.08757580000000001
1.0

0.12062980000000001
0.0318777
-0.4367781
0.4686558
0.0887521
1.0

0.1278444
0.0367735
-0.34715640000000003
0.38392990000000005
0.0910709
1.0

0.0974712
0.0276001
-0.2772677
0.30486779999999997
0.0698711
1.0

0.1062468
0.028400099999999998
-0.276641
0.30504109999999995
0.07784669999999999
1.0

0.08948489999999999
0.0207948
-0.2515229
0.2723177
0.0686901
1.0

0.1211111
0.053866800000000006
-0.2339378
0.28780459999999997
0.0672443
1.0

0.09994339999999999
0.0226992
-0.2419406
0.2646398
0.0772442
1.0

0.08387739999999999
0.020983
-0.8382985
0.8592815
0.0628944
1.0
