
0.1757889
0.039987800000000004
-0.9676294
1.0076171999999999
0.1358011
1.0

0.08423760000000001
0.02239
-0.4594486
0.48183859999999995
0.061847599999999996
1.0

0.0851334
0.0224656
-1.0430796
1.0655451999999999
0.06266780000000001
1.0

0.0891725
0.0274346
-0.3109208
0.33835540000000003
0.0617379
1.0

0.1278858
0.030424700000000002
-0.24573170000000003
0.2761564
0.09746110000000001
1.0

0.0877083
0.0362248
-0.2470595
0.2832843
0.0514835
1.0

0.0638392
0.0163993
-0.2236325
0.2400318
0.0474399
1.0

0.0635159
0.0156333
-0.213356
0.22898929999999998
0.0478826
1.0

0.07900839999999999
0.018168
-0.2109684
0.2291364
0.0608404
1.0

0.0608637
0.0155818
-0.2116511
0.2272329
0.0452819
1.0
