
0.21078460000000002
0.0554178
-0.7689071999999999
0.824325
0.1553668
1.0

0.1175087
0.0286511
-0.46037870000000003
0.4890298
0.08885760000000001
1.0

0.1491071
0.0351358
-1.0390973000000001
1.0742331
0.1139713
1.0

0.2453276
0.1499415
-0.3142397
0.4641812
0.0953861
1.0

0.14010060000000002
0.069074
-0.2534
0.322474
0.07102660000000001
1.0

0.1280842
0.0447771
-0.2893355
0.3341126
0.08330710000000001
1.0

0.0869332
0.0208189
-0.2424916
0.2633105
0.0661143
1.0

0.088259
0.0217817
-0.23628929999999998
0.258071
0.0664773
1.0

0.0838773
0.020607
-0.2357685
0.2563755
0.0632703
1.0

0.0827906
0.0193478
-0.230655
0.25000279999999997
0.06344280000000001
1.0
