
0.15301489999999998
0.029828900000000002
-0.6918740999999999
0.721703
0.123186
1.0

0.08829260000000001
0.02416
-0.4086695
0.4328295
0.0641326
1.0

0.1004507
0.024910900000000003
-0.4112088
0.4361197
0.0755398
1.0

0.1821201
0.1074972
-0.3175179
0.4250151
0.07462289999999999
1.0

0.1026451
0.0396365
-0.2469518
0.28658829999999996
0.0630086
1.0

0.0713284
0.018472799999999998
-0.24400129999999998
0.2624741
0.052855599999999996
1.0

0.07108980000000001
0.016896900000000003
-0.2268144
0.2437113
0.0541929
1.0

0.0586833
0.0146579
-0.2052558
0.21991370000000002
0.0440254
1.0

0.067791
0.016645
-0.2187893
0.23543429999999999
0.051146
1.0

0.0554792
0.0142764
-0.2046292
0.2189056
0.041202800000000005
1.0
