
0.16352260000000002
0.0317506
-0.6506269
0.6823775
0.131772
1.0

0.09163510000000001
0.0324678
-0.4189563
0.4514241
0.059167300000000006
1.0

0.14141789999999999
0.056259
-0.475698
0.531957
0.0851589
1.0

0.15824929999999998
0.08546569999999999
-0.3258974
0.4113631
0.0727836
1.0

0.1381717
0.0849416
-0.241805
0.3267466
0.053230099999999995
1.0

0.3230226
0.2724541
-0.2396099
0.512064
0.0505685
1.0

0.067593
0.0175318
-0.2319885
0.2495203
0.0500612
1.0

0.059624699999999996
0.015516299999999998
-0.2079882
0.2235045
0.0441084
1.0

0.1215424
0.07605239999999999
-0.3083801
0.3844325
0.04549
1.0

0.062492599999999995
0.020103
-0.2193075
0.2394105
0.0423896
1.0
