
0.1672205
0.0297818
-0.6929896999999999
0.7227715
0.13743870000000002
1.0

0.1035854
0.029996
-0.4262505
0.4562465
0.0735894
1.0

0.20418429999999999
0.1218323
-0.4503345
0.5721668000000001
0.082352
1.0

0.1381767
0.059296800000000004
-0.3386991
0.3979959
0.07887989999999999
1.0

0.0873457
0.025523900000000002
-0.2574511
0.282975
0.0618218
1.0

0.3224999
0.2649515
-0.2534978
0.5184493
0.0575484
1.0

0.08111339999999999
0.0188378
-0.223691
0.2425288
0.0622756
1.0

0.0762791
0.0192434
-0.2156495
0.2348929
0.057035699999999995
1.0

0.129597
0.0205641
-0.22217779999999998
0.24274189999999998
0.10903289999999999
1.0

0.0683539
0.017317799999999998
-0.20590170000000002
0.2232195
0.0510361
1.0
