
0.2626603
0.0301687
-0.766823
0.7969917
0.2324916
1.0

0.1104503
0.0276965
-0.4367076
0.4644041
0.0827538
1.0

0.108656
0.028576900000000002
-1.1813141
1.209891
0.0800791
1.0

0.125068
0.0310378
-0.33653520000000003
0.367573
0.0940302
1.0

0.1467145
0.0372566
-0.3645268
0.4017834
0.1094579
1.0

0.104822
0.0260282
-0.285502
0.31153020000000003
0.0787938
1.0

0.0903504
0.021677
-0.24893310000000002
0.27061009999999996
0.0686734
1.0

0.0820004
0.0197023
-0.2212678
0.2409701
0.062298099999999995
1.0

0.229608
0.025096900000000002
-0.232007
0.2571039
0.2045111
1.0

0.07756930000000001
0.017483099999999998
-0.223145
0.2406281
0.0600862
1.0
