
0.15487679999999998
0.029876200000000002
-0.7736280999999999
0.8035043000000001
0.12500060000000002
1.0

0.0935177
0.025461599999999997
-0.4167341
0.4421957
0.06805610000000001
1.0

0.1061441
0.0283598
-0.3858888
0.41424859999999997
0.0777843
1.0

0.1053771
0.0293632
-0.3186792
0.34804240000000003
0.0760139
1.0

0.1178839
0.0580581
-0.224606
0.2826641
0.059825800000000005
1.0

0.0713867
0.0214557
-0.253049
0.2745047
0.049931
1.0

0.0677454
0.0175875
-0.2416306
0.2592181
0.0501579
1.0

0.0627835
0.0181917
-0.21311370000000002
0.2313054
0.0445918
1.0

0.1367624
0.083454
-0.22535539999999998
0.3088094
0.0533084
1.0

0.0563409
0.014244399999999999
-0.194586
0.2088304
0.0420965
1.0
