
0.1701228
0.0330459
-0.8535092
0.8865550999999999
0.1370769
1.0

0.0887255
0.0255339
-0.4292437
0.4547776
0.0631916
1.0

0.08941589999999999
0.0273065
-0.3684544
0.3957609
0.0621094
1.0

0.0895667
0.0243666
-0.9605461
0.9849127
0.0652001
1.0

0.09399239999999999
0.0347188
-0.2467075
0.28142629999999996
0.059273599999999996
1.0

0.12841139999999998
0.07650019999999999
-0.2413755
0.31787570000000004
0.0519112
1.0

0.0750714
0.026459200000000002
-0.2181139
0.24457310000000002
0.048612199999999994
1.0

0.064756
0.017652599999999997
-0.2118421
0.22949470000000002
0.047103400000000004
1.0

0.1070193
0.0593908
-0.2170675
0.2764583
0.0476285
1.0

0.0613334
0.0151944
-0.2163091
0.2315035
0.046139
1.0
