
0.14929320000000001
0.0327662
-0.8643932
0.8971594
0.116527
1.0

0.0765816
0.0212157
-0.3396413
0.360857
0.0553659
1.0

0.1016838
0.0372531
-0.34850729999999996
0.3857604
0.0644307
1.0

0.1720595
0.10207039999999999
-1.0558368
1.1579072
0.06998910000000001
1.0

0.13255820000000001
0.026044900000000003
-0.2570506
0.2830955
0.1065133
1.0

0.0826226
0.0353544
-0.24106329999999998
0.2764177
0.047268199999999996
1.0

0.065415
0.016339799999999998
-0.2286694
0.2450092
0.0490752
1.0

0.056879
0.015174700000000001
-0.205091
0.2202657
0.0417043
1.0

0.0631962
0.0177246
-0.2087059
0.2264305
0.0454716
1.0

0.0578746
0.0155029
-0.201747
0.2172499
0.0423717
1.0
