
0.1743884
0.0375334
-0.7873606
0.824894
0.136855
1.0

0.1175874
0.0277279
-0.41168340000000003
0.4394113
0.0898595
1.0

0.16759179999999999
0.0843715
-0.4108091
0.49518059999999997
0.0832203
1.0

0.1163748
0.0322106
-0.3521825
0.3843931
0.0841642
1.0

0.09797489999999999
0.0340286
-0.9679226
1.0019512
0.0639463
1.0

0.2538126
0.18236170000000002
-0.27112640000000005
0.45348809999999995
0.0714509
1.0

0.0845804
0.019071900000000003
-0.24408639999999998
0.2631583
0.0655085
1.0

0.0719268
0.0163133
-0.21447429999999998
0.2307876
0.0556135
1.0

0.0834098
0.0216881
-0.2309715
0.2526596
0.0617217
1.0

0.0671967
0.0167246
-0.2237806
0.2405052
0.0504721
1.0
