
0.1809758
0.037057
-0.8672638
0.9043208
0.14391879999999999
1.0

0.181327
0.07891719999999999
-0.45906179999999996
0.537979
0.10240980000000001
1.0

0.1510725
0.0597325
-1.0659769
1.1257093999999999
0.09134
1.0

0.1209048
0.0296991
-0.3455698
0.3752689
0.0912057
1.0

0.1039135
0.02881
-0.2721592
0.3009692
0.0751035
1.0

0.1058359
0.0265602
-0.2812989
0.3078591
0.07927569999999999
1.0

0.09921210000000001
0.022412400000000002
-0.2599346
0.282347
0.0767997
1.0

0.1301102
0.0259814
-0.24659889999999998
0.2725803
0.10412880000000001
1.0

0.20147579999999998
0.1109725
-0.2688063
0.37977879999999997
0.09050330000000001
1.0

0.0948267
0.0221116
-0.2441025
0.26621409999999995
0.0727151
1.0
