
0.1733526
0.0307846
-0.8093829
0.8401675
0.142568
1.0

0.1468634
0.0840651
-0.4058637
0.4899288
0.0627983
1.0

0.1082868
0.0367921
-1.0780119
1.114804
0.0714947
1.0

0.0911063
0.0240905
-0.2865207
0.31061120000000003
0.0670158
1.0

0.1306106
0.06156
-0.27387629999999996
0.33543629999999997
0.0690506
1.0

0.3799623
0.32587459999999996
-0.283586
0.6094606
0.054087699999999996
1.0

0.10161730000000001
0.0173782
-0.27271829999999997
0.2900965
0.08423910000000001
1.0

0.0567919
0.015733399999999998
-0.20399070000000002
0.2197241
0.0410585
1.0

0.10715569999999999
0.061983
-0.2140676
0.2760506
0.045172699999999996
1.0

0.07225519999999999
0.0170007
-0.7938138
0.8108145
0.0552545
1.0
