
0.1727784
0.0302026
-1.2668285
1.2970311
0.14257579999999997
1.0

0.08352319999999999
0.0223773
-0.4073843
0.42976159999999997
0.0611459
1.0

0.0876978
0.0224992
-0.3993107
0.4218099
0.0651986
1.0

0.1680836
0.0874341
-0.3323399
0.419774
0.0806495
1.0

0.06935010000000001
0.0211886
-0.2292391
0.25042770000000003
0.0481615
1.0

0.0670386
0.0178729
-0.23856929999999998
0.2564422
0.0491657
1.0

0.06787839999999999
0.016145299999999998
-0.2203089
0.2364542
0.0517331
1.0

0.0591643
0.0148611
-0.2125455
0.22740660000000001
0.044303199999999994
1.0

0.068173
0.0171645
-0.2085717
0.2257362
0.0510085
1.0

0.0527841
0.0136443
-0.19724629999999999
0.2108906
0.0391398
1.0
