
0.2549299
0.0436133
-0.8645033000000001
0.9081165999999999
0.2113166
1.0

0.1556319
0.035235
-0.4974912
0.5327261999999999
0.12039689999999999
1.0

0.1248667
0.0304213
-1.1756913999999998
1.2061127
0.0944454
1.0

0.1659997
0.0685397
-0.3399431
0.4084828
0.09746
1.0

0.1323717
0.035024900000000005
-0.3278455
0.36287040000000004
0.0973468
1.0

0.10653
0.0271987
-0.3008385
0.32803720000000003
0.07933130000000001
1.0

0.1047409
0.023921599999999998
-0.2615467
0.2854683
0.0808193
1.0

0.09969610000000001
0.0243338
-0.2493851
0.27371890000000004
0.07536230000000001
1.0

0.19881079999999998
0.0792378
-0.2621169
0.3413547
0.119573
1.0

0.1002392
0.021066099999999997
-0.2396546
0.2607207
0.07917310000000001
1.0
