
0.1429911
0.03051
-0.7937470999999999
0.8242571
0.1124811
1.0

0.0801042
0.0236605
-0.4052214
0.42888190000000004
0.0564437
1.0

0.0728541
0.0194985
-0.3639815
0.38348
0.053355599999999996
1.0

0.1013671
0.0232946
-0.2772461
0.3005407
0.0780725
1.0

0.1448014
0.0813144
-0.30680029999999997
0.38811470000000003
0.063487
1.0

0.0690992
0.0189842
-0.2385385
0.2575227
0.050115
1.0

0.066043
0.0167456
-0.231749
0.2484946
0.0492974
1.0

0.054951400000000004
0.0138139
-0.19978379999999998
0.2135977
0.0411375
1.0

0.06476559999999999
0.017866299999999998
-0.2018283
0.21969460000000002
0.046899300000000005
1.0

0.0549669
0.0137085
-0.7830062
0.7967147
0.0412584
1.0
