
0.1472335
0.0300814
-0.8240849
0.8541663
0.11715210000000001
1.0

0.09173360000000001
0.021458900000000003
-0.3781089
0.3995678
0.0702747
1.0

0.0962132
0.0271317
-0.3951596
0.4222913
0.0690815
1.0

0.126128
0.061779
-0.280926
0.342705
0.064349
1.0

0.07246419999999999
0.021572099999999997
-0.2241801
0.2457522
0.050892099999999996
1.0

0.07044139999999999
0.0184866
-0.2665268
0.28501340000000003
0.0519548
1.0

0.0685717
0.016699099999999998
-0.2357963
0.2524954
0.0518726
1.0

0.0609091
0.0164305
-0.210818
0.2272485
0.0444786
1.0

0.10504010000000001
0.0591475
-0.2118201
0.2709676
0.0458926
1.0

0.0547848
0.0148486
-0.19314620000000002
0.20799479999999998
0.0399362
1.0
