
0.1815321
0.0342337
-0.8254372
0.8596709
0.1472984
1.0

0.1133854
0.0304332
-0.4492607
0.4796939
0.0829522
1.0

0.1101771
0.028008599999999998
-0.39547140000000003
0.42348
0.0821685
1.0

0.16310470000000002
0.07329110000000001
-0.38832340000000004
0.4616145
0.08981360000000001
1.0

0.13408810000000002
0.0385068
-0.31600009999999995
0.3545069
0.09558130000000001
1.0

0.12264130000000001
0.0310532
-0.3198305
0.3508837
0.0915881
1.0

0.0992871
0.0223087
-0.2746037
0.2969124
0.07697839999999999
1.0

0.09180060000000001
0.0204129
-0.24349720000000002
0.2639101
0.0713877
1.0

0.1933615
0.12020639999999999
-0.241764
0.3619704
0.0731551
1.0

0.0899619
0.0199481
-0.23560170000000002
0.2555498
0.0700138
1.0
