
4.198806449
4.209460453
0.0
0.132620244
0.238638904
0.350564121
3.620257428
4.882926829268293

3.219592173
3.2874551349999996
0.0
0.061312515
0.16825136999999998
0.305686993
2.813516772
4.882926829268293

2.649502869
2.627663834
0.0
0.0626192
0.080918966
0.180079022
2.366665846
4.761904761904762

2.831384997
2.799214382
0.0
0.072303402
0.067056213
0.143066273
2.5890918960000002
4.902439024390244

2.762967855
2.7133511329999997
0.0
0.087660188
0.06811727499999999
0.131288929
2.513944929
4.989949748743719

2.710248221
2.7021833390000003
0.0
0.047188516
0.060836649
0.184750396
2.456596294
4.88780487804878

2.633560034
2.625186726
0.0
0.039219898999999996
0.049578908000000005
0.24263206299999998
2.332975755
4.931034482758621

2.502456574
2.494149827
0.0
0.041074583
0.049170789
0.109535878
2.33544316
4.8173076923076925

2.501199379
2.429040957
0.0
0.10938163000000001
0.059368296
0.117407666
2.252264995
4.734597156398104

2.531170321
2.51437734
0.0
0.052789675
0.062914727
0.109902235
2.341560378
4.446428571428571
