
4.2517869809999995
4.274579383000001
0.0
0.120638491
0.28656534899999997
0.402234123
3.585779911
4.859223300970874

3.369389909
3.367782979
0.0
0.07570407700000001
0.11721184
0.307226923
2.943344216
4.882926829268293

2.778865106
2.7119979279999997
0.0
0.110680602
0.095217041
0.103701839
2.513079048
4.8076923076923075

2.7807580099999996
2.7420998790000004
0.0
0.079680865
0.09759583299999999
0.094694687
2.549809359
4.878640776699029

2.814415835
2.744731923
0.0
0.103060863
0.065204553
0.131903188
2.547624182
4.989949748743719

2.6742279530000004
2.65627981
0.0
0.049678881
0.053838373
0.196499618
2.405941819
4.88780487804878

2.662601949
2.6527596140000003
0.0
0.044485073
0.057749943
0.26727377399999996
2.3277358969999997
4.931034482758621

2.4844460159999997
2.477384267
0.0
0.042500752
0.074651993
0.098524352
2.304207922
4.8173076923076925

2.449835425
2.436228325
0.0
0.043209764000000005
0.052638847999999995
0.149274356
2.234315121
4.734597156398104

2.4519358319999998
2.428768257
0.0
0.05568473
0.070713394
0.114576834
2.2434780290000003
4.466367713004484
