
16.363546333333336
11.093110866666667
5.1328758
5.960235066666667
5.270435466666667
1.6666666666666667

7.095330866666666
6.9706559666666665
3.173166566666667
3.7974894
0.12467489999999999
2.0

9.3321155
9.219783133333333
2.7996855333333333
6.4200976
0.11233236666666667
2.8

13.4648941
13.388454433333333
5.284517666666667
8.103936766666667
0.07643966666666667
2.4615384615384617

11.022372933333333
10.9073531
3.6555353
7.2518177999999995
0.11501983333333334
2.727272727272727

9.0169722
8.190450566666666
2.1659462666666665
6.0245043
0.8265216333333333
2.5454545454545454

7.474403
6.3630517
2.5409658
3.8220859
1.1113513000000002
2.5833333333333335

9.756557033333333
9.351503033333334
4.0303645333333336
5.3211385
0.405054
2.0

11.638225766666668
11.4731899
4.073468266666667
7.399721633333334
0.16503586666666667
2.3846153846153846

9.6178053
9.286333633333333
3.4625553
5.823778333333333
0.33147166666666666
1.8666666666666667
