
0.5816523333333333
0.35374586666666663
-0.7540435666666666
1.1077894333333334
0.22790646666666667
1.4285714285714286

0.09965726666666666
0.032888933333333335
-0.24847443333333333
0.2813633666666666
0.06676833333333333
2.0

0.192241
0.08072506666666666
-0.2622760333333333
0.3430011
0.11151593333333333
2.8

0.2699641
0.19894973333333335
-0.27676236666666665
0.47571209999999997
0.07101436666666666
2.4615384615384617

0.3009845
0.1855124
-0.2424859
0.4279983
0.11547210000000001
2.727272727272727

0.13578716666666665
0.024181433333333335
-0.1613163
0.18549773333333333
0.11160573333333333
2.3333333333333335

0.08574506666666666
0.0248701
-0.22411046666666667
0.24898056666666668
0.06087496666666667
2.5833333333333335

0.12153333333333333
0.030637566666666664
-0.1642421
0.19487966666666665
0.09089576666666667
2.0

0.3731176666666667
0.0241217
-0.17792463333333333
0.20204633333333336
0.34899596666666666
2.3846153846153846

0.1003482
0.020645433333333334
-0.15745323333333333
0.17809866666666666
0.07970276666666666
1.8666666666666667
