
0.28918836666666664
0.109473
-0.9210194666666667
1.0304924666666666
0.17971536666666668
1.4285714285714286

0.5827571333333333
0.5004632333333333
-0.22761323333333333
0.7280764666666667
0.08229389999999999
2.0

0.3573519666666667
0.04408926666666667
-0.22359943333333332
0.2676887
0.3132627
2.8

0.1283608
0.0401056
-0.2719644666666667
0.31207006666666665
0.08825519999999999
2.4615384615384617

0.1718959333333333
0.04029973333333333
-0.23965736666666668
0.27995709999999996
0.13159620000000002
2.727272727272727

0.13607029999999998
0.0265812
-0.214014
0.2405952
0.1094891
2.3333333333333335

0.12488919999999999
0.06674833333333333
-0.20079863333333334
0.26754696666666666
0.058140866666666666
2.5833333333333335

0.1653439
0.0210728
-0.1532508
0.1743236
0.1442711
2.0

0.09022546666666666
0.0230517
-0.17690303333333332
0.19995473333333333
0.06717376666666666
2.3846153846153846

0.0948222
0.020191833333333332
-0.1458409333333333
0.16603276666666666
0.07463036666666667
1.8666666666666667
