
0.40273990000000004
0.10652453333333334
-0.8893409
0.9958654333333333
0.29621536666666665
1.4285714285714286

0.10280523333333334
0.0338466
-0.26092683333333333
0.29477343333333333
0.06895863333333332
2.0

0.17188779999999998
0.03868973333333333
-0.2912820666666667
0.3299718
0.13319806666666667
2.8

0.23312773333333334
0.14431766666666665
-0.32109
0.46540766666666666
0.08881006666666666
2.4615384615384617

0.4175647333333333
0.2517718666666667
-0.27665696666666667
0.5284288333333333
0.16579286666666668
2.727272727272727

0.20277966666666666
0.06914516666666667
-0.24910016666666665
0.3182453333333333
0.1336345
2.3333333333333335

0.09739663333333333
0.030067933333333335
-0.2536199666666667
0.28368790000000005
0.06732869999999999
2.5833333333333335

0.10341926666666666
0.0313423
-0.17772936666666667
0.20907166666666666
0.07207696666666666
2.0

0.10841139999999999
0.031679933333333334
-0.21266976666666668
0.2443497
0.07673146666666666
2.3846153846153846

0.11128306666666667
0.023699633333333334
-0.17040803333333332
0.19410766666666665
0.08758343333333334
1.8666666666666667
