
0.2056296
0.039837333333333336
-0.6786995333333333
0.7185368666666667
0.16579226666666666
1.4285714285714286

0.1339264
0.055117033333333336
-0.3002066
0.35532363333333333
0.07880936666666667
2.0

0.2322007
0.1143301
-0.27374753333333335
0.38807763333333334
0.1178706
2.8

0.34421223333333334
0.2708375333333333
-0.2874107
0.5582482333333333
0.0733747
2.4615384615384617

0.2729355
0.16895796666666668
-0.2208416
0.38979956666666665
0.10397753333333334
2.727272727272727

0.13164633333333334
0.022655666666666668
-0.16936589999999999
0.19202156666666667
0.10899066666666667
2.3333333333333335

0.17193139999999998
0.025749766666666667
-0.18184436666666667
0.20759413333333332
0.14618163333333334
2.5833333333333335

0.08289663333333333
0.019551466666666666
-0.15198693333333332
0.1715384
0.06334516666666666
2.0

0.09831146666666667
0.030070233333333335
-0.187666
0.21773623333333333
0.06824123333333333
2.3846153846153846

0.10389836666666667
0.018904266666666666
-0.15210413333333334
0.1710084
0.0849941
1.8666666666666667
