
0.5199353333333333
0.4040163
-0.4287526
0.8327689
0.11591903333333334
1.4285714285714286

0.14944073333333333
0.06056813333333333
-0.7381405
0.7987086333333333
0.08887260000000001
2.0

0.33230896666666665
0.21390336666666668
-0.2839293666666666
0.49783273333333333
0.1184056
2.8

0.17283106666666667
0.09700776666666666
-0.2993175
0.3963252666666667
0.0758233
2.4615384615384617

0.13818876666666666
0.03334023333333333
-0.2145966
0.24793683333333336
0.10484853333333334
2.727272727272727

0.177057
0.021566433333333333
-0.20648533333333335
0.22805176666666666
0.1554905666666667
2.3333333333333335

0.07879536666666667
0.0220665
-0.19345883333333333
0.21552533333333335
0.05672886666666667
2.5833333333333335

0.1198872
0.019706566666666665
-0.15075770000000002
0.17046426666666667
0.10018063333333334
2.0

0.2844061
0.2147495
-0.18519756666666667
0.39994706666666663
0.0696566
2.3846153846153846

0.09513546666666665
0.0225102
-0.1387435
0.1612537
0.07262526666666666
1.8666666666666667
