
0.5715439666666666
0.4523413333333333
-0.4659681666666667
0.9183095
0.11920263333333334
1.4285714285714286

0.28333763333333334
0.1392339
-0.5342663000000001
0.6735002
0.14410373333333334
2.0

0.26653106666666665
0.034989099999999995
-0.23812336666666667
0.27311246666666666
0.23154196666666668
2.8

0.11862146666666666
0.03262143333333333
-0.29744390000000004
0.3300653333333333
0.08600003333333334
2.4615384615384617

0.16680923333333333
0.052363966666666664
-0.28942670000000004
0.3417906666666667
0.11444526666666666
2.727272727272727

0.13711546666666669
0.032257466666666665
-0.21394426666666666
0.24620173333333334
0.104858
2.3333333333333335

0.08040789999999999
0.024415866666666664
-0.19493386666666668
0.21934973333333332
0.05599203333333333
2.5833333333333335

0.11784363333333334
0.0416744
-0.17365356666666668
0.21532796666666668
0.07616923333333334
2.0

0.2785612333333333
0.21087833333333333
-0.17103136666666666
0.3819097
0.06768289999999999
2.3846153846153846

0.1030196
0.0200209
-0.15997813333333333
0.17999903333333334
0.0829987
1.8666666666666667
