
0.24234443333333333
0.0451631
-0.7037755333333333
0.7489386333333333
0.19718133333333335
1.4285714285714286

0.46407836666666663
0.06726453333333333
-0.26405323333333336
0.3313177666666667
0.3968138333333333
2.0

0.22510676666666665
0.09781983333333333
-0.28014006666666663
0.3779599
0.12728693333333332
2.8

0.11442233333333333
0.033903300000000004
-0.2817752666666667
0.31567856666666666
0.08051903333333334
2.4615384615384617

0.2536285
0.04026323333333333
-0.25713379999999997
0.29739703333333334
0.21336526666666666
2.727272727272727

0.17538313333333333
0.027517233333333335
-0.6146641333333333
0.6421813666666667
0.1478659
2.3333333333333335

0.17643243333333333
0.026043633333333337
-0.2111276
0.23717123333333334
0.1503888
2.5833333333333335

0.1081635
0.0286073
-0.1636669
0.1922742
0.0795562
2.0

0.10691013333333334
0.0256178
-0.1862623
0.21188010000000002
0.08129233333333333
2.3846153846153846

0.09710483333333333
0.0221576
-0.15317403333333332
0.17533163333333332
0.07494723333333334
1.8666666666666667
