
0.16582239999999998
0.04580476666666667
-0.7790057666666668
0.8248105333333333
0.12001763333333333
1.4285714285714286

0.13031646666666666
0.0365287
-0.23050863333333332
0.2670373333333333
0.09378776666666666
2.0

0.3046580333333333
0.1872135666666667
-0.2557446666666667
0.44295823333333334
0.11744446666666666
2.8

0.2682828
0.19228196666666666
-0.2941744666666667
0.4864564333333333
0.07600083333333332
2.4615384615384617

0.7008290333333334
0.36977873333333333
-0.26540393333333334
0.6351826666666667
0.33105029999999996
2.727272727272727

0.12617353333333334
0.026544066666666664
-0.2123109
0.23885496666666667
0.09962946666666667
2.3333333333333335

0.10438293333333333
0.0240603
-0.1683760333333333
0.19243633333333335
0.08032263333333334
2.5833333333333335

0.12351506666666666
0.02656733333333333
-0.15698123333333333
0.1835485666666667
0.09694773333333334
2.0

0.1006007
0.032386033333333335
-0.20707116666666667
0.2394572
0.06821466666666667
2.3846153846153846

0.09813569999999999
0.0208499
-0.15918293333333333
0.18003283333333334
0.0772858
1.8666666666666667
