
0.23828713333333335
0.09657673333333333
-0.6491257333333332
0.7457024666666666
0.1417104
1.4285714285714286

0.1427796
0.04420946666666667
-0.24623126666666667
0.2904407333333333
0.09857013333333334
2.0

0.14282083333333334
0.0324264
-0.2581615666666667
0.2905879666666667
0.11039443333333333
2.8

0.1101605
0.031356
-0.29072953333333335
0.32208553333333334
0.0788045
2.4615384615384617

0.2902126666666667
0.1778348
-0.27040420000000004
0.448239
0.11237786666666667
2.727272727272727

0.13044873333333334
0.0261762
-0.23246273333333334
0.2586389333333333
0.10427253333333333
2.3333333333333335

0.14506333333333335
0.03396963333333333
-0.19134553333333332
0.22531516666666665
0.1110937
2.5833333333333335

0.115839
0.021414633333333336
-0.171185
0.19259963333333333
0.09442436666666666
2.0

0.10372669999999999
0.02633366666666667
-0.1641640666666667
0.19049773333333334
0.07739303333333335
2.3846153846153846

0.09910436666666667
0.019258833333333333
-0.143305
0.16256383333333335
0.07984553333333334
1.8666666666666667
