
0.2182538
0.0626502
-0.7896110333333334
0.8522612333333333
0.1556036
1.4285714285714286

0.09108163333333333
0.029521333333333333
-0.2519624
0.2814837333333333
0.061560300000000005
2.0

0.1279632
0.03551336666666667
-0.4703751
0.5058884666666666
0.09244983333333333
2.8

0.25159976666666667
0.15343776666666667
-0.24712663333333332
0.40056440000000004
0.098162
2.4615384615384617

0.49058906666666663
0.3722123333333333
-0.30256073333333333
0.6747730666666667
0.11837673333333333
2.727272727272727

0.17923170000000002
0.04128506666666667
-0.2940972333333333
0.33538229999999997
0.13794663333333332
2.3333333333333335

0.0976115
0.042294533333333335
-0.20730479999999998
0.24959933333333334
0.05531696666666667
2.5833333333333335

0.1752405
0.024311933333333334
-0.3606006666666667
0.3849126
0.15092856666666668
2.0

0.08574796666666666
0.021891166666666666
-0.165134
0.18702516666666666
0.0638568
2.3846153846153846

0.1036171
0.0235554
-0.1519117
0.17546710000000001
0.0800617
1.8666666666666667
