
0.23890166666666665
0.05933443333333333
-0.5774227333333333
0.6367571666666666
0.17956723333333333
1.4285714285714286

0.24729666666666666
0.13531913333333334
-0.315968
0.45128713333333337
0.11197753333333334
2.0

0.2012324
0.08175210000000001
-0.9671474333333333
1.0488995333333335
0.1194803
2.8

0.10454719999999999
0.032646933333333336
-0.22635
0.25899693333333335
0.07190026666666666
2.4615384615384617

0.13858620000000002
0.03533783333333334
-0.1967214333333333
0.23205926666666665
0.10324836666666667
2.727272727272727

0.12867676666666666
0.0280232
-0.16397029999999999
0.1919935
0.10065356666666667
2.3333333333333335

0.25491379999999997
0.18450203333333332
-0.19889666666666667
0.38339870000000004
0.07041176666666667
2.5833333333333335

0.12378233333333333
0.057848
-0.16182786666666668
0.21967586666666666
0.06593433333333333
2.0

0.12729596666666665
0.033440733333333326
-0.22414666666666666
0.2575874
0.09385523333333334
2.3846153846153846

0.11836443333333334
0.029930766666666667
-0.1826121
0.21254286666666666
0.08843366666666667
1.8666666666666667
