
0.31461836666666665
0.038220699999999996
-0.7135333
0.751754
0.2763976666666667
1.4285714285714286

0.4716916
0.30277156666666666
-0.3149131333333334
0.6176847
0.16892003333333333
2.0

0.1482019333333333
0.03508626666666667
-0.27155493333333336
0.3066412
0.11311566666666667
2.8

0.20025426666666665
0.12131036666666667
-0.29120893333333336
0.4125193
0.0789439
2.4615384615384617

0.5439510666666667
0.4139520333333333
-0.27488493333333336
0.6888369666666667
0.12999903333333335
2.727272727272727

0.20395670000000002
0.06905760000000001
-0.2406232
0.3096808
0.1348991
2.3333333333333335

0.07835346666666666
0.025881066666666664
-0.20514929999999998
0.23103036666666668
0.0524724
2.5833333333333335

0.12717536666666668
0.053174
-0.19193966666666665
0.24511366666666665
0.07400136666666667
2.0

0.08938666666666667
0.024231066666666665
-0.17750896666666668
0.20174003333333332
0.0651556
2.3846153846153846

0.10268089999999999
0.020364766666666666
-0.15602006666666668
0.17638483333333335
0.08231613333333333
1.8666666666666667
