
0.3362297
0.19347173333333334
-0.5143058333333334
0.7077775666666667
0.14275796666666668
1.4285714285714286

0.14859563333333334
0.034437166666666665
-0.37498156666666665
0.40941873333333334
0.11415846666666667
2.0

0.24636676666666665
0.13048886666666668
-0.3194610333333333
0.4499499
0.11587789999999999
2.8

0.18430463333333333
0.123289
-0.26277056666666665
0.38605956666666663
0.06101563333333333
2.4615384615384617

0.4586111
0.21742286666666666
-0.19907023333333335
0.41649309999999995
0.24118823333333334
2.727272727272727

0.11591786666666667
0.02165033333333333
-0.16363463333333333
0.18528496666666666
0.09426753333333333
2.3333333333333335

0.07761906666666667
0.024174233333333333
-0.18883433333333335
0.21300856666666668
0.05344483333333334
2.5833333333333335

0.11774156666666667
0.0496475
-0.1932684
0.2429159
0.06809406666666666
2.0

0.08996710000000001
0.024420666666666667
-0.19211126666666667
0.21653193333333332
0.06554643333333333
2.3846153846153846

0.10999916666666668
0.02146683333333333
-0.14592370000000002
0.1673905333333333
0.08853233333333332
1.8666666666666667
