
0.23323133333333335
0.07950156666666666
-0.7385029000000001
0.8180044666666667
0.15372976666666666
1.4285714285714286

0.2718205
0.1261947
-0.2819931666666667
0.4081878666666666
0.1456258
2.0

0.3478042333333333
0.2034575
-0.32073890000000005
0.5241964
0.14434673333333334
2.8

0.14347643333333332
0.0422514
-0.3279149333333333
0.3701663333333333
0.10122503333333334
2.4615384615384617

0.3111914666666667
0.1658744
-0.3056831
0.4715575
0.1453170666666667
2.727272727272727

0.2563646333333333
0.11763696666666666
-0.29326490000000005
0.4109018666666666
0.13872766666666667
2.3333333333333335

0.2690511
0.1767394333333333
-0.3006912
0.47743063333333335
0.09231166666666667
2.5833333333333335

0.16840446666666667
0.0314525
-0.217396
0.2488485
0.13695196666666667
2.0

0.2592989333333333
0.15424943333333332
-0.25036010000000003
0.4046095333333333
0.1050495
2.3846153846153846

0.11890313333333333
0.026218599999999998
-0.17861470000000002
0.2048333
0.09268453333333335
1.8666666666666667
