
0.23820236666666667
0.11736956666666666
-0.4862451666666667
0.6036147333333333
0.1208328
1.4285714285714286

0.24268933333333334
0.1618900666666667
-0.35398490000000005
0.5158749666666667
0.08079926666666666
2.0

0.286151
0.17316986666666667
-0.21321883333333333
0.38638870000000003
0.11298113333333333
2.8

0.1187524
0.0350402
-0.26867183333333333
0.30371203333333335
0.0837122
2.4615384615384617

0.2000243
0.09614589999999999
-0.20429083333333334
0.3004367333333333
0.1038784
2.727272727272727

0.11509736666666667
0.026304933333333336
-0.1754899
0.20179483333333334
0.08879243333333334
2.3333333333333335

0.13738436666666667
0.0263222
-0.2013354333333333
0.22765763333333333
0.11106216666666667
2.5833333333333335

0.10440623333333333
0.019711933333333334
-0.15474573333333333
0.17445766666666665
0.0846943
2.0

0.15132973333333333
0.027869633333333334
-0.36479809999999996
0.3926677333333333
0.1234601
2.3846153846153846

0.17640026666666667
0.021840166666666667
-0.15858916666666667
0.18042933333333333
0.1545601
1.8666666666666667
