
0.3881128333333333
0.25966866666666666
-0.5229917333333334
0.7826604
0.12844416666666666
1.4285714285714286

0.24320563333333334
0.05099943333333334
-0.33280946666666666
0.3838089
0.19220620000000002
2.0

0.20148629999999998
0.03945456666666666
-0.32208323333333333
0.36153779999999996
0.16203173333333334
2.8

0.205082
0.1372265
-0.28719723333333336
0.42442373333333333
0.0678555
2.4615384615384617

0.3696353333333333
0.27289936666666664
-0.24589656666666668
0.5187959333333334
0.09673596666666666
2.727272727272727

0.2044745666666667
0.05926686666666667
-0.1879075
0.24717436666666667
0.14520770000000002
2.3333333333333335

0.10003146666666667
0.0286175
-0.2921085333333333
0.3207260333333333
0.07141396666666666
2.5833333333333335

0.09491323333333333
0.022061366666666665
-0.19691123333333332
0.21897260000000002
0.07285186666666667
2.0

0.10103316666666667
0.024879666666666668
-0.1934585666666667
0.21833823333333333
0.0761535
2.3846153846153846

0.09750930000000001
0.021327866666666664
-0.18351973333333332
0.20484760000000002
0.07618143333333334
1.8666666666666667
