
0.2501929
0.11401936666666666
-0.46519163333333335
0.579211
0.13617353333333332
1.4285714285714286

0.17924733333333334
0.09495776666666667
-0.2999513333333333
0.39490909999999996
0.08428956666666666
2.0

0.4873918
0.3465541
-0.33282
0.6793741
0.1408377
2.8

0.14176136666666667
0.06361703333333334
-0.29511176666666666
0.3587288
0.07814433333333333
2.4615384615384617

0.2654873666666666
0.13791093333333332
-0.27413346666666666
0.41204440000000003
0.12757643333333332
2.727272727272727

0.16089683333333335
0.028307799999999998
-0.20713006666666667
0.23543786666666666
0.13258903333333333
2.3333333333333335

0.11276913333333333
0.0467657
-0.21367116666666666
0.26043686666666666
0.06600343333333333
2.5833333333333335

0.16461346666666668
0.05300153333333333
-0.2332757
0.2862772333333333
0.11161193333333333
2.0

0.11495093333333334
0.03202053333333333
-0.22725683333333335
0.2592773666666667
0.08293039999999999
2.3846153846153846

0.15311076666666668
0.06524473333333333
-0.16364803333333333
0.22889276666666666
0.08786603333333334
1.8666666666666667
