
0.39399086666666666
0.19100903333333333
-0.5426782333333333
0.7336872666666667
0.20298183333333333
1.4285714285714286

0.413562
0.3097740666666666
-0.2782305
0.5880045666666667
0.10378793333333333
2.0

0.2975025
0.060471866666666665
-0.24790233333333334
0.3083742
0.23703063333333332
2.8

0.27868636666666663
0.14694373333333333
-0.2759069
0.42285063333333334
0.13174263333333333
2.4615384615384617

0.37171196666666667
0.26721870000000003
-0.2292985
0.4965172
0.10449326666666667
2.727272727272727

0.19119933333333333
0.0808576
-0.25204920000000003
0.3329068
0.11034173333333333
2.3333333333333335

0.10911889999999999
0.023239033333333332
-0.20348126666666666
0.22672029999999999
0.08587986666666667
2.5833333333333335

0.08838253333333335
0.0217209
-0.21685386666666667
0.23857476666666666
0.06666163333333333
2.0

0.10178176666666666
0.029412266666666666
-0.17588786666666667
0.20530013333333333
0.0723695
2.3846153846153846

0.2345835
0.0942143
-0.16044853333333334
0.25466283333333334
0.1403692
1.8666666666666667
