
0.1904491
0.05179726666666667
-0.4845163333333333
0.5363136
0.13865183333333334
1.4285714285714286

0.11106533333333334
0.037554866666666666
-0.2631253333333333
0.3006802
0.07351046666666666
2.0

0.1525008
0.0345437
-0.2777601666666667
0.31230386666666665
0.11795710000000001
2.8

0.3844882333333333
0.31067870000000003
-0.24545793333333332
0.5561366333333333
0.07380953333333334
2.4615384615384617

0.38087706666666665
0.23706663333333333
-0.20768166666666665
0.4447483
0.14381043333333332
2.727272727272727

0.14595556666666668
0.033018900000000004
-0.19757726666666667
0.23059616666666666
0.11293666666666667
2.3333333333333335

0.07676803333333335
0.024052933333333335
-0.18054063333333334
0.20459356666666667
0.0527151
2.5833333333333335

0.09545016666666667
0.019689133333333334
-0.17044046666666668
0.1901296
0.07576103333333334
2.0

0.6887316666666666
0.0242275
-0.18392963333333334
0.20815713333333333
0.6645041666666667
2.3846153846153846

0.7475935333333333
0.019967
-0.16130953333333334
0.18127653333333332
0.7276265333333334
1.8666666666666667
