
0.19321973333333334
0.040452966666666666
-0.6169343333333334
0.6573873
0.15276676666666666
1.4285714285714286

0.1264485
0.056806199999999994
-0.3081741333333334
0.3649803333333333
0.0696423
2.0

0.15061883333333334
0.034170033333333336
-0.278426
0.3125960333333333
0.1164488
2.8

0.09015466666666667
0.026875933333333334
-0.2558503
0.28272623333333335
0.06327873333333334
2.4615384615384617

0.2175434333333333
0.03300073333333333
-0.2036125666666667
0.2366133
0.1845427
2.727272727272727

0.1969859333333333
0.024702166666666667
-0.19463366666666665
0.21933583333333334
0.17228376666666667
2.3333333333333335

0.0779139
0.0257371
-0.1786201
0.20435720000000002
0.0521768
2.5833333333333335

0.09407566666666667
0.0249068
-0.16534906666666668
0.19025586666666666
0.06916886666666666
2.0

0.095842
0.028468366666666665
-0.1910625333333333
0.2195309
0.06737363333333334
2.3846153846153846

0.09170933333333332
0.021442266666666668
-0.15690986666666668
0.17835213333333333
0.07026706666666667
1.8666666666666667
