
0.14096606666666667
0.039712366666666665
-0.5540806666666667
0.5937930333333333
0.1012537
1.4285714285714286

0.4337533333333333
0.034073933333333334
-0.8612677333333333
0.8953416666666666
0.3996794
2.0

0.15327663333333333
0.0405257
-0.25163583333333334
0.29216153333333333
0.11275093333333333
2.8

0.33014836666666664
0.2283394333333333
-0.2782944
0.5066338333333333
0.10180893333333334
2.4615384615384617

0.29166213333333335
0.19560460000000002
-0.18980626666666667
0.38541086666666663
0.09605753333333333
2.727272727272727

0.16299286666666668
0.0264257
-0.24559923333333333
0.27202493333333333
0.13656716666666666
2.3333333333333335

0.28559093333333335
0.0632795
-0.2996381666666667
0.3629176666666667
0.2223114333333333
2.5833333333333335

0.15149310000000002
0.06079003333333333
-0.20606613333333332
0.26685616666666667
0.09070306666666667
2.0

0.14173933333333336
0.0276587
-0.20933396666666668
0.23699266666666666
0.11408063333333333
2.3846153846153846

0.11863193333333333
0.022805799999999998
-0.20349636666666668
0.22630216666666667
0.09582613333333333
1.8666666666666667
