
0.2665169
0.0862141
-0.5402412666666667
0.6264553666666667
0.18030279999999999
1.4285714285714286

0.324033
0.0460459
-0.2803562
0.3264021
0.2779871
2.0

0.12649003333333333
0.028182099999999998
-0.27114963333333336
0.29933173333333335
0.09830793333333333
2.8

0.16616026666666667
0.10579773333333334
-0.24810716666666666
0.3539049
0.060362533333333336
2.4615384615384617

0.274686
0.18228366666666665
-0.19093343333333332
0.37321709999999997
0.09240233333333332
2.727272727272727

0.14100513333333334
0.04097763333333333
-0.19474336666666667
0.235721
0.1000275
2.3333333333333335

0.36247559999999995
0.17659206666666669
-0.25536366666666666
0.4319557333333333
0.18588353333333332
2.5833333333333335

0.13950306666666668
0.0287285
-0.16763003333333332
0.19635853333333333
0.11077456666666667
2.0

0.09077193333333333
0.0255492
-0.18991353333333333
0.21546273333333335
0.06522273333333332
2.3846153846153846

0.14603186666666668
0.05594983333333334
-0.1525503
0.20850013333333334
0.09008203333333334
1.8666666666666667
