
0.29924459999999997
0.054925800000000004
-0.4445496666666667
0.4994754666666667
0.24431879999999997
1.4285714285714286

0.1721059
0.039700033333333336
-0.3138581
0.35355813333333336
0.13240586666666668
2.0

0.15751313333333333
0.03785886666666667
-0.30434113333333335
0.3422
0.11965426666666666
2.8

0.1003338
0.0300965
-0.27878986666666666
0.30888636666666663
0.0702373
2.4615384615384617

0.16940776666666665
0.056745833333333336
-1.010424
1.0671698333333333
0.11266193333333334
2.727272727272727

0.15599873333333333
0.06072873333333333
-0.16965676666666665
0.2303855
0.09527
2.3333333333333335

0.24101243333333333
0.04206426666666667
-0.19267710000000002
0.23474136666666667
0.19894816666666665
2.5833333333333335

0.13556253333333332
0.06686946666666665
-0.19064016666666667
0.2575096333333333
0.06869306666666666
2.0

0.11206
0.026611533333333333
-0.17735096666666667
0.2039625
0.08544846666666665
2.3846153846153846

0.11554993333333334
0.020273233333333335
-0.15353429999999998
0.17380753333333332
0.09527669999999999
1.8666666666666667
