
0.19785733333333333
0.07745346666666666
-0.5168602666666666
0.5943137333333333
0.12040386666666666
1.4285714285714286

0.1374045
0.061161099999999996
-0.3264687333333333
0.38762983333333334
0.07624339999999999
2.0

0.18279426666666665
0.0494545
-0.36910703333333333
0.41856153333333335
0.13333976666666666
2.8

0.19214143333333333
0.1046174
-0.30228696666666666
0.40690436666666663
0.08752403333333333
2.4615384615384617

0.30894486666666665
0.21143346666666668
-0.9696134333333334
1.1810469
0.0975114
2.727272727272727

0.17251106666666668
0.0313496
-0.24689470000000002
0.2782443
0.14116146666666668
2.3333333333333335

0.33706273333333336
0.030383733333333333
-0.33002176666666666
0.3604055
0.306679
2.5833333333333335

0.14114829999999998
0.06697273333333334
-0.18358763333333333
0.25056036666666665
0.07417556666666666
2.0

0.11037746666666666
0.030694566666666666
-0.19128723333333333
0.22198179999999998
0.0796829
2.3846153846153846

0.1026703
0.021563333333333334
-0.15870686666666667
0.18027020000000002
0.08110696666666665
1.8666666666666667
