
0.3356070333333333
0.0976054
-0.7636556
0.861261
0.23800163333333332
1.4285714285714286

0.2664497333333333
0.0381053
-0.3329379666666667
0.37104326666666665
0.22834443333333332
2.0

0.21085883333333336
0.040412800000000006
-0.4012883
0.44170109999999996
0.17044603333333333
2.8

0.2550017333333333
0.14334556666666667
-0.3899876
0.5333331666666666
0.11165616666666667
2.4615384615384617

0.4264037333333333
0.28026070000000003
-0.35814793333333333
0.6384086333333333
0.14614303333333334
2.727272727272727

0.3090154666666667
0.16730873333333335
-0.2520579666666667
0.41936670000000004
0.14170673333333333
2.3333333333333335

0.1767133
0.08364626666666666
-0.27067776666666665
0.35432403333333334
0.09306703333333334
2.5833333333333335

0.14187583333333334
0.0445349
-0.25459503333333333
0.2991299333333334
0.09734093333333334
2.0

0.2605953
0.15341166666666667
-0.25615103333333333
0.4095627
0.10718363333333333
2.3846153846153846

0.13399293333333331
0.025352633333333336
-0.202442
0.22779463333333333
0.10864030000000001
1.8666666666666667
