
0.16754456666666667
0.03866443333333333
-0.4255134666666667
0.46417790000000003
0.12888013333333334
1.4285714285714286

0.23335793333333332
0.05114226666666667
-0.28492406666666664
0.3360663333333333
0.18221566666666666
2.0

0.15404576666666667
0.04019606666666667
-0.2863853
0.32658136666666665
0.1138497
2.8

0.1487604
0.08476413333333332
-0.26213966666666666
0.3469038
0.06399626666666668
2.4615384615384617

0.4498132
0.12334246666666666
-0.24585493333333333
0.3691974
0.3264707333333333
2.727272727272727

0.2182324333333333
0.025120933333333335
-0.2426146
0.26773553333333333
0.1931115
2.3333333333333335

0.4014783
0.3441608666666666
-0.22544883333333335
0.5696097
0.057317433333333334
2.5833333333333335

0.1467011
0.059610833333333335
-0.2188203
0.27843113333333336
0.08709026666666667
2.0

0.10786676666666667
0.0309056
-0.20319653333333332
0.23410213333333332
0.07696116666666668
2.3846153846153846

0.1980833
0.0285479
-0.1775298
0.2060777
0.1695354
1.8666666666666667
