
0.3979660666666667
0.11295816666666667
-0.5449917333333333
0.6579499
0.28500790000000004
1.4285714285714286

0.16642253333333332
0.06115893333333333
-0.28209143333333336
0.34325036666666664
0.10526360000000001
2.0

0.15783746666666668
0.0386274
-0.2587967
0.29742409999999997
0.11921006666666667
2.8

0.333148
0.24635553333333332
-0.3005059666666667
0.5468615
0.08679246666666666
2.4615384615384617

0.3947891666666667
0.2776309666666667
-0.24680946666666667
0.5244404333333333
0.1171582
2.727272727272727

0.14967513333333332
0.024981033333333333
-0.23564083333333335
0.26062186666666665
0.1246941
2.3333333333333335

0.13589423333333334
0.06696303333333334
-0.23790913333333333
0.30487216666666667
0.0689312
2.5833333333333335

0.1241992
0.04354513333333333
-0.17389136666666666
0.2174365
0.08065406666666666
2.0

0.2007204333333333
0.03243463333333334
-0.1858041
0.21823873333333332
0.16828579999999999
2.3846153846153846

0.1192177
0.023376366666666665
-0.1849863
0.20836266666666667
0.09584133333333333
1.8666666666666667
