
0.3312643
0.0429951
-0.47809973333333333
0.5210948333333333
0.2882692
1.4285714285714286

0.21280529999999998
0.0451305
-0.32782633333333333
0.3729568333333333
0.16767479999999998
2.0

0.14988626666666666
0.04105993333333333
-0.2775899666666667
0.31864990000000004
0.10882633333333333
2.8

0.25729046666666666
0.17591316666666665
-0.2966186666666667
0.4725318333333333
0.0813773
2.4615384615384617

0.39381873333333334
0.23650063333333332
-0.2570908333333333
0.4935914666666667
0.15731810000000002
2.727272727272727

0.21109996666666667
0.10323953333333334
-0.22201486666666667
0.3252544
0.10786043333333334
2.3333333333333335

0.3199384333333333
0.07811
-1.4163322
1.4944422
0.24182843333333331
2.5833333333333335

0.1726218
0.05491906666666667
-0.22682476666666665
0.2817438333333333
0.11770273333333334
2.0

0.11732593333333334
0.04081233333333333
-0.20592383333333333
0.24673616666666665
0.0765136
2.3846153846153846

0.11778369999999999
0.022601733333333332
-0.20183593333333333
0.22443766666666665
0.09518196666666666
1.8666666666666667
