
0.16978466666666667
0.031752333333333334
-0.44400523333333336
0.47575756666666663
0.13803233333333334
1.4285714285714286

0.47839163333333334
0.3004215333333333
-0.3402628
0.6406843333333334
0.1779701
2.0

0.15441416666666666
0.03691233333333334
-0.24856496666666666
0.2854773
0.11750183333333333
2.8

0.16933886666666667
0.10881706666666667
-0.228174
0.33699106666666667
0.0605218
2.4615384615384617

0.27930716666666666
0.19182436666666666
-0.20956613333333332
0.4013905
0.0874828
2.727272727272727

0.16752826666666668
0.025947033333333334
-0.2356186
0.2615656333333333
0.14158123333333333
2.3333333333333335

0.08902356666666666
0.023192133333333333
-0.18475696666666666
0.2079491
0.06583143333333333
2.5833333333333335

0.08590896666666666
0.028080566666666664
-0.16736120000000002
0.19544176666666666
0.0578284
2.0

0.1829439
0.0885765
-0.2858064
0.3743829
0.09436739999999999
2.3846153846153846

0.11510023333333334
0.020980233333333334
-0.17040296666666668
0.1913832
0.09412
1.8666666666666667
