
0.18534133333333333
0.0661805
-0.4918677
0.5580482
0.11916083333333333
1.4285714285714286

0.2999768333333333
0.04382953333333333
-0.2928966333333334
0.33672616666666666
0.25614729999999997
2.0

0.1705979
0.04570623333333333
-0.3033594333333334
0.34906566666666666
0.12489166666666666
2.8

0.18495266666666665
0.11551736666666666
-0.30599706666666665
0.4215144333333333
0.0694353
2.4615384615384617

0.3004304666666667
0.19666886666666666
-0.205289
0.40195786666666666
0.10376160000000001
2.727272727272727

0.18638463333333333
0.060548333333333336
-0.21304936666666666
0.2735977
0.1258363
2.3333333333333335

0.11209956666666666
0.04321796666666667
-0.22284210000000002
0.26606006666666665
0.0688816
2.5833333333333335

0.1657493
0.08342616666666668
-0.22215366666666667
0.30557983333333333
0.08232313333333333
2.0

0.11803693333333333
0.031419666666666665
-0.17637686666666666
0.20779653333333334
0.08661726666666666
2.3846153846153846

0.1475359333333333
0.036788
-0.19625103333333332
0.2330390333333333
0.11074793333333334
1.8666666666666667
