
0.40949046666666666
0.06371373333333333
-0.4982351
0.5619488333333333
0.34577673333333336
1.4285714285714286

0.5346396999999999
0.036563
-0.29390856666666665
0.33047156666666666
0.49807670000000004
2.0

0.2976046666666667
0.16600320000000002
-0.3243531333333334
0.49035633333333334
0.13160146666666667
2.8

0.14605220000000002
0.0335639
-0.25771876666666665
0.2912826666666667
0.1124883
2.4615384615384617

0.5061511666666667
0.10694993333333333
-0.2404653
0.34741523333333335
0.39920123333333335
2.727272727272727

0.34484336666666665
0.1413250666666667
-0.4111316
0.5524566666666666
0.20351829999999999
2.3333333333333335

0.10534476666666666
0.0331464
-0.24367426666666667
0.27682066666666666
0.07219836666666667
2.5833333333333335

0.13821393333333332
0.048754599999999995
-0.20997646666666667
0.2587310666666667
0.08945933333333334
2.0

0.1247203
0.03172333333333333
-0.19599526666666667
0.2277186
0.09299696666666667
2.3846153846153846

0.10922276666666667
0.0225777
-0.17690156666666668
0.19947926666666665
0.08664506666666666
1.8666666666666667
